$SPEC_ID:
137CS,1uC
$MEAS_TIM:
0.02 0.02
$DATE_MEA:
10/3/2017 10:45:49 AM
$DATA:
0 1023
475255
583369
653202
692023
712739
712713
692212
665317
740457
1403081
2888126
3441272
2153045
1082526
625772
472358
450927
466365
482612
499786
513388
528584
541510
556909
576455
597598
616151
631767
645283
661643
669170
676832
685118
688081
695047
699432
705614
711343
718546
723704
728792
732805
738470
740392
743965
743721
741592
741139
739246
732878
729975
725633
723320
721961
725155
734245
742999
754049
768789
780764
786786
782143
776083
768487
761553
755313
755382
756100
755950
755099
752200
744244
735433
727965
716331
703378
686805
671163
656178
639261
619034
600793
582363
566814
549435
535185
520503
506479
492975
479821
467065
454179
442855
430650
419676
409729
398432
388238
380110
370562
362525
353998
345996
341559
334077
328811
322966
317071
313006
307844
304971
302868
300343
298127
296819
297162
295447
295861
296778
297822
299038
301723
301371
305332
307612
308335
311398
313874
315145
317434
317604
315385
314641
310612
307827
302613
295119
283358
271479
260164
248464
236110
221959
209360
197055
186123
176173
168153
161045
154679
148846
143760
139640
134900
131988
128600
124933
122165
118920
116325
113736
110957
108566
106462
104311
102245
100039
98307
96743
95254
93669
91622
90386
88869
87999
86420
86631
87965
89850
95379
104477
118641
140667
171088
215047
271671
346646
439709
550786
679435
819958
969679
1119579
1261303
1386618
1486256
1555526
1576022
1561253
1502988
1413188
1288915
1147378
995158
840215
688775
551256
427709
324242
239352
172273
119374
81514
52958
34554
21655
12958
7649
4481
2643
1466
692
408
178
76
17
0
0
0
0
0
1
1
0
0
0
0
0
0
0
0
0
0
0
0
0
0
0
0
0
0
0
0
0
0
0
0
0
0
0
0
0
0
0
0
0
0
0
0
0
0
0
0
0
0
0
0
0
0
0
0
0
0
0
0
0
0
0
0
0
0
0
0
0
0
0
0
0
0
0
0
0
0
0
0
0
0
0
0
0
0
0
0
0
0
0
0
0
0
0
0
0
0
0
0
0
0
0
0
0
0
0
0
0
0
0
0
0
0
0
0
0
0
0
0
0
0
0
0
0
0
0
0
0
0
0
0
0
0
0
0
0
0
0
0
0
0
0
0
0
0
0
0
0
0
0
0
0
0
0
0
0
0
0
0
0
0
0
0
0
0
0
0
0
0
0
0
0
0
0
0
0
0
0
0
0
0
0
0
0
0
0
0
0
0
0
0
0
0
0
0
0
0
0
0
0
0
0
0
0
0
0
0
0
0
0
0
0
0
0
0
0
0
0
0
0
0
0
0
0
0
0
0
0
0
0
0
0
0
0
0
0
0
0
0
0
0
0
0
0
0
0
0
0
0
0
0
0
0
0
0
0
0
0
0
0
0
0
0
0
0
0
0
0
0
0
0
0
0
0
0
0
0
0
0
0
0
0
0
0
0
0
0
0
0
0
0
0
0
0
0
0
0
0
0
0
0
0
0
0
0
0
0
0
0
0
0
0
0
0
0
0
0
0
0
0
0
0
0
0
0
0
0
0
0
0
0
0
0
0
0
0
0
0
0
0
0
0
0
0
0
0
0
0
0
0
0
0
0
0
0
0
0
0
0
0
0
0
0
0
0
0
0
0
0
0
0
0
0
0
0
0
0
0
0
0
0
0
0
0
0
0
0
0
0
0
0
0
0
0
0
0
0
0
0
0
0
0
0
0
0
0
0
0
0
0
0
0
0
0
0
0
0
0
0
0
0
0
0
0
0
0
0
0
0
0
0
0
0
0
0
0
0
0
0
0
0
0
0
0
0
0
0
0
0
0
0
0
0
0
0
0
0
0
0
0
0
0
0
0
0
0
0
0
0
0
0
0
0
0
0
0
0
0
0
0
0
0
0
0
0
0
0
0
0
0
0
0
0
0
0
0
0
0
0
0
0
0
0
0
0
0
0
0
0
0
0
0
0
0
0
0
0
0
0
0
0
0
0
0
0
0
0
0
0
0
0
0
0
0
0
0
0
0
0
0
0
0
0
0
0
0
0
0
0
0
0
0
0
0
0
0
0
0
0
0
0
0
0
0
0
0
0
0
0
0
0
0
0
0
0
0
0
0
0
0
0
0
0
0
0
0
0
0
0
0
0
0
0
0
0
0
0
0
0
0
0
0
0
0
0
0
0
0
0
0
0
0
0
0
0
0
0
0
0
0
0
0
0
0
0
0
0
0
0
0
0
0
0
0
0
0
0
0
0
0
0
0
0
0
0
0
0
0
0
0
0
0
0
0
0
0
0
0
0
0
0
0
0
0
0
0
0
0
0
0
0
0
0
0
0
0
0
0
0
0
0
0
0
0
0
0
0
0
0
0
0
0
0
0
0
0
0
0
0
0
0
0
0
0
0
0
0
0
0
0
0
0
0
0
0
0
0
0
0
0
0
0
0
0
0
0
0
0
0
0
0
0
0
0
0
0
0
0
0
0
0
0
0
0
0
0
0
0
0
0
0
0
0
0
0
0
0
0
0
0
0
0
0
0
0
0
0
0
0
0
0
0
0
0
0
0
0
0
0
0
0
0
0
0
0
0
0
0
0
0
0
0
0
0
0
0
0
0
$MCA_CAL:
3
-37.4537111 3.5074193 0.00000268936151
$ENER_FIT:
-37.4537111 3.5074193 0.00000268936151
$MCA_CAL_DATA:
3
256 861
512 1759
768 2658
$CAMBIO:
Parent file specification: C:\GADRAS-DRF\Temp\parallelGUI2\137CS_1uC_spectrum.pcf
Successful read of spectrum: Yes
Error message: None
Warning: None
Information: None
Neutrons: 0
Number of spectral records in the parent file: 1
Record number of this spectrum in the parent file: 1
Date and time of acquisition read successfully from the original file: Yes
Live time read successfully from the original file: No (a default value is provided instead)
True time read successfully from the original file: No (a default value is provided instead)
GADRAS Tag character is:  
Version: 130122
Parent file type: Sandia GADRAS PCF
