$SPEC_ID:
None
$MEAS_TIM:
3600.00 3600.00
$DATE_MEA:
3/9/2018 5:22:25 PM
$DATA:
0 1193
1070.246
994.876
1099.804
3412.332
3201.883
2898.986
2695.364
2573.372
2580.871
2643.528
2785.917
2956.770
3156.939
3350.809
3564.219
3708.193
4005.947
4501.411
5098.968
5709.387
5949.771
6005.764
6016.460
6146.502
6279.512
6295.768
6108.009
5922.981
5767.531
5629.230
5488.698
5339.061
5169.855
4979.398
4802.043
4645.186
4498.304
4372.624
4279.154
4206.509
4139.149
4078.184
4020.976
3962.607
3901.024
3837.153
3771.104
3704.324
3638.599
3574.845
3512.799
3451.684
3390.935
3330.622
3270.970
3211.888
3153.212
3098.186
3048.691
3000.318
2950.792
2900.135
2847.148
2791.833
2736.598
2681.808
2626.744
2573.479
2523.605
2475.694
2428.922
2383.792
2340.437
2298.589
2259.001
2223.272
2196.005
2181.292
2173.934
2165.000
2143.487
2100.251
2039.168
1967.473
1889.581
1809.289
1732.718
1666.317
1611.061
1564.820
1525.642
1491.658
1461.884
1436.544
1415.465
1397.508
1381.290
1365.528
1348.797
1329.477
1305.655
1276.806
1244.666
1210.976
1177.037
1143.913
1112.992
1085.964
1064.051
1047.281
1035.318
1027.653
1023.431
1021.830
1021.524
1021.189
1019.159
1013.565
1002.693
985.944
963.318
935.268
903.658
870.439
837.291
805.475
776.209
750.227
727.942
709.629
694.582
681.899
670.742
660.771
651.666
643.094
634.769
626.358
617.718
608.950
600.200
591.528
582.975
574.532
566.301
558.436
551.119
544.430
538.207
532.317
526.604
521.088
515.764
510.591
505.469
500.234
494.781
489.089
483.228
477.233
471.276
465.542
460.267
455.577
451.398
447.675
444.318
441.294
438.539
436.017
433.516
430.738
427.355
423.137
418.186
412.632
406.602
400.245
393.706
387.164
380.750
374.633
369.005
364.011
359.783
356.399
353.935
352.452
351.909
352.258
353.407
355.286
357.804
360.892
364.438
368.276
372.113
375.683
378.690
381.014
382.752
383.921
384.548
384.330
382.837
379.586
374.210
366.946
358.218
348.483
338.151
327.470
316.554
305.575
294.709
284.150
274.142
264.914
256.692
249.472
243.185
237.748
233.099
229.131
225.723
222.795
220.224
217.939
215.896
214.070
212.409
210.880
209.448
208.093
206.770
205.457
204.192
202.978
201.866
200.874
200.007
199.218
198.473
197.749
197.005
196.226
195.393
194.499
193.519
192.463
191.347
190.188
189.000
187.798
186.605
185.426
184.277
183.169
182.104
181.054
180.002
178.925
177.823
176.664
175.453
174.189
172.856
171.450
169.985
168.451
166.854
165.196
163.503
161.794
160.100
158.449
156.867
155.365
153.946
152.624
151.396
150.268
149.230
148.283
147.408
146.600
145.850
145.168
144.554
144.000
143.531
143.138
142.834
142.628
142.537
142.564
142.715
142.996
143.390
143.898
144.498
145.209
145.965
146.752
147.515
148.231
148.842
149.343
149.703
149.891
149.903
149.704
149.319
148.755
148.065
147.262
146.393
145.462
144.515
143.557
142.626
141.726
140.878
140.061
139.217
138.328
137.341
136.232
134.978
133.614
132.145
130.603
128.989
127.326
125.625
123.872
122.086
120.258
118.403
116.523
114.665
112.846
111.108
109.465
107.957
106.581
105.328
104.211
103.218
102.355
101.611
100.988
100.464
100.045
99.708
99.462
99.279
99.186
99.154
99.184
99.285
99.437
99.656
99.925
100.272
100.670
101.141
101.667
102.259
102.892
103.569
104.284
105.013
105.761
106.483
107.165
107.759
108.247
108.594
108.786
108.814
108.709
108.461
108.100
107.618
107.038
106.368
105.600
104.759
103.834
102.850
101.800
100.728
99.663
98.644
97.692
96.859
96.157
95.550
94.986
94.404
93.747
92.944
91.957
90.768
89.434
87.978
86.465
84.912
83.378
81.872
80.378
78.888
77.365
75.815
74.194
72.508
70.768
69.019
67.285
65.609
64.023
62.562
61.230
60.013
58.902
57.870
56.908
55.998
55.126
54.278
53.455
52.642
51.841
51.036
50.226
49.412
48.591
47.780
46.976
46.193
45.431
44.700
44.005
43.351
42.737
42.174
41.661
41.204
40.807
40.472
40.202
39.991
39.848
39.768
39.757
39.812
39.941
40.148
40.438
40.813
41.277
41.840
42.504
43.289
44.211
45.285
46.522
47.947
49.565
51.403
53.465
55.785
58.366
61.226
64.390
67.864
71.658
75.736
80.097
84.695
89.527
94.555
99.770
105.110
110.509
115.884
121.137
126.207
130.990
135.424
139.410
142.890
145.788
148.039
149.552
150.281
150.129
149.076
147.161
144.493
141.161
137.237
132.835
128.023
122.909
117.537
111.974
106.264
100.464
94.610
88.770
82.983
77.296
71.759
66.409
61.291
56.439
51.905
47.720
43.929
40.516
37.467
34.760
32.376
30.293
28.491
26.953
25.652
24.568
23.674
22.947
22.360
21.890
21.511
21.201
20.945
20.734
20.557
20.404
20.267
20.134
19.997
19.849
19.688
19.514
19.329
19.132
18.925
18.707
18.480
18.244
18.001
17.756
17.507
17.261
17.017
16.779
16.549
16.330
16.120
15.925
15.742
15.576
15.426
15.295
15.183
15.092
15.024
14.979
14.959
14.965
14.999
15.063
15.157
15.279
15.429
15.605
15.804
16.026
16.268
16.529
16.805
17.096
17.397
17.706
18.017
18.331
18.642
18.947
19.244
19.526
19.792
20.030
20.242
20.416
20.550
20.637
20.673
20.657
20.587
20.476
20.325
20.135
19.916
19.670
19.404
19.116
18.816
18.500
18.175
17.836
17.491
17.139
16.784
16.424
16.066
15.710
15.356
15.011
14.674
14.350
14.038
13.743
13.466
13.206
12.961
12.732
12.519
12.319
12.132
11.958
11.797
11.645
11.503
11.370
11.244
11.123
11.007
10.895
10.785
10.675
10.568
10.464
10.361
10.263
10.168
10.080
9.994
9.916
9.843
9.775
9.709
9.647
9.586
9.524
9.462
9.397
9.331
9.260
9.187
9.113
9.038
8.960
8.884
8.808
8.732
8.658
8.587
8.519
8.452
8.389
8.330
8.276
8.227
8.182
8.144
8.111
8.082
8.059
8.040
8.025
8.013
8.005
8.000
7.996
7.997
8.002
8.013
8.029
8.053
8.085
8.126
8.177
8.239
8.313
8.395
8.488
8.591
8.702
8.822
8.949
9.085
9.227
9.375
9.527
9.684
9.844
10.004
10.167
10.328
10.487
10.643
10.795
10.945
11.086
11.223
11.351
11.471
11.581
11.682
11.774
11.850
11.917
11.972
12.020
12.054
12.081
12.101
12.112
12.115
12.110
12.101
12.085
12.062
12.035
12.003
11.966
11.923
11.878
11.828
11.774
11.719
11.658
11.595
11.526
11.456
11.381
11.302
11.220
11.133
11.045
10.951
10.858
10.763
10.669
10.576
10.483
10.395
10.308
10.227
10.148
10.073
9.997
9.921
9.844
9.764
9.679
9.589
9.493
9.389
9.278
9.163
9.043
8.920
8.795
8.669
8.543
8.418
8.296
8.177
8.062
7.951
7.845
7.744
7.648
7.559
7.476
7.401
7.331
7.270
7.210
7.151
7.087
7.014
6.930
6.829
6.711
6.568
6.401
6.205
5.989
5.757
5.515
5.269
5.023
4.786
4.561
4.354
4.172
4.017
3.887
3.779
3.690
3.618
3.558
3.509
3.467
3.430
3.393
3.355
3.316
3.274
3.231
3.186
3.139
3.090
3.038
2.985
2.929
2.871
2.811
2.751
2.690
2.631
2.575
2.521
2.473
2.429
2.392
2.362
2.340
2.328
2.323
2.329
2.344
2.369
2.405
2.452
2.511
2.581
2.664
2.758
2.867
2.989
3.125
3.276
3.442
3.624
3.821
4.035
4.266
4.515
4.779
5.058
5.352
5.659
5.978
6.307
6.647
6.996
7.353
7.718
8.086
8.456
8.823
9.186
9.539
9.879
10.205
10.510
10.796
11.053
11.284
11.485
11.655
11.796
11.905
11.985
12.030
12.046
12.027
11.978
11.894
11.776
11.630
11.451
11.247
11.017
10.766
10.493
10.200
9.892
9.569
9.234
8.888
8.534
8.173
7.806
7.438
7.067
6.697
6.329
5.966
5.608
5.257
4.917
4.585
4.265
3.955
3.657
3.371
3.097
2.838
2.591
2.360
2.143
1.943
1.756
1.584
1.426
1.280
1.147
1.025
0.913
0.812
0.721
0.638
0.563
0.496
0.436
0.383
0.336
0.294
0.258
0.226
0.198
0.173
0.152
0.133
0.117
0.102
0.090
0.079
0.070
0.062
0.056
0.050
0.045
0.041
0.038
0.035
0.032
0.029
0.027
0.025
0.024
0.023
0.021
0.021
0.020
0.019
0.019
0.019
0.019
0.019
0.018
0.018
0.018
0.018
0.018
0.018
0.018
0.018
0.018
0.018
0.018
0.018
0.018
0.018
0.018
0.018
0.018
0.018
0.018
0.018
0.018
0.018
0.018
0.018
0.018
0.018
0.018
0.018
0.018
0.018
0.018
0.018
0.018
0.018
0.018
0.018
0.018
0.018
0.018
0.017
0.017
0.017
0.017
0.017
0.017
0.017
0.017
0.017
0.017
0.017
0.017
0.017
0.016
0.016
0.016
0.016
0.016
0.016
0.015
0.015
0.015
0.015
0.015
0.014
0.014
0.014
0.014
0.013
0.013
0.013
0.013
0.012
0.012
0.012
0.011
0.011
0.011
0.010
0.010
0.010
0.009
0.009
0.009
0.008
0.008
0.008
0.007
0.007
0.007
0.006
0.006
0.006
0.006
0.005
0.005
0.005
0.005
0.004
0.004
0.004
0.004
0.004
0.003
0.003
0.003
0.003
0.003
0.002
0.002
0.002
0.002
0.002
0.002
0.002
0.002
0.002
0.001
0.001
0.001
0.001
0.001
0.001
0.001
0.001
0.001
0.001
0.001
0.001
0.001
0.001
0.001
0.001
0.001
0.000
0.000
0.000
0.000
0.000
0.000
0.000
0.000
0.000
0.000
0.000
0.000
0.000
0.000
0.000
0.000
0.000
0.000
0.000
0.000
0.000
0.000
0.000
0.000
0.000
0.000
0.000
0.000
0.000
0.000
0.000
0.000
0.000
0.000
0.000
0.000
0.000
0.000
0.000
0.000
0.000
0.000
0.000
0.000
0.000
0.000
0.000
0.000
0.000
0.000
0.000
0.000
0.000
0.000
0.000
0.000
0.000
0.000
0.000
0.000
0.000
0.000
0.000
0.000
0.000
0.000
0.000
0.000
0.000
0.000
0.000
0.000
0.000
0.000
0.000
0.000
0.000
0.000
0.000
0.000
0.000
0.000
0.000
0.000
0.000
$MCA_CAL:
3
-1.4656616 2.9313233 0.00000000000000
$ENER_FIT:
-1.4656616 2.9313233 0.00000000000000
$MCA_CAL_DATA:
3
298 872
597 1749
896 2625
$CAMBIO:
Parent file specification: C:\GADRAS-DRF\Temp\chicago_7.5_0.pcf
Successful read of spectrum: Yes
Error message: None
Warning: None
Information: None
Neutrons: 0
Number of spectral records in the parent file: 1
Record number of this spectrum in the parent file: 1
Date and time of acquisition read successfully from the original file: Yes
Live time read successfully from the original file: Yes
True time read successfully from the original file: Yes
GADRAS Tag character is:  
Version: 130122
Parent file type: Sandia GADRAS PCF
