$SPEC_ID:
None
$MEAS_TIM:
3600.00 3600.00
$DATE_MEA:
3/9/2018 5:22:25 PM
$DATA:
0 1193
1255.263
1165.277
1352.025
4211.858
4139.790
3815.877
3614.990
3492.500
3522.271
3622.835
3815.673
4038.944
4293.683
4533.758
4787.289
4950.671
5292.875
5867.709
6560.502
7266.313
7545.810
7608.995
7615.781
7766.876
7925.624
7937.114
7693.247
7455.486
7256.063
7077.997
6896.091
6701.644
6482.947
6243.145
6020.408
5823.389
5639.203
5479.730
5357.190
5258.898
5168.038
5086.313
5011.101
4936.465
4859.833
4782.161
4702.753
4622.941
4544.649
4468.775
4394.933
4322.172
4249.735
4177.520
4105.885
4034.794
3963.910
3897.244
3837.040
3777.427
3715.455
3651.223
3583.146
3511.207
3438.592
3366.037
3292.937
3221.955
3155.077
3090.522
3027.280
2966.019
2906.859
2849.385
2794.742
2745.245
2706.447
2683.136
2668.994
2653.126
2621.561
2562.596
2481.266
2386.938
2285.370
2181.504
2083.122
1998.372
1928.411
1870.435
1821.861
1780.202
1744.006
1713.231
1687.459
1665.366
1645.350
1625.852
1605.114
1581.069
1551.253
1514.976
1474.447
1431.890
1388.945
1346.953
1307.687
1273.323
1245.417
1223.908
1208.270
1197.870
1191.745
1188.955
1187.904
1186.982
1184.110
1176.897
1163.153
1142.131
1113.827
1078.836
1039.495
998.264
957.245
918.007
882.062
850.282
823.136
800.918
782.765
767.579
754.336
742.599
731.952
721.967
712.260
702.403
692.205
681.806
671.399
661.071
650.881
640.825
631.037
621.722
613.115
605.324
598.159
591.459
585.036
578.895
573.011
567.321
561.700
555.952
549.952
543.704
537.329
530.910
524.674
518.869
513.792
509.619
506.296
503.787
502.001
500.821
500.066
499.586
498.972
497.664
495.067
490.767
484.934
477.806
469.615
460.630
451.119
441.389
431.700
422.383
413.802
406.262
399.983
395.049
391.537
389.504
388.871
389.537
391.351
394.192
397.910
402.385
407.448
412.861
418.244
423.239
427.465
430.773
433.288
435.050
436.099
436.058
434.377
430.449
423.811
414.766
403.866
391.700
378.795
365.460
351.836
338.134
324.564
311.381
298.896
287.405
277.198
268.271
260.528
253.865
248.193
243.379
239.276
235.778
232.733
230.052
227.676
225.566
223.654
221.900
220.262
218.718
217.220
215.744
214.334
213.001
211.801
210.763
209.886
209.114
208.402
207.716
207.007
206.255
205.434
204.536
203.530
202.428
201.249
200.015
198.745
197.454
196.174
194.911
193.690
192.522
191.408
190.311
189.209
188.073
186.897
185.645
184.320
182.919
181.422
179.826
178.147
176.377
174.527
172.600
170.628
168.637
166.662
164.740
162.902
161.161
159.520
157.996
156.584
155.292
154.110
153.037
152.055
151.156
150.333
149.596
148.945
148.376
147.912
147.547
147.297
147.168
147.182
147.341
147.654
148.123
148.732
149.479
150.342
151.337
152.388
153.471
154.522
155.508
156.359
157.064
157.585
157.880
157.943
157.728
157.264
156.567
155.699
154.683
153.574
152.386
151.171
149.942
148.743
147.587
146.498
145.451
144.380
143.257
142.023
140.648
139.102
137.427
135.628
133.739
131.764
129.726
127.641
125.493
123.305
121.069
118.801
116.508
114.243
112.031
109.918
107.925
106.098
104.432
102.918
101.567
100.365
99.318
98.412
97.648
97.004
96.486
96.070
95.763
95.538
95.420
95.382
95.423
95.551
95.748
96.028
96.373
96.810
97.313
97.901
98.557
99.290
100.072
100.907
101.786
102.685
103.606
104.494
105.329
106.054
106.643
107.053
107.264
107.272
107.109
106.773
106.296
105.675
104.937
104.091
103.133
102.089
100.950
99.743
98.463
97.153
95.845
94.577
93.371
92.279
91.314
90.455
89.665
88.900
88.120
87.272
86.331
85.281
84.163
82.989
81.810
80.631
79.496
78.407
77.346
76.305
75.248
74.179
73.056
71.881
70.657
69.417
68.172
66.953
65.780
64.678
63.647
62.678
61.769
60.902
60.072
59.269
58.486
57.709
56.946
56.181
55.421
54.653
53.878
53.098
52.313
51.537
50.770
50.027
49.307
48.621
47.973
47.369
46.804
46.292
45.829
45.420
45.069
44.778
44.547
44.372
44.261
44.207
44.217
44.286
44.419
44.617
44.884
45.218
45.619
46.095
46.644
47.280
48.010
48.845
49.787
50.854
52.047
53.385
54.868
56.525
58.355
60.371
62.593
65.023
67.672
70.511
73.548
76.746
80.107
83.604
87.234
90.952
94.713
98.459
102.118
105.650
108.979
112.065
114.832
117.243
119.240
120.776
121.784
122.233
122.049
121.221
119.774
117.786
115.323
112.435
109.205
105.680
101.940
98.014
93.953
89.787
85.557
81.289
77.032
72.814
68.669
64.633
60.735
57.006
53.470
50.168
47.120
44.360
41.876
39.662
37.702
35.984
34.491
33.211
32.134
31.239
30.509
29.922
29.458
29.095
28.815
28.594
28.415
28.266
28.139
28.026
27.916
27.807
27.686
27.547
27.385
27.201
26.992
26.766
26.518
26.256
25.975
25.682
25.377
25.062
24.742
24.418
24.097
23.777
23.465
23.163
22.875
22.598
22.340
22.098
21.877
21.675
21.498
21.347
21.221
21.125
21.058
21.024
21.022
21.056
21.127
21.237
21.383
21.565
21.780
22.024
22.297
22.595
22.919
23.261
23.622
23.996
24.380
24.767
25.159
25.547
25.926
26.297
26.648
26.978
27.275
27.538
27.753
27.918
28.023
28.063
28.039
27.945
27.800
27.605
27.361
27.079
26.764
26.424
26.055
25.671
25.268
24.852
24.420
23.979
23.531
23.078
22.620
22.162
21.709
21.258
20.818
20.389
19.975
19.577
19.201
18.847
18.516
18.202
17.910
17.637
17.381
17.142
16.919
16.713
16.517
16.335
16.163
16.001
15.845
15.696
15.550
15.409
15.267
15.129
14.994
14.862
14.734
14.612
14.497
14.386
14.284
14.189
14.100
14.015
13.933
13.853
13.772
13.691
13.607
13.519
13.427
13.332
13.235
13.137
13.036
12.935
12.836
12.738
12.641
12.548
12.459
12.371
12.289
12.212
12.140
12.074
12.015
11.964
11.920
11.880
11.848
11.822
11.799
11.782
11.769
11.760
11.753
11.752
11.756
11.767
11.785
11.813
11.853
11.902
11.965
12.042
12.135
12.238
12.355
12.483
12.624
12.775
12.935
13.107
13.286
13.473
13.665
13.865
14.066
14.269
14.475
14.678
14.880
15.077
15.270
15.459
15.636
15.809
15.970
16.121
16.259
16.385
16.499
16.594
16.677
16.744
16.802
16.843
16.874
16.896
16.906
16.906
16.897
16.881
16.857
16.823
16.786
16.740
16.689
16.630
16.569
16.502
16.429
16.354
16.273
16.188
16.097
16.005
15.906
15.801
15.694
15.580
15.465
15.342
15.221
15.097
14.975
14.854
14.733
14.620
14.506
14.402
14.299
14.201
14.103
14.004
13.905
13.801
13.691
13.574
13.450
13.316
13.173
13.025
12.870
12.711
12.548
12.387
12.224
12.062
11.905
11.751
11.602
11.457
11.321
11.190
11.065
10.949
10.841
10.744
10.653
10.572
10.494
10.416
10.332
10.236
10.128
9.996
9.842
9.657
9.439
9.187
8.906
8.607
8.294
7.976
7.658
7.351
7.060
6.792
6.556
6.355
6.186
6.045
5.928
5.834
5.754
5.689
5.632
5.583
5.532
5.482
5.430
5.373
5.316
5.256
5.194
5.127
5.059
4.989
4.915
4.838
4.759
4.680
4.599
4.522
4.448
4.377
4.313
4.255
4.206
4.166
4.136
4.118
4.111
4.117
4.134
4.165
4.210
4.268
4.342
4.430
4.535
4.655
4.793
4.947
5.121
5.313
5.524
5.757
6.008
6.282
6.577
6.895
7.233
7.590
7.965
8.357
8.765
9.186
9.622
10.068
10.524
10.991
11.462
11.935
12.405
12.869
13.320
13.755
14.172
14.563
14.928
15.256
15.551
15.807
16.023
16.202
16.340
16.441
16.497
16.515
16.489
16.424
16.315
16.161
15.972
15.739
15.476
15.178
14.854
14.501
14.123
13.726
13.309
12.877
12.430
11.974
11.508
11.035
10.560
10.082
9.605
9.130
8.662
8.200
7.748
7.309
6.881
6.469
6.068
5.684
5.315
4.961
4.626
4.308
4.010
3.729
3.470
3.228
3.006
2.801
2.612
2.439
2.281
2.136
2.005
1.886
1.778
1.680
1.593
1.515
1.445
1.383
1.328
1.280
1.238
1.200
1.168
1.139
1.114
1.092
1.072
1.055
1.040
1.027
1.016
1.006
0.998
0.991
0.984
0.979
0.974
0.969
0.965
0.961
0.958
0.955
0.952
0.949
0.947
0.945
0.944
0.942
0.941
0.940
0.939
0.938
0.937
0.935
0.934
0.933
0.932
0.931
0.930
0.929
0.928
0.928
0.926
0.926
0.924
0.924
0.922
0.922
0.920
0.919
0.918
0.917
0.917
0.915
0.915
0.914
0.912
0.912
0.911
0.910
0.909
0.908
0.907
0.906
0.905
0.904
0.903
0.902
0.901
0.900
0.898
0.897
0.896
0.895
0.894
0.893
0.892
0.891
0.890
0.889
0.888
0.887
0.886
0.884
0.883
0.882
0.881
0.880
0.879
0.878
0.876
0.875
0.874
0.873
0.871
0.870
0.869
0.867
0.866
0.865
0.863
0.862
0.861
0.860
0.858
0.857
0.855
0.854
0.853
0.851
0.850
0.848
0.847
0.846
0.844
0.843
0.841
0.840
0.839
0.837
0.836
0.835
0.833
0.832
0.831
0.830
0.828
0.827
0.826
0.825
0.823
0.822
0.821
0.820
0.818
0.817
0.816
0.815
0.814
0.813
0.811
0.810
0.809
0.808
0.807
0.806
0.805
0.804
0.803
0.802
0.801
0.800
0.799
0.798
0.797
0.796
0.795
0.794
0.793
0.792
0.791
0.790
0.789
0.788
0.788
0.787
0.786
0.785
0.784
0.784
0.783
0.782
0.782
0.781
0.781
0.780
0.779
0.779
0.779
0.778
0.778
0.777
0.777
0.777
0.777
0.776
0.776
0.776
0.776
0.776
0.776
0.776
0.777
0.777
0.777
0.778
0.778
0.778
0.779
0.780
0.780
0.781
0.782
0.782
0.783
0.784
0.784
0.785
0.785
0.785
0.786
0.786
0.786
0.785
0.785
0.785
0.784
0.784
0.783
0.783
0.782
0.781
0.780
0.779
0.778
0.777
0.775
0.773
0.771
0.768
0.764
0.760
0.754
0.748
0.740
0.731
0.721
0.710
0.697
0.684
0.670
0.656
0.642
0.629
0.617
0.606
0.597
0.589
0.584
$MCA_CAL:
3
-1.4656616 2.9313233 0.00000000000000
$ENER_FIT:
-1.4656616 2.9313233 0.00000000000000
$MCA_CAL_DATA:
3
298 872
597 1749
896 2625
$CAMBIO:
Parent file specification: C:\GADRAS-DRF\Temp\knoxville_7.5_1.pcf
Successful read of spectrum: Yes
Error message: None
Warning: None
Information: None
Neutrons: 0
Number of spectral records in the parent file: 1
Record number of this spectrum in the parent file: 1
Date and time of acquisition read successfully from the original file: Yes
Live time read successfully from the original file: Yes
True time read successfully from the original file: Yes
GADRAS Tag character is:  
Version: 130122
Parent file type: Sandia GADRAS PCF
