$SPEC_ID:
123I,1uC{26,1.53}
$MEAS_TIM:
3600.00 3600.00
$DATE_MEA:
3/9/2018 5:22:25 PM
$DATA:
0 1193
325.085
403.958
381.386
350.532
276.207
213.176
166.778
130.101
103.988
85.261
73.824
68.157
67.564
70.706
75.479
80.076
83.916
87.639
92.739
97.615
103.660
111.366
117.554
118.435
119.626
126.297
143.549
176.296
236.334
319.592
398.676
433.858
414.067
366.093
318.829
286.629
273.283
274.632
284.413
297.929
315.608
339.477
368.546
397.102
418.289
429.636
431.576
432.650
452.459
528.321
725.617
1076.950
1516.466
1857.332
1883.480
1555.451
1041.210
562.485
247.153
91.145
31.390
13.873
9.400
8.129
7.725
7.450
7.170
7.012
6.904
6.823
6.757
6.626
6.416
6.149
5.856
5.564
5.302
5.109
4.992
4.950
4.986
5.082
5.197
5.268
5.239
5.088
4.842
4.565
4.344
4.272
4.435
4.888
5.646
6.636
7.715
8.635
9.152
9.103
8.464
7.400
6.132
4.914
3.902
3.171
2.703
2.434
2.299
2.239
2.224
2.236
2.277
2.353
2.466
2.614
2.778
2.931
3.039
3.069
3.009
2.857
2.635
2.378
2.119
1.887
1.701
1.561
1.465
1.404
1.366
1.344
1.330
1.321
1.316
1.312
1.311
1.312
1.319
1.334
1.365
1.421
1.513
1.656
1.860
2.130
2.460
2.834
3.214
3.561
3.827
3.964
3.950
3.793
3.508
3.135
2.721
2.307
1.928
1.615
1.375
1.208
1.110
1.074
1.094
1.166
1.291
1.472
1.709
2.005
2.362
2.781
3.265
3.817
4.438
5.129
5.876
6.655
7.435
8.154
8.732
9.102
9.225
9.071
8.631
7.953
7.092
6.110
5.085
4.094
3.195
2.410
1.763
1.257
0.874
0.596
0.403
0.276
0.194
0.143
0.114
0.100
0.096
0.099
0.110
0.126
0.147
0.173
0.203
0.235
0.266
0.296
0.320
0.338
0.347
0.346
0.335
0.316
0.289
0.258
0.225
0.192
0.161
0.133
0.111
0.094
0.082
0.075
0.072
0.074
0.077
0.083
0.089
0.095
0.100
0.104
0.107
0.108
0.109
0.108
0.108
0.108
0.110
0.114
0.119
0.127
0.137
0.148
0.159
0.171
0.180
0.187
0.192
0.192
0.191
0.186
0.180
0.172
0.165
0.158
0.153
0.150
0.149
0.150
0.152
0.155
0.158
0.160
0.160
0.158
0.153
0.145
0.135
0.124
0.110
0.097
0.082
0.069
0.056
0.045
0.035
0.027
0.020
0.014
0.010
0.007
0.005
0.003
0.002
0.001
0.001
0.001
0.000
0.000
0.000
0.000
0.000
0.000
0.000
0.001
0.001
0.001
0.001
0.001
0.001
0.001
0.001
0.001
0.001
0.001
0.001
0.001
0.001
0.001
0.001
0.001
0.001
0.001
0.000
0.000
0.000
0.000
0.000
0.000
0.000
0.000
0.000
0.000
0.000
0.000
0.000
0.000
0.000
0.000
0.000
0.000
0.000
0.000
0.000
0.000
-0.000
-0.000
-0.000
-0.000
0.000
0.000
0.000
0.000
0.000
-0.000
-0.000
-0.000
-0.000
0.000
0.000
0.000
0
0
0
0
0
0
0
0
0
0
0
0
0
0
0
0
0
0
0
0
0
0
0
0
0
0
0
0
0
0
0
0
0
0
0
0
0
0
0
0
0
0
0
0
0
0
0
0
0
0
0
0
0
0
0
0
0
0
0
0
0
0
0
0
0
0
0
0
0
0
0
0
0
0
0
0
0
0
0
0
0
0
0
0
0
0
0
0
0
0
0
0
0
0
0
0
0
0
0
0
0
0
0
0
0
0
0
0
0
0
0
0
0
0
0
0
0
0
0
0
0
0
0
0
0
0
0
0
0
0
0
0
0
0
0
0
0
0
0
0
0
0
0
0
0
0
0
0
0
0
0
0
0
0
0
0
0
0
0
0
0
0
0
0
0
0
0
0
0
0
0
0
0
0
0
0
0
0
0
0
0
0
0
0
0
0
0
0
0
0
0
0
0
0
0
0
0
0
0
0
0
0
0
0
0
0
0
0
0
0
0
0
0
0
0
0
0
0
0
0
0
0
0
0
0
0
0
0
0
0
0
0
0
0
0
0
0
0
0
0
0
0
0
0
0
0
0
0
0
0
0
0
0
0
0
0
0
0
0
0
0
0
0
0
0
0
0
0
0
0
0
0
0
0
0
0
0
0
0
0
0
0
0
0
0
0
0
0
0
0
0
0
0
0
0
0
0
0
0
0
0
0
0
0
0
0
0
0
0
0
0
0
0
0
0
0
0
0
0
0
0
0
0
0
0
0
0
0
0
0
0
0
0
0
0
0
0
0
0
0
0
0
0
0
0
0
0
0
0
0
0
0
0
0
0
0
0
0
0
0
0
0
0
0
0
0
0
0
0
0
0
0
0
0
0
0
0
0
0
0
0
0
0
0
0
0
0
0
0
0
0
0
0
0
0
0
0
0
0
0
0
0
0
0
0
0
0
0
0
0
0
0
0
0
0
0
0
0
0
0
0
0
0
0
0
0
0
0
0
0
0
0
0
0
0
0
0
0
0
0
0
0
0
0
0
0
0
0
0
0
0
0
0
0
0
0
0
0
0
0
0
0
0
0
0
0
0
0
0
0
0
0
0
0
0
0
0
0
0
0
0
0
0
0
0
0
0
0
0
0
0
0
0
0
0
0
0
0
0
0
0
0
0
0
0
0
0
0
0
0
0
0
0
0
0
0
0
0
0
0
0
0
0
0
0
0
0
0
0
0
0
0
0
0
0
0
0
0
0
0
0
0
0
0
0
0
0
0
0
0
0
0
0
0
0
0
0
0
0
0
0
0
0
0
0
0
0
0
0
0
0
0
0
0
0
0
0
0
0
0
0
0
0
0
0
0
0
0
0
0
0
0
0
0
0
0
0
0
0
0
0
0
0
0
0
0
0
0
0
0
0
0
0
0
0
0
0
0
0
0
0
0
0
0
0
0
0
0
0
0
0
0
0
0
0
0
0
0
0
0
0
0
0
0
0
0
0
0
0
0
0
0
0
0
0
0
0
0
0
0
0
0
0
0
0
0
0
0
0
0
0
0
0
0
0
0
0
0
0
0
0
0
0
0
0
0
0
0
0
0
0
0
0
0
0
0
0
0
0
0
0
0
0
0
0
0
0
0
0
0
0
0
0
0
0
0
0
0
0
0
0
0
0
0
0
0
0
0
0
0
0
0
0
0
0
0
0
0
0
0
0
0
0
0
0
0
0
0
0
0
0
0
0
0
0
0
0
0
0
0
0
0
0
0
0
0
0
0
0
0
0
0
0
0
0
0
0
0
0
0
0
0
0
0
0
0
0
0
0
0
0
0
0
0
0
0
0
0
0
0
0
0
0
0
0
0
0
0
0
0
0
0
0
0
0
0
0
0
0
0
0
0
0
0
0
0
0
0
0
0
0
0
0
0
0
0
0
0
0
0
$MCA_CAL:
3
-1.4656616 2.9313233 0.00000000000000
$ENER_FIT:
-1.4656616 2.9313233 0.00000000000000
$MCA_CAL_DATA:
3
298 872
597 1749
896 2625
$CAMBIO:
Parent file specification: C:\GADRAS-DRF\Temp\123I_125.0_112.5_iron_1.53_6.0.pcf
Successful read of spectrum: Yes
Error message: None
Warning: None
Information: None
Neutrons: 0
Number of spectral records in the parent file: 1
Record number of this spectrum in the parent file: 1
Date and time of acquisition read successfully from the original file: Yes
Live time read successfully from the original file: Yes
True time read successfully from the original file: Yes
GADRAS Tag character is:  
Version: 130122
Parent file type: Sandia GADRAS PCF
