$SPEC_ID:
123I,1uC{82,0.51}
$MEAS_TIM:
3600.00 3600.00
$DATE_MEA:
3/9/2018 5:22:25 PM
$DATA:
0 1193
124.660
158.561
149.045
126.841
100.599
78.495
61.593
48.154
38.588
32.086
28.099
26.463
26.347
27.525
29.054
30.461
31.606
32.787
34.239
35.971
37.928
39.838
41.193
41.943
43.114
46.023
52.310
63.278
79.104
97.955
115.071
125.045
125.597
118.508
107.480
96.391
87.603
81.968
79.473
79.833
82.625
87.315
93.187
99.219
104.674
109.555
115.175
124.566
141.645
170.032
209.605
255.726
296.918
320.728
316.753
284.310
230.503
168.603
111.644
66.974
37.338
19.843
10.909
6.817
5.140
4.496
4.225
4.112
4.044
3.962
3.847
3.697
3.522
3.332
3.138
2.945
2.761
2.597
2.462
2.355
2.273
2.210
2.159
2.114
2.070
2.028
1.994
1.978
1.989
2.040
2.132
2.264
2.426
2.595
2.746
2.855
2.899
2.862
2.746
2.563
2.328
2.070
1.814
1.579
1.377
1.220
1.105
1.028
0.983
0.964
0.964
0.977
0.997
1.020
1.042
1.056
1.061
1.052
1.029
0.994
0.947
0.891
0.832
0.772
0.714
0.662
0.618
0.581
0.552
0.530
0.515
0.507
0.503
0.505
0.512
0.525
0.545
0.573
0.610
0.657
0.713
0.778
0.851
0.929
1.008
1.085
1.154
1.211
1.249
1.266
1.261
1.235
1.189
1.126
1.052
0.972
0.892
0.818
0.754
0.706
0.677
0.669
0.683
0.721
0.783
0.870
0.979
1.112
1.266
1.438
1.625
1.823
2.028
2.231
2.427
2.608
2.767
2.895
2.983
3.026
3.023
2.973
2.877
2.737
2.559
2.354
2.129
1.892
1.653
1.419
1.196
0.993
0.812
0.654
0.519
0.407
0.317
0.247
0.194
0.154
0.126
0.107
0.096
0.090
0.088
0.089
0.092
0.096
0.100
0.104
0.107
0.110
0.111
0.110
0.109
0.106
0.102
0.097
0.091
0.085
0.078
0.072
0.066
0.061
0.056
0.052
0.048
0.046
0.044
0.043
0.042
0.042
0.043
0.043
0.044
0.045
0.047
0.048
0.050
0.052
0.053
0.055
0.057
0.059
0.061
0.063
0.065
0.067
0.068
0.070
0.071
0.071
0.072
0.072
0.072
0.072
0.071
0.071
0.070
0.069
0.068
0.067
0.066
0.064
0.063
0.061
0.059
0.057
0.054
0.052
0.049
0.046
0.043
0.040
0.036
0.033
0.029
0.026
0.023
0.020
0.017
0.015
0.012
0.010
0.008
0.007
0.006
0.004
0.004
0.003
0.002
0.002
0.001
0.001
0.001
0.001
0.001
0.000
0.000
0.000
0.000
0.000
0.000
0.000
0.000
0.000
0.000
0.000
0.000
0.000
0.000
0.000
0.000
0.000
0.000
0.000
0.000
0.000
0.000
0.000
0.000
0.000
0.000
0.000
0.000
0.000
0.000
0.000
0.000
0.000
0.000
0.000
0.000
0.000
0.000
0.000
0.000
0.000
0.000
0.000
0.000
0.000
0.000
0.000
0.000
0.000
0.000
0.000
0.000
0.000
-0.000
-0.000
-0.000
-0.000
-0.000
-0.000
0.000
0.000
0.000
0.000
0.000
0.000
0.000
-0.000
-0.000
-0.000
-0.000
-0.000
-0.000
0.000
0.000
0.000
0.000
0
0
0
0
0
0
0
0
0
0
0
0
0
0
0
0
0
0
0
0
0
0
0
0
0
0
0
0
0
0
0
0
0
0
0
0
0
0
0
0
0
0
0
0
0
0
0
0
0
0
0
0
0
0
0
0
0
0
0
0
0
0
0
0
0
0
0
0
0
0
0
0
0
0
0
0
0
0
0
0
0
0
0
0
0
0
0
0
0
0
0
0
0
0
0
0
0
0
0
0
0
0
0
0
0
0
0
0
0
0
0
0
0
0
0
0
0
0
0
0
0
0
0
0
0
0
0
0
0
0
0
0
0
0
0
0
0
0
0
0
0
0
0
0
0
0
0
0
0
0
0
0
0
0
0
0
0
0
0
0
0
0
0
0
0
0
0
0
0
0
0
0
0
0
0
0
0
0
0
0
0
0
0
0
0
0
0
0
0
0
0
0
0
0
0
0
0
0
0
0
0
0
0
0
0
0
0
0
0
0
0
0
0
0
0
0
0
0
0
0
0
0
0
0
0
0
0
0
0
0
0
0
0
0
0
0
0
0
0
0
0
0
0
0
0
0
0
0
0
0
0
0
0
0
0
0
0
0
0
0
0
0
0
0
0
0
0
0
0
0
0
0
0
0
0
0
0
0
0
0
0
0
0
0
0
0
0
0
0
0
0
0
0
0
0
0
0
0
0
0
0
0
0
0
0
0
0
0
0
0
0
0
0
0
0
0
0
0
0
0
0
0
0
0
0
0
0
0
0
0
0
0
0
0
0
0
0
0
0
0
0
0
0
0
0
0
0
0
0
0
0
0
0
0
0
0
0
0
0
0
0
0
0
0
0
0
0
0
0
0
0
0
0
0
0
0
0
0
0
0
0
0
0
0
0
0
0
0
0
0
0
0
0
0
0
0
0
0
0
0
0
0
0
0
0
0
0
0
0
0
0
0
0
0
0
0
0
0
0
0
0
0
0
0
0
0
0
0
0
0
0
0
0
0
0
0
0
0
0
0
0
0
0
0
0
0
0
0
0
0
0
0
0
0
0
0
0
0
0
0
0
0
0
0
0
0
0
0
0
0
0
0
0
0
0
0
0
0
0
0
0
0
0
0
0
0
0
0
0
0
0
0
0
0
0
0
0
0
0
0
0
0
0
0
0
0
0
0
0
0
0
0
0
0
0
0
0
0
0
0
0
0
0
0
0
0
0
0
0
0
0
0
0
0
0
0
0
0
0
0
0
0
0
0
0
0
0
0
0
0
0
0
0
0
0
0
0
0
0
0
0
0
0
0
0
0
0
0
0
0
0
0
0
0
0
0
0
0
0
0
0
0
0
0
0
0
0
0
0
0
0
0
0
0
0
0
0
0
0
0
0
0
0
0
0
0
0
0
0
0
0
0
0
0
0
0
0
0
0
0
0
0
0
0
0
0
0
0
0
0
0
0
0
0
0
0
0
0
0
0
0
0
0
0
0
0
0
0
0
0
0
0
0
0
0
0
0
0
0
0
0
0
0
0
0
0
0
0
0
0
0
0
0
0
0
0
0
0
0
0
0
0
0
0
0
0
0
0
0
0
0
0
0
0
0
0
0
0
0
0
0
0
0
0
0
0
0
0
0
0
0
0
0
0
0
0
0
0
0
0
0
0
0
0
0
0
0
0
0
0
0
0
0
0
0
0
0
0
0
0
0
0
0
0
0
0
0
0
0
0
0
0
0
0
0
0
0
0
0
0
0
0
0
0
0
0
0
0
0
0
0
0
0
0
0
0
0
0
0
0
0
0
0
0
0
0
0
0
0
0
0
0
0
0
0
0
0
0
0
0
0
0
0
0
0
0
0
0
0
0
0
0
0
0
0
0
0
0
0
0
0
$MCA_CAL:
3
-1.4656616 2.9313233 0.00000000000000
$ENER_FIT:
-1.4656616 2.9313233 0.00000000000000
$MCA_CAL_DATA:
3
298 872
597 1749
896 2625
$CAMBIO:
Parent file specification: C:\GADRAS-DRF\Temp\123I_150.0_175.0_lead_0.51_8.5.pcf
Successful read of spectrum: Yes
Error message: None
Warning: None
Information: None
Neutrons: 0
Number of spectral records in the parent file: 1
Record number of this spectrum in the parent file: 1
Date and time of acquisition read successfully from the original file: Yes
Live time read successfully from the original file: Yes
True time read successfully from the original file: Yes
GADRAS Tag character is:  
Version: 130122
Parent file type: Sandia GADRAS PCF
