$SPEC_ID:
123I,1uC{13,1.82}
$MEAS_TIM:
3600.00 3600.00
$DATE_MEA:
3/9/2018 5:22:25 PM
$DATA:
0 1193
433.712
563.330
536.946
516.591
424.096
334.015
272.855
309.440
607.535
817.150
569.033
277.883
144.933
120.817
127.378
137.041
146.662
157.574
170.729
185.520
202.883
220.490
236.324
249.723
264.912
286.377
317.389
362.479
422.867
485.717
536.845
563.520
561.438
537.331
504.189
472.677
448.182
432.828
426.945
429.400
439.146
454.821
474.164
494.718
515.385
538.178
570.121
622.337
709.680
838.744
1003.714
1180.489
1332.669
1411.330
1382.521
1246.354
1027.305
773.284
528.559
331.020
191.175
102.365
52.521
27.312
16.417
12.003
10.222
9.571
9.283
9.114
8.931
8.702
8.414
8.080
7.716
7.350
7.008
6.705
6.449
6.242
6.077
5.943
5.831
5.727
5.630
5.546
5.483
5.462
5.502
5.616
5.810
6.083
6.404
6.733
7.023
7.221
7.274
7.163
6.893
6.474
5.947
5.365
4.776
4.218
3.730
3.336
3.034
2.818
2.678
2.602
2.574
2.581
2.610
2.647
2.681
2.703
2.703
2.677
2.625
2.546
2.445
2.327
2.200
2.071
1.945
1.828
1.725
1.638
1.568
1.513
1.475
1.451
1.442
1.446
1.463
1.496
1.545
1.611
1.696
1.799
1.920
2.057
2.205
2.360
2.517
2.665
2.796
2.897
2.964
2.993
2.981
2.926
2.832
2.710
2.566
2.411
2.254
2.109
1.985
1.893
1.840
1.829
1.864
1.950
2.087
2.273
2.509
2.794
3.120
3.481
3.870
4.278
4.692
5.099
5.484
5.833
6.132
6.368
6.527
6.597
6.572
6.457
6.256
5.973
5.615
5.200
4.743
4.262
3.772
3.288
2.821
2.383
1.986
1.635
1.331
1.071
0.855
0.680
0.543
0.437
0.359
0.303
0.265
0.240
0.227
0.222
0.222
0.225
0.230
0.236
0.240
0.243
0.244
0.243
0.239
0.234
0.226
0.216
0.205
0.193
0.181
0.169
0.157
0.146
0.135
0.127
0.119
0.113
0.109
0.106
0.104
0.103
0.103
0.104
0.105
0.107
0.110
0.113
0.116
0.120
0.123
0.127
0.131
0.135
0.139
0.143
0.147
0.150
0.153
0.156
0.158
0.159
0.160
0.161
0.161
0.160
0.159
0.158
0.156
0.154
0.152
0.149
0.146
0.143
0.139
0.135
0.130
0.125
0.120
0.114
0.108
0.101
0.095
0.088
0.081
0.074
0.067
0.060
0.053
0.047
0.041
0.035
0.030
0.026
0.022
0.018
0.015
0.012
0.010
0.008
0.006
0.005
0.004
0.003
0.003
0.002
0.002
0.001
0.001
0.001
0.001
0.001
0.001
0.001
0.001
0.001
0.001
0.001
0.001
0.001
0.001
0.001
0.001
0.001
0.001
0.001
0.001
0.000
0.000
0.000
0.000
0.000
0.000
0.000
0.000
0.000
0.000
0.000
0.000
0.000
0.000
0.000
0.000
0.000
0.000
0.000
0.000
0.000
0.000
0.000
0.000
0.000
0.000
0.000
0.000
0.000
0.000
0.000
0.000
0.000
0.000
0.000
0.000
0.000
0.000
0.000
-0.000
-0.000
-0.000
-0.000
-0.000
-0.000
-0.000
0.000
0.000
0.000
0.000
0.000
0.000
0.000
-0.000
-0.000
-0.000
-0.000
-0.000
-0.000
-0.000
0.000
0.000
0.000
0.000
0
0
0
0
0
0
0
0
0
0
0
0
0
0
0
0
0
0
0
0
0
0
0
0
0
0
0
0
0
0
0
0
0
0
0
0
0
0
0
0
0
0
0
0
0
0
0
0
0
0
0
0
0
0
0
0
0
0
0
0
0
0
0
0
0
0
0
0
0
0
0
0
0
0
0
0
0
0
0
0
0
0
0
0
0
0
0
0
0
0
0
0
0
0
0
0
0
0
0
0
0
0
0
0
0
0
0
0
0
0
0
0
0
0
0
0
0
0
0
0
0
0
0
0
0
0
0
0
0
0
0
0
0
0
0
0
0
0
0
0
0
0
0
0
0
0
0
0
0
0
0
0
0
0
0
0
0
0
0
0
0
0
0
0
0
0
0
0
0
0
0
0
0
0
0
0
0
0
0
0
0
0
0
0
0
0
0
0
0
0
0
0
0
0
0
0
0
0
0
0
0
0
0
0
0
0
0
0
0
0
0
0
0
0
0
0
0
0
0
0
0
0
0
0
0
0
0
0
0
0
0
0
0
0
0
0
0
0
0
0
0
0
0
0
0
0
0
0
0
0
0
0
0
0
0
0
0
0
0
0
0
0
0
0
0
0
0
0
0
0
0
0
0
0
0
0
0
0
0
0
0
0
0
0
0
0
0
0
0
0
0
0
0
0
0
0
0
0
0
0
0
0
0
0
0
0
0
0
0
0
0
0
0
0
0
0
0
0
0
0
0
0
0
0
0
0
0
0
0
0
0
0
0
0
0
0
0
0
0
0
0
0
0
0
0
0
0
0
0
0
0
0
0
0
0
0
0
0
0
0
0
0
0
0
0
0
0
0
0
0
0
0
0
0
0
0
0
0
0
0
0
0
0
0
0
0
0
0
0
0
0
0
0
0
0
0
0
0
0
0
0
0
0
0
0
0
0
0
0
0
0
0
0
0
0
0
0
0
0
0
0
0
0
0
0
0
0
0
0
0
0
0
0
0
0
0
0
0
0
0
0
0
0
0
0
0
0
0
0
0
0
0
0
0
0
0
0
0
0
0
0
0
0
0
0
0
0
0
0
0
0
0
0
0
0
0
0
0
0
0
0
0
0
0
0
0
0
0
0
0
0
0
0
0
0
0
0
0
0
0
0
0
0
0
0
0
0
0
0
0
0
0
0
0
0
0
0
0
0
0
0
0
0
0
0
0
0
0
0
0
0
0
0
0
0
0
0
0
0
0
0
0
0
0
0
0
0
0
0
0
0
0
0
0
0
0
0
0
0
0
0
0
0
0
0
0
0
0
0
0
0
0
0
0
0
0
0
0
0
0
0
0
0
0
0
0
0
0
0
0
0
0
0
0
0
0
0
0
0
0
0
0
0
0
0
0
0
0
0
0
0
0
0
0
0
0
0
0
0
0
0
0
0
0
0
0
0
0
0
0
0
0
0
0
0
0
0
0
0
0
0
0
0
0
0
0
0
0
0
0
0
0
0
0
0
0
0
0
0
0
0
0
0
0
0
0
0
0
0
0
0
0
0
0
0
0
0
0
0
0
0
0
0
0
0
0
0
0
0
0
0
0
0
0
0
0
0
0
0
0
0
0
0
0
0
0
0
0
0
0
0
0
0
0
0
0
0
0
0
0
0
0
0
0
0
0
0
0
0
0
0
0
0
0
0
0
0
0
0
0
0
0
0
0
0
0
0
0
0
0
0
0
0
0
0
0
0
0
0
0
0
0
0
0
0
0
0
0
0
0
0
0
0
0
0
0
0
0
0
0
0
0
0
0
0
0
0
0
0
0
0
0
0
0
0
0
0
0
0
0
0
0
0
0
0
0
0
0
0
0
0
0
0
$MCA_CAL:
3
-1.4656616 2.9313233 0.00000000000000
$ENER_FIT:
-1.4656616 2.9313233 0.00000000000000
$MCA_CAL_DATA:
3
298 872
597 1749
896 2625
$CAMBIO:
Parent file specification: C:\GADRAS-DRF\Temp\123I_75.0_112.5_alum_1.82_9.0.pcf
Successful read of spectrum: Yes
Error message: None
Warning: None
Information: None
Neutrons: 0
Number of spectral records in the parent file: 1
Record number of this spectrum in the parent file: 1
Date and time of acquisition read successfully from the original file: Yes
Live time read successfully from the original file: Yes
True time read successfully from the original file: Yes
GADRAS Tag character is:  
Version: 130122
Parent file type: Sandia GADRAS PCF
