$SPEC_ID:
123I,1uC{82,0.51}
$MEAS_TIM:
3600.00 3600.00
$DATE_MEA:
3/9/2018 5:22:25 PM
$DATA:
0 1193
164.686
208.740
197.391
167.825
133.994
105.033
82.725
64.943
52.175
43.509
38.249
35.370
35.060
35.905
37.485
39.112
40.544
41.867
43.194
44.480
45.700
46.752
47.243
47.328
48.288
52.703
62.768
80.326
105.869
134.642
158.860
170.545
168.051
156.178
141.943
130.936
125.540
125.733
130.285
137.915
147.631
158.569
169.829
180.657
191.089
202.794
220.259
250.035
300.030
374.451
471.504
576.904
669.000
721.556
716.155
651.391
540.053
408.873
281.525
177.457
102.902
55.655
29.389
15.965
9.914
7.344
6.269
5.824
5.586
5.448
5.341
5.232
5.106
4.970
4.834
4.704
4.586
4.486
4.411
4.362
4.333
4.317
4.307
4.294
4.278
4.265
4.269
4.308
4.407
4.577
4.826
5.150
5.517
5.887
6.215
6.450
6.543
6.477
6.252
5.879
5.396
4.857
4.310
3.790
3.335
2.968
2.688
2.491
2.370
2.310
2.297
2.315
2.352
2.396
2.436
2.464
2.470
2.449
2.400
2.324
2.225
2.107
1.980
1.851
1.725
1.608
1.505
1.419
1.349
1.296
1.259
1.238
1.231
1.238
1.260
1.297
1.352
1.425
1.518
1.631
1.764
1.915
2.078
2.249
2.420
2.583
2.726
2.839
2.916
2.952
2.944
2.890
2.796
2.669
2.520
2.359
2.196
2.044
1.916
1.822
1.768
1.760
1.803
1.902
2.055
2.262
2.523
2.836
3.193
3.588
4.012
4.458
4.911
5.356
5.778
6.163
6.495
6.759
6.940
7.025
7.008
6.892
6.684
6.386
6.006
5.564
5.076
4.561
4.038
3.520
3.020
2.551
2.125
1.749
1.421
1.142
0.909
0.721
0.574
0.461
0.378
0.318
0.277
0.251
0.237
0.232
0.232
0.236
0.241
0.247
0.253
0.256
0.257
0.256
0.252
0.247
0.238
0.228
0.216
0.204
0.191
0.177
0.165
0.153
0.142
0.132
0.124
0.118
0.113
0.110
0.108
0.107
0.107
0.108
0.110
0.112
0.115
0.118
0.122
0.126
0.130
0.134
0.139
0.143
0.148
0.152
0.156
0.160
0.163
0.166
0.168
0.170
0.171
0.172
0.172
0.172
0.171
0.169
0.168
0.166
0.163
0.160
0.157
0.153
0.149
0.145
0.140
0.135
0.129
0.123
0.116
0.109
0.102
0.095
0.087
0.080
0.072
0.065
0.057
0.051
0.044
0.038
0.033
0.028
0.023
0.019
0.016
0.013
0.011
0.009
0.007
0.006
0.004
0.003
0.003
0.002
0.002
0.002
0.001
0.001
0.001
0.001
0.001
0.001
0.001
0.001
0.001
0.001
0.001
0.001
0.001
0.001
0.001
0.001
0.001
0.001
0.001
0.000
0.000
0.000
0.000
0.000
0.000
0.000
0.000
0.000
0.000
0.000
0.000
0.000
0.000
0.000
0.000
0.000
0.000
0.000
0.000
0.000
0.000
0.000
0.000
0.000
0.000
0.000
0.000
0.000
0.000
0.000
0.000
0.000
0.000
0.000
0.000
0.000
0.000
0.000
-0.000
-0.000
-0.000
-0.000
-0.000
-0.000
-0.000
0.000
0.000
0.000
0.000
0.000
0.000
0.000
-0.000
-0.000
-0.000
-0.000
-0.000
-0.000
-0.000
0.000
0.000
0.000
0.000
0
0
0
0
0
0
0
0
0
0
0
0
0
0
0
0
0
0
0
0
0
0
0
0
0
0
0
0
0
0
0
0
0
0
0
0
0
0
0
0
0
0
0
0
0
0
0
0
0
0
0
0
0
0
0
0
0
0
0
0
0
0
0
0
0
0
0
0
0
0
0
0
0
0
0
0
0
0
0
0
0
0
0
0
0
0
0
0
0
0
0
0
0
0
0
0
0
0
0
0
0
0
0
0
0
0
0
0
0
0
0
0
0
0
0
0
0
0
0
0
0
0
0
0
0
0
0
0
0
0
0
0
0
0
0
0
0
0
0
0
0
0
0
0
0
0
0
0
0
0
0
0
0
0
0
0
0
0
0
0
0
0
0
0
0
0
0
0
0
0
0
0
0
0
0
0
0
0
0
0
0
0
0
0
0
0
0
0
0
0
0
0
0
0
0
0
0
0
0
0
0
0
0
0
0
0
0
0
0
0
0
0
0
0
0
0
0
0
0
0
0
0
0
0
0
0
0
0
0
0
0
0
0
0
0
0
0
0
0
0
0
0
0
0
0
0
0
0
0
0
0
0
0
0
0
0
0
0
0
0
0
0
0
0
0
0
0
0
0
0
0
0
0
0
0
0
0
0
0
0
0
0
0
0
0
0
0
0
0
0
0
0
0
0
0
0
0
0
0
0
0
0
0
0
0
0
0
0
0
0
0
0
0
0
0
0
0
0
0
0
0
0
0
0
0
0
0
0
0
0
0
0
0
0
0
0
0
0
0
0
0
0
0
0
0
0
0
0
0
0
0
0
0
0
0
0
0
0
0
0
0
0
0
0
0
0
0
0
0
0
0
0
0
0
0
0
0
0
0
0
0
0
0
0
0
0
0
0
0
0
0
0
0
0
0
0
0
0
0
0
0
0
0
0
0
0
0
0
0
0
0
0
0
0
0
0
0
0
0
0
0
0
0
0
0
0
0
0
0
0
0
0
0
0
0
0
0
0
0
0
0
0
0
0
0
0
0
0
0
0
0
0
0
0
0
0
0
0
0
0
0
0
0
0
0
0
0
0
0
0
0
0
0
0
0
0
0
0
0
0
0
0
0
0
0
0
0
0
0
0
0
0
0
0
0
0
0
0
0
0
0
0
0
0
0
0
0
0
0
0
0
0
0
0
0
0
0
0
0
0
0
0
0
0
0
0
0
0
0
0
0
0
0
0
0
0
0
0
0
0
0
0
0
0
0
0
0
0
0
0
0
0
0
0
0
0
0
0
0
0
0
0
0
0
0
0
0
0
0
0
0
0
0
0
0
0
0
0
0
0
0
0
0
0
0
0
0
0
0
0
0
0
0
0
0
0
0
0
0
0
0
0
0
0
0
0
0
0
0
0
0
0
0
0
0
0
0
0
0
0
0
0
0
0
0
0
0
0
0
0
0
0
0
0
0
0
0
0
0
0
0
0
0
0
0
0
0
0
0
0
0
0
0
0
0
0
0
0
0
0
0
0
0
0
0
0
0
0
0
0
0
0
0
0
0
0
0
0
0
0
0
0
0
0
0
0
0
0
0
0
0
0
0
0
0
0
0
0
0
0
0
0
0
0
0
0
0
0
0
0
0
0
0
0
0
0
0
0
0
0
0
0
0
0
0
0
0
0
0
0
0
0
0
0
0
0
0
0
0
0
0
0
0
0
0
0
0
0
0
0
0
0
0
0
0
0
0
0
0
0
0
0
0
0
0
0
0
0
0
0
0
0
0
0
0
0
0
0
0
0
0
0
0
0
0
0
0
0
0
0
0
0
0
0
0
0
0
0
0
0
0
0
0
0
0
0
0
0
0
0
0
0
0
$MCA_CAL:
3
-1.4656616 2.9313233 0.00000000000000
$ENER_FIT:
-1.4656616 2.9313233 0.00000000000000
$MCA_CAL_DATA:
3
298 872
597 1749
896 2625
$CAMBIO:
Parent file specification: C:\GADRAS-DRF\Temp\123I_150.0_112.5_lead_0.51_9.0.pcf
Successful read of spectrum: Yes
Error message: None
Warning: None
Information: None
Neutrons: 0
Number of spectral records in the parent file: 1
Record number of this spectrum in the parent file: 1
Date and time of acquisition read successfully from the original file: Yes
Live time read successfully from the original file: Yes
True time read successfully from the original file: Yes
GADRAS Tag character is:  
Version: 130122
Parent file type: Sandia GADRAS PCF
