$SPEC_ID:
123I,1uC{82,0.22}
$MEAS_TIM:
3600.00 3600.00
$DATE_MEA:
3/9/2018 5:22:25 PM
$DATA:
0 1193
385.316
492.671
464.206
394.895
314.718
246.466
194.183
152.685
124.391
106.467
94.385
86.715
84.303
87.803
92.978
97.902
102.061
106.285
111.219
116.873
123.124
129.403
134.354
137.720
142.153
151.411
170.512
203.977
252.048
308.197
356.877
382.285
380.242
358.754
329.688
302.950
283.476
272.330
268.951
272.821
283.343
299.480
319.328
339.713
358.516
376.444
399.139
438.553
509.819
626.771
788.424
975.972
1143.872
1242.772
1231.410
1106.915
897.231
654.812
431.240
255.581
138.819
69.836
34.662
18.659
12.221
9.844
8.937
8.710
8.707
8.666
8.514
8.288
8.007
7.673
7.303
6.923
6.560
6.235
5.966
5.756
5.602
5.488
5.394
5.306
5.214
5.119
5.043
5.010
5.050
5.196
5.457
5.826
6.279
6.753
7.177
7.487
7.619
7.526
7.220
6.726
6.090
5.387
4.691
4.050
3.502
3.073
2.760
2.550
2.430
2.380
2.381
2.417
2.474
2.539
2.599
2.642
2.657
2.638
2.585
2.495
2.375
2.234
2.081
1.925
1.776
1.641
1.526
1.430
1.355
1.300
1.262
1.240
1.231
1.235
1.254
1.288
1.340
1.412
1.507
1.627
1.771
1.938
2.127
2.328
2.532
2.729
2.907
3.053
3.152
3.196
3.184
3.118
3.000
2.838
2.648
2.444
2.240
2.049
1.885
1.760
1.685
1.663
1.698
1.793
1.951
2.169
2.447
2.783
3.173
3.607
4.080
4.583
5.100
5.615
6.111
6.570
6.972
7.297
7.522
7.632
7.625
7.500
7.259
6.905
6.458
5.939
5.371
4.775
4.171
3.579
3.017
2.505
2.049
1.649
1.308
1.025
0.799
0.621
0.486
0.386
0.315
0.267
0.239
0.225
0.220
0.222
0.229
0.239
0.250
0.259
0.267
0.273
0.276
0.275
0.271
0.263
0.253
0.241
0.227
0.211
0.195
0.179
0.165
0.151
0.139
0.129
0.120
0.114
0.109
0.106
0.105
0.105
0.106
0.107
0.110
0.113
0.116
0.120
0.123
0.128
0.132
0.137
0.142
0.147
0.152
0.157
0.161
0.166
0.169
0.173
0.175
0.177
0.179
0.179
0.179
0.178
0.177
0.176
0.174
0.171
0.169
0.166
0.163
0.159
0.156
0.151
0.147
0.141
0.135
0.129
0.122
0.114
0.106
0.098
0.090
0.081
0.073
0.065
0.057
0.050
0.043
0.036
0.031
0.025
0.021
0.017
0.014
0.011
0.009
0.007
0.005
0.004
0.003
0.003
0.002
0.002
0.001
0.001
0.001
0.001
0.001
0.001
0.001
0.001
0.001
0.001
0.001
0.001
0.001
0.001
0.001
0.001
0.001
0.001
0.001
0.001
0.001
0.001
0.000
0.000
0.000
0.000
0.000
0.000
0.000
0.000
0.000
0.000
0.000
0.000
0.000
0.000
0.000
0.000
0.000
0.000
0.000
0.000
0.000
0.000
0.000
0.000
0.000
0.000
0.000
0.000
0.000
0.000
0.000
0.000
-0.000
-0.000
-0.000
-0.000
-0.000
-0.000
0.000
0.000
0.000
0.000
0.000
0.000
0.000
-0.000
-0.000
-0.000
-0.000
-0.000
-0.000
0.000
0.000
0.000
0.000
0
0
0
0
0
0
0
0
0
0
0
0
0
0
0
0
0
0
0
0
0
0
0
0
0
0
0
0
0
0
0
0
0
0
0
0
0
0
0
0
0
0
0
0
0
0
0
0
0
0
0
0
0
0
0
0
0
0
0
0
0
0
0
0
0
0
0
0
0
0
0
0
0
0
0
0
0
0
0
0
0
0
0
0
0
0
0
0
0
0
0
0
0
0
0
0
0
0
0
0
0
0
0
0
0
0
0
0
0
0
0
0
0
0
0
0
0
0
0
0
0
0
0
0
0
0
0
0
0
0
0
0
0
0
0
0
0
0
0
0
0
0
0
0
0
0
0
0
0
0
0
0
0
0
0
0
0
0
0
0
0
0
0
0
0
0
0
0
0
0
0
0
0
0
0
0
0
0
0
0
0
0
0
0
0
0
0
0
0
0
0
0
0
0
0
0
0
0
0
0
0
0
0
0
0
0
0
0
0
0
0
0
0
0
0
0
0
0
0
0
0
0
0
0
0
0
0
0
0
0
0
0
0
0
0
0
0
0
0
0
0
0
0
0
0
0
0
0
0
0
0
0
0
0
0
0
0
0
0
0
0
0
0
0
0
0
0
0
0
0
0
0
0
0
0
0
0
0
0
0
0
0
0
0
0
0
0
0
0
0
0
0
0
0
0
0
0
0
0
0
0
0
0
0
0
0
0
0
0
0
0
0
0
0
0
0
0
0
0
0
0
0
0
0
0
0
0
0
0
0
0
0
0
0
0
0
0
0
0
0
0
0
0
0
0
0
0
0
0
0
0
0
0
0
0
0
0
0
0
0
0
0
0
0
0
0
0
0
0
0
0
0
0
0
0
0
0
0
0
0
0
0
0
0
0
0
0
0
0
0
0
0
0
0
0
0
0
0
0
0
0
0
0
0
0
0
0
0
0
0
0
0
0
0
0
0
0
0
0
0
0
0
0
0
0
0
0
0
0
0
0
0
0
0
0
0
0
0
0
0
0
0
0
0
0
0
0
0
0
0
0
0
0
0
0
0
0
0
0
0
0
0
0
0
0
0
0
0
0
0
0
0
0
0
0
0
0
0
0
0
0
0
0
0
0
0
0
0
0
0
0
0
0
0
0
0
0
0
0
0
0
0
0
0
0
0
0
0
0
0
0
0
0
0
0
0
0
0
0
0
0
0
0
0
0
0
0
0
0
0
0
0
0
0
0
0
0
0
0
0
0
0
0
0
0
0
0
0
0
0
0
0
0
0
0
0
0
0
0
0
0
0
0
0
0
0
0
0
0
0
0
0
0
0
0
0
0
0
0
0
0
0
0
0
0
0
0
0
0
0
0
0
0
0
0
0
0
0
0
0
0
0
0
0
0
0
0
0
0
0
0
0
0
0
0
0
0
0
0
0
0
0
0
0
0
0
0
0
0
0
0
0
0
0
0
0
0
0
0
0
0
0
0
0
0
0
0
0
0
0
0
0
0
0
0
0
0
0
0
0
0
0
0
0
0
0
0
0
0
0
0
0
0
0
0
0
0
0
0
0
0
0
0
0
0
0
0
0
0
0
0
0
0
0
0
0
0
0
0
0
0
0
0
0
0
0
0
0
0
0
0
0
0
0
0
0
0
0
0
0
0
0
0
0
0
0
0
0
0
0
0
0
0
0
0
0
0
0
0
0
0
0
0
0
0
0
0
0
0
0
0
0
0
0
0
0
0
0
0
0
0
0
0
0
0
0
0
0
0
0
0
0
0
0
0
0
0
0
0
0
0
0
0
0
0
0
0
0
0
0
0
0
0
0
0
0
0
0
0
0
0
0
0
0
0
0
0
0
0
0
0
0
0
0
0
0
0
0
0
0
0
$MCA_CAL:
3
-1.4656616 2.9313233 0.00000000000000
$ENER_FIT:
-1.4656616 2.9313233 0.00000000000000
$MCA_CAL_DATA:
3
298 872
597 1749
896 2625
$CAMBIO:
Parent file specification: C:\GADRAS-DRF\Temp\123I_75.0_112.5_lead_0.22_8.5.pcf
Successful read of spectrum: Yes
Error message: None
Warning: None
Information: None
Neutrons: 0
Number of spectral records in the parent file: 1
Record number of this spectrum in the parent file: 1
Date and time of acquisition read successfully from the original file: Yes
Live time read successfully from the original file: Yes
True time read successfully from the original file: Yes
GADRAS Tag character is:  
Version: 130122
Parent file type: Sandia GADRAS PCF
