$SPEC_ID:
123I,1uC{26,11.02}
$MEAS_TIM:
3600.00 3600.00
$DATE_MEA:
3/9/2018 5:22:25 PM
$DATA:
0 1193
118.802
145.382
137.004
158.918
133.613
106.884
86.303
69.436
57.815
49.208
43.993
40.812
39.788
40.179
41.403
43.340
45.851
49.483
53.736
58.039
63.194
69.103
76.551
87.336
98.201
110.967
129.032
153.210
183.780
214.037
237.748
252.047
258.292
263.613
273.904
291.947
316.084
344.605
376.050
408.445
440.229
471.601
501.868
529.441
554.392
581.005
614.476
669.398
767.707
913.937
1107.348
1336.551
1543.693
1655.640
1607.315
1408.582
1109.656
779.625
483.999
274.062
145.456
73.749
38.995
25.024
20.305
18.584
17.970
17.695
17.556
17.476
17.424
17.375
17.312
17.226
17.118
17.007
16.915
16.860
16.855
16.888
16.940
16.987
17.009
16.983
16.891
16.747
16.607
16.523
16.536
16.684
17.014
17.567
18.304
19.127
19.901
20.435
20.551
20.216
19.452
18.329
16.973
15.516
14.093
12.841
11.835
11.066
10.517
10.159
9.956
9.876
9.884
9.949
10.044
10.149
10.243
10.304
10.303
10.221
10.059
9.823
9.524
9.183
8.822
8.463
8.126
7.830
7.585
7.388
7.233
7.115
7.031
6.973
6.940
6.929
6.941
6.977
7.049
7.164
7.330
7.546
7.809
8.119
8.470
8.859
9.278
9.694
10.065
10.350
10.524
10.571
10.479
10.247
9.898
9.456
8.949
8.411
7.883
7.401
6.994
6.676
6.465
6.371
6.401
6.556
6.840
7.255
7.801
8.483
9.299
10.229
11.248
12.327
13.438
14.545
15.613
16.604
17.474
18.164
18.619
18.786
18.651
18.222
17.511
16.531
15.328
13.959
12.481
10.950
9.421
7.950
6.590
5.385
4.340
3.450
2.711
2.117
1.652
1.297
1.036
0.851
0.729
0.657
0.621
0.611
0.618
0.639
0.667
0.698
0.728
0.756
0.777
0.790
0.793
0.787
0.772
0.748
0.717
0.679
0.637
0.593
0.548
0.505
0.464
0.427
0.396
0.371
0.352
0.337
0.328
0.322
0.320
0.320
0.323
0.327
0.332
0.338
0.344
0.352
0.360
0.369
0.379
0.390
0.401
0.413
0.425
0.437
0.449
0.459
0.467
0.474
0.479
0.482
0.483
0.482
0.479
0.474
0.469
0.463
0.456
0.449
0.442
0.434
0.426
0.417
0.408
0.397
0.384
0.370
0.354
0.337
0.317
0.297
0.275
0.252
0.228
0.205
0.182
0.159
0.138
0.118
0.100
0.083
0.069
0.056
0.045
0.036
0.028
0.022
0.017
0.013
0.010
0.008
0.006
0.005
0.004
0.003
0.003
0.003
0.003
0.002
0.002
0.002
0.002
0.003
0.003
0.003
0.003
0.003
0.003
0.002
0.002
0.002
0.002
0.002
0.002
0.002
0.001
0.001
0.001
0.001
0.001
0.001
0.001
0.001
0.000
0.000
0.000
0.000
0.000
0.000
0.000
0.000
0.000
0.000
0.000
0.000
0.000
0.000
0.000
0.000
0.000
0.000
0.000
0.000
0.000
0.000
0.000
0.000
0.000
0.000
-0.000
-0.000
-0.000
-0.000
-0.000
-0.000
0.000
0.000
0.000
0.000
0.000
0.000
0.000
0.000
0.000
0.000
0
0
0
0
0
0
0
0
0
0
0
0
0
0
0
0
0
0
0
0
0
0
0
0
0
0
0
0
0
0
0
0
0
0
0
0
0
0
0
0
0
0
0
0
0
0
0
0
0
0
0
0
0
0
0
0
0
0
0
0
0
0
0
0
0
0
0
0
0
0
0
0
0
0
0
0
0
0
0
0
0
0
0
0
0
0
0
0
0
0
0
0
0
0
0
0
0
0
0
0
0
0
0
0
0
0
0
0
0
0
0
0
0
0
0
0
0
0
0
0
0
0
0
0
0
0
0
0
0
0
0
0
0
0
0
0
0
0
0
0
0
0
0
0
0
0
0
0
0
0
0
0
0
0
0
0
0
0
0
0
0
0
0
0
0
0
0
0
0
0
0
0
0
0
0
0
0
0
0
0
0
0
0
0
0
0
0
0
0
0
0
0
0
0
0
0
0
0
0
0
0
0
0
0
0
0
0
0
0
0
0
0
0
0
0
0
0
0
0
0
0
0
0
0
0
0
0
0
0
0
0
0
0
0
0
0
0
0
0
0
0
0
0
0
0
0
0
0
0
0
0
0
0
0
0
0
0
0
0
0
0
0
0
0
0
0
0
0
0
0
0
0
0
0
0
0
0
0
0
0
0
0
0
0
0
0
0
0
0
0
0
0
0
0
0
0
0
0
0
0
0
0
0
0
0
0
0
0
0
0
0
0
0
0
0
0
0
0
0
0
0
0
0
0
0
0
0
0
0
0
0
0
0
0
0
0
0
0
0
0
0
0
0
0
0
0
0
0
0
0
0
0
0
0
0
0
0
0
0
0
0
0
0
0
0
0
0
0
0
0
0
0
0
0
0
0
0
0
0
0
0
0
0
0
0
0
0
0
0
0
0
0
0
0
0
0
0
0
0
0
0
0
0
0
0
0
0
0
0
0
0
0
0
0
0
0
0
0
0
0
0
0
0
0
0
0
0
0
0
0
0
0
0
0
0
0
0
0
0
0
0
0
0
0
0
0
0
0
0
0
0
0
0
0
0
0
0
0
0
0
0
0
0
0
0
0
0
0
0
0
0
0
0
0
0
0
0
0
0
0
0
0
0
0
0
0
0
0
0
0
0
0
0
0
0
0
0
0
0
0
0
0
0
0
0
0
0
0
0
0
0
0
0
0
0
0
0
0
0
0
0
0
0
0
0
0
0
0
0
0
0
0
0
0
0
0
0
0
0
0
0
0
0
0
0
0
0
0
0
0
0
0
0
0
0
0
0
0
0
0
0
0
0
0
0
0
0
0
0
0
0
0
0
0
0
0
0
0
0
0
0
0
0
0
0
0
0
0
0
0
0
0
0
0
0
0
0
0
0
0
0
0
0
0
0
0
0
0
0
0
0
0
0
0
0
0
0
0
0
0
0
0
0
0
0
0
0
0
0
0
0
0
0
0
0
0
0
0
0
0
0
0
0
0
0
0
0
0
0
0
0
0
0
0
0
0
0
0
0
0
0
0
0
0
0
0
0
0
0
0
0
0
0
0
0
0
0
0
0
0
0
0
0
0
0
0
0
0
0
0
0
0
0
0
0
0
0
0
0
0
0
0
0
0
0
0
0
0
0
0
0
0
0
0
0
0
0
0
0
0
0
0
0
0
0
0
0
0
0
0
0
0
0
0
0
0
0
0
0
0
0
0
0
0
0
0
0
0
0
0
0
0
0
0
0
0
0
0
0
0
0
0
0
0
0
0
0
0
0
0
0
0
0
0
0
0
0
0
0
0
0
0
0
0
0
0
0
0
0
0
0
0
0
0
0
0
0
0
0
0
0
0
0
0
0
0
0
0
0
0
0
0
0
0
0
0
0
0
0
0
0
0
0
0
0
0
0
0
$MCA_CAL:
3
-1.4656616 2.9313233 0.00000000000000
$ENER_FIT:
-1.4656616 2.9313233 0.00000000000000
$MCA_CAL_DATA:
3
298 872
597 1749
896 2625
$CAMBIO:
Parent file specification: C:\GADRAS-DRF\Temp\123I_125.0_50.0_iron_11.02_8.0.pcf
Successful read of spectrum: Yes
Error message: None
Warning: None
Information: None
Neutrons: 0
Number of spectral records in the parent file: 1
Record number of this spectrum in the parent file: 1
Date and time of acquisition read successfully from the original file: Yes
Live time read successfully from the original file: Yes
True time read successfully from the original file: Yes
GADRAS Tag character is:  
Version: 130122
Parent file type: Sandia GADRAS PCF
