$SPEC_ID:
123I,1uC{26,3.50}
$MEAS_TIM:
3600.00 3600.00
$DATE_MEA:
3/9/2018 5:22:25 PM
$DATA:
0 1193
118.981
153.249
145.846
142.699
116.753
91.116
71.413
55.823
44.792
37.122
32.858
30.811
31.225
32.865
35.070
37.199
39.261
41.777
44.982
48.807
53.216
57.709
61.825
65.561
69.575
75.080
82.842
93.763
108.199
123.263
136.073
143.620
144.522
139.520
130.732
120.804
111.569
104.379
100.074
98.394
99.027
101.592
105.445
109.807
114.095
118.250
123.102
130.251
142.100
159.641
181.811
205.295
225.028
233.505
225.564
201.570
165.415
124.318
85.115
53.780
31.792
17.834
9.963
5.994
4.302
3.622
3.340
3.223
3.152
3.087
3.003
2.896
2.764
2.613
2.450
2.286
2.134
1.998
1.880
1.780
1.696
1.625
1.564
1.510
1.463
1.422
1.389
1.365
1.355
1.358
1.377
1.411
1.454
1.500
1.540
1.563
1.561
1.528
1.467
1.379
1.273
1.158
1.041
0.932
0.836
0.759
0.699
0.655
0.625
0.607
0.598
0.597
0.600
0.604
0.608
0.609
0.607
0.599
0.587
0.569
0.548
0.524
0.498
0.471
0.446
0.422
0.401
0.384
0.369
0.358
0.350
0.345
0.343
0.343
0.345
0.351
0.360
0.372
0.388
0.407
0.430
0.455
0.483
0.512
0.541
0.569
0.593
0.611
0.623
0.628
0.624
0.613
0.594
0.570
0.542
0.511
0.480
0.452
0.428
0.410
0.400
0.397
0.404
0.420
0.446
0.481
0.526
0.581
0.644
0.713
0.788
0.867
0.947
1.025
1.099
1.165
1.222
1.266
1.295
1.307
1.300
1.276
1.235
1.178
1.107
1.025
0.935
0.840
0.744
0.648
0.556
0.470
0.392
0.323
0.263
0.212
0.170
0.136
0.109
0.088
0.073
0.062
0.054
0.049
0.047
0.046
0.046
0.046
0.047
0.048
0.049
0.050
0.050
0.049
0.049
0.048
0.046
0.044
0.042
0.040
0.037
0.035
0.032
0.030
0.028
0.026
0.025
0.024
0.023
0.022
0.022
0.021
0.021
0.022
0.022
0.022
0.023
0.023
0.024
0.025
0.025
0.026
0.027
0.028
0.028
0.029
0.030
0.031
0.031
0.032
0.032
0.032
0.032
0.033
0.033
0.032
0.032
0.032
0.032
0.031
0.031
0.030
0.029
0.029
0.028
0.027
0.026
0.025
0.024
0.023
0.022
0.020
0.019
0.018
0.016
0.015
0.013
0.012
0.011
0.009
0.008
0.007
0.006
0.005
0.004
0.004
0.003
0.002
0.002
0.002
0.001
0.001
0.001
0.001
0.001
0.000
0.000
0.000
0.000
0.000
0.000
0.000
0.000
0.000
0.000
0.000
0.000
0.000
0.000
0.000
0.000
0.000
0.000
0.000
0.000
0.000
0.000
0.000
0.000
0.000
0.000
0.000
0.000
0.000
0.000
0.000
0.000
0.000
0.000
0.000
0.000
0.000
0.000
0.000
0.000
0.000
0.000
0.000
0.000
0.000
0.000
0.000
0.000
0.000
0.000
0.000
0.000
0.000
0.000
0.000
0.000
0.000
0.000
0.000
0.000
0.000
-0.000
-0.000
-0.000
-0.000
-0.000
-0.000
-0.000
0.000
0.000
0.000
0.000
0.000
0.000
0.000
-0.000
-0.000
-0.000
-0.000
-0.000
-0.000
-0.000
0.000
0.000
0.000
0.000
0
0
0
0
0
0
0
0
0
0
0
0
0
0
0
0
0
0
0
0
0
0
0
0
0
0
0
0
0
0
0
0
0
0
0
0
0
0
0
0
0
0
0
0
0
0
0
0
0
0
0
0
0
0
0
0
0
0
0
0
0
0
0
0
0
0
0
0
0
0
0
0
0
0
0
0
0
0
0
0
0
0
0
0
0
0
0
0
0
0
0
0
0
0
0
0
0
0
0
0
0
0
0
0
0
0
0
0
0
0
0
0
0
0
0
0
0
0
0
0
0
0
0
0
0
0
0
0
0
0
0
0
0
0
0
0
0
0
0
0
0
0
0
0
0
0
0
0
0
0
0
0
0
0
0
0
0
0
0
0
0
0
0
0
0
0
0
0
0
0
0
0
0
0
0
0
0
0
0
0
0
0
0
0
0
0
0
0
0
0
0
0
0
0
0
0
0
0
0
0
0
0
0
0
0
0
0
0
0
0
0
0
0
0
0
0
0
0
0
0
0
0
0
0
0
0
0
0
0
0
0
0
0
0
0
0
0
0
0
0
0
0
0
0
0
0
0
0
0
0
0
0
0
0
0
0
0
0
0
0
0
0
0
0
0
0
0
0
0
0
0
0
0
0
0
0
0
0
0
0
0
0
0
0
0
0
0
0
0
0
0
0
0
0
0
0
0
0
0
0
0
0
0
0
0
0
0
0
0
0
0
0
0
0
0
0
0
0
0
0
0
0
0
0
0
0
0
0
0
0
0
0
0
0
0
0
0
0
0
0
0
0
0
0
0
0
0
0
0
0
0
0
0
0
0
0
0
0
0
0
0
0
0
0
0
0
0
0
0
0
0
0
0
0
0
0
0
0
0
0
0
0
0
0
0
0
0
0
0
0
0
0
0
0
0
0
0
0
0
0
0
0
0
0
0
0
0
0
0
0
0
0
0
0
0
0
0
0
0
0
0
0
0
0
0
0
0
0
0
0
0
0
0
0
0
0
0
0
0
0
0
0
0
0
0
0
0
0
0
0
0
0
0
0
0
0
0
0
0
0
0
0
0
0
0
0
0
0
0
0
0
0
0
0
0
0
0
0
0
0
0
0
0
0
0
0
0
0
0
0
0
0
0
0
0
0
0
0
0
0
0
0
0
0
0
0
0
0
0
0
0
0
0
0
0
0
0
0
0
0
0
0
0
0
0
0
0
0
0
0
0
0
0
0
0
0
0
0
0
0
0
0
0
0
0
0
0
0
0
0
0
0
0
0
0
0
0
0
0
0
0
0
0
0
0
0
0
0
0
0
0
0
0
0
0
0
0
0
0
0
0
0
0
0
0
0
0
0
0
0
0
0
0
0
0
0
0
0
0
0
0
0
0
0
0
0
0
0
0
0
0
0
0
0
0
0
0
0
0
0
0
0
0
0
0
0
0
0
0
0
0
0
0
0
0
0
0
0
0
0
0
0
0
0
0
0
0
0
0
0
0
0
0
0
0
0
0
0
0
0
0
0
0
0
0
0
0
0
0
0
0
0
0
0
0
0
0
0
0
0
0
0
0
0
0
0
0
0
0
0
0
0
0
0
0
0
0
0
0
0
0
0
0
0
0
0
0
0
0
0
0
0
0
0
0
0
0
0
0
0
0
0
0
0
0
0
0
0
0
0
0
0
0
0
0
0
0
0
0
0
0
0
0
0
0
0
0
0
0
0
0
0
0
0
0
0
0
0
0
0
0
0
0
0
0
0
0
0
0
0
0
0
0
0
0
0
0
0
0
0
0
0
0
0
0
0
0
0
0
0
0
0
0
0
0
0
0
0
0
0
0
0
0
0
0
0
0
0
0
0
0
0
0
$MCA_CAL:
3
-1.4656616 2.9313233 0.00000000000000
$ENER_FIT:
-1.4656616 2.9313233 0.00000000000000
$MCA_CAL_DATA:
3
298 872
597 1749
896 2625
$CAMBIO:
Parent file specification: C:\GADRAS-DRF\Temp\123I_150.0_237.5_iron_3.50_9.0.pcf
Successful read of spectrum: Yes
Error message: None
Warning: None
Information: None
Neutrons: 0
Number of spectral records in the parent file: 1
Record number of this spectrum in the parent file: 1
Date and time of acquisition read successfully from the original file: Yes
Live time read successfully from the original file: Yes
True time read successfully from the original file: Yes
GADRAS Tag character is:  
Version: 130122
Parent file type: Sandia GADRAS PCF
