$SPEC_ID:
123I,1uC{82,0.92}
$MEAS_TIM:
3600.00 3600.00
$DATE_MEA:
3/9/2018 5:22:25 PM
$DATA:
0 1193
52.723
64.129
60.677
52.382
41.655
32.558
25.873
20.583
16.855
14.306
12.738
12.063
12.140
12.748
13.514
14.074
14.428
14.883
15.738
16.973
18.660
20.899
22.903
23.933
24.578
25.207
26.047
27.290
30.078
34.693
39.797
42.697
42.434
40.289
37.759
35.637
34.376
33.994
34.192
34.785
35.793
37.290
39.158
40.983
42.180
42.230
41.006
38.972
37.147
37.398
42.381
53.545
68.277
79.183
78.172
63.880
42.986
23.949
11.510
5.416
3.086
2.405
2.231
2.160
2.128
2.140
2.188
2.250
2.327
2.399
2.440
2.432
2.376
2.285
2.174
2.056
1.943
1.843
1.758
1.686
1.627
1.579
1.535
1.489
1.437
1.377
1.311
1.246
1.192
1.156
1.148
1.172
1.230
1.314
1.408
1.484
1.516
1.486
1.393
1.256
1.098
0.949
0.824
0.731
0.668
0.627
0.602
0.585
0.573
0.565
0.561
0.561
0.565
0.574
0.585
0.595
0.599
0.592
0.574
0.544
0.506
0.465
0.424
0.386
0.355
0.330
0.311
0.296
0.285
0.277
0.270
0.263
0.257
0.252
0.247
0.242
0.238
0.235
0.235
0.237
0.245
0.260
0.283
0.316
0.356
0.403
0.452
0.496
0.529
0.546
0.542
0.520
0.481
0.430
0.373
0.317
0.266
0.223
0.190
0.166
0.153
0.147
0.149
0.159
0.176
0.200
0.232
0.272
0.321
0.378
0.444
0.520
0.605
0.700
0.804
0.912
1.020
1.119
1.199
1.251
1.269
1.248
1.188
1.095
0.977
0.842
0.701
0.565
0.441
0.333
0.243
0.174
0.121
0.082
0.056
0.038
0.027
0.020
0.016
0.014
0.013
0.014
0.015
0.018
0.021
0.024
0.028
0.033
0.037
0.041
0.045
0.047
0.049
0.048
0.047
0.044
0.040
0.036
0.031
0.027
0.022
0.019
0.015
0.013
0.011
0.010
0.010
0.010
0.011
0.011
0.012
0.013
0.014
0.015
0.015
0.015
0.015
0.015
0.015
0.015
0.015
0.016
0.017
0.018
0.019
0.021
0.022
0.024
0.025
0.026
0.027
0.027
0.027
0.026
0.025
0.024
0.023
0.022
0.022
0.021
0.021
0.021
0.022
0.022
0.022
0.023
0.023
0.022
0.022
0.021
0.019
0.018
0.016
0.014
0.012
0.010
0.008
0.006
0.005
0.004
0.003
0.002
0.001
0.001
0.001
0.000
0.000
0.000
0.000
0.000
0.000
0.000
0.000
0.000
0.000
0.000
0.000
0.000
0.000
0.000
0.000
0.000
0.000
0.000
0.000
0.000
0.000
0.000
0.000
0.000
0.000
0.000
0.000
0.000
0.000
0.000
0.000
0.000
0.000
0.000
0.000
0.000
0.000
0.000
0.000
0.000
0.000
0.000
0.000
0.000
0.000
0.000
0.000
0.000
0.000
0.000
0.000
0.000
-0.000
-0.000
-0.000
-0.000
0.000
0.000
0.000
0.000
0.000
-0.000
-0.000
-0.000
-0.000
0.000
0.000
0.000
0
0
0
0
0
0
0
0
0
0
0
0
0
0
0
0
0
0
0
0
0
0
0
0
0
0
0
0
0
0
0
0
0
0
0
0
0
0
0
0
0
0
0
0
0
0
0
0
0
0
0
0
0
0
0
0
0
0
0
0
0
0
0
0
0
0
0
0
0
0
0
0
0
0
0
0
0
0
0
0
0
0
0
0
0
0
0
0
0
0
0
0
0
0
0
0
0
0
0
0
0
0
0
0
0
0
0
0
0
0
0
0
0
0
0
0
0
0
0
0
0
0
0
0
0
0
0
0
0
0
0
0
0
0
0
0
0
0
0
0
0
0
0
0
0
0
0
0
0
0
0
0
0
0
0
0
0
0
0
0
0
0
0
0
0
0
0
0
0
0
0
0
0
0
0
0
0
0
0
0
0
0
0
0
0
0
0
0
0
0
0
0
0
0
0
0
0
0
0
0
0
0
0
0
0
0
0
0
0
0
0
0
0
0
0
0
0
0
0
0
0
0
0
0
0
0
0
0
0
0
0
0
0
0
0
0
0
0
0
0
0
0
0
0
0
0
0
0
0
0
0
0
0
0
0
0
0
0
0
0
0
0
0
0
0
0
0
0
0
0
0
0
0
0
0
0
0
0
0
0
0
0
0
0
0
0
0
0
0
0
0
0
0
0
0
0
0
0
0
0
0
0
0
0
0
0
0
0
0
0
0
0
0
0
0
0
0
0
0
0
0
0
0
0
0
0
0
0
0
0
0
0
0
0
0
0
0
0
0
0
0
0
0
0
0
0
0
0
0
0
0
0
0
0
0
0
0
0
0
0
0
0
0
0
0
0
0
0
0
0
0
0
0
0
0
0
0
0
0
0
0
0
0
0
0
0
0
0
0
0
0
0
0
0
0
0
0
0
0
0
0
0
0
0
0
0
0
0
0
0
0
0
0
0
0
0
0
0
0
0
0
0
0
0
0
0
0
0
0
0
0
0
0
0
0
0
0
0
0
0
0
0
0
0
0
0
0
0
0
0
0
0
0
0
0
0
0
0
0
0
0
0
0
0
0
0
0
0
0
0
0
0
0
0
0
0
0
0
0
0
0
0
0
0
0
0
0
0
0
0
0
0
0
0
0
0
0
0
0
0
0
0
0
0
0
0
0
0
0
0
0
0
0
0
0
0
0
0
0
0
0
0
0
0
0
0
0
0
0
0
0
0
0
0
0
0
0
0
0
0
0
0
0
0
0
0
0
0
0
0
0
0
0
0
0
0
0
0
0
0
0
0
0
0
0
0
0
0
0
0
0
0
0
0
0
0
0
0
0
0
0
0
0
0
0
0
0
0
0
0
0
0
0
0
0
0
0
0
0
0
0
0
0
0
0
0
0
0
0
0
0
0
0
0
0
0
0
0
0
0
0
0
0
0
0
0
0
0
0
0
0
0
0
0
0
0
0
0
0
0
0
0
0
0
0
0
0
0
0
0
0
0
0
0
0
0
0
0
0
0
0
0
0
0
0
0
0
0
0
0
0
0
0
0
0
0
0
0
0
0
0
0
0
0
0
0
0
0
0
0
0
0
0
0
0
0
0
0
0
0
0
0
0
0
0
0
0
0
0
0
0
0
0
0
0
0
0
0
0
0
0
0
0
0
0
0
0
0
0
0
0
0
0
0
0
0
0
0
0
0
0
0
0
0
0
0
0
0
0
0
0
0
0
0
0
0
0
0
0
0
0
0
0
0
0
0
0
0
0
0
0
0
0
0
0
0
0
0
0
0
0
0
0
0
0
0
0
0
0
0
0
0
0
0
0
0
0
0
0
0
0
0
0
0
0
0
0
0
0
0
0
0
0
0
0
0
0
0
0
0
0
0
0
0
0
0
0
0
0
0
0
0
0
0
0
0
0
0
0
0
$MCA_CAL:
3
-1.4656616 2.9313233 0.00000000000000
$ENER_FIT:
-1.4656616 2.9313233 0.00000000000000
$MCA_CAL_DATA:
3
298 872
597 1749
896 2625
$CAMBIO:
Parent file specification: C:\GADRAS-DRF\Temp\123I_50.0_300.0_lead_0.92_6.0.pcf
Successful read of spectrum: Yes
Error message: None
Warning: None
Information: None
Neutrons: 0
Number of spectral records in the parent file: 1
Record number of this spectrum in the parent file: 1
Date and time of acquisition read successfully from the original file: Yes
Live time read successfully from the original file: Yes
True time read successfully from the original file: Yes
GADRAS Tag character is:  
Version: 130122
Parent file type: Sandia GADRAS PCF
