$SPEC_ID:
123I,1uC{82,0.92}
$MEAS_TIM:
3600.00 3600.00
$DATE_MEA:
3/9/2018 5:22:25 PM
$DATA:
0 1193
74.774
92.103
86.924
74.867
59.549
46.559
36.830
29.150
23.678
19.996
17.717
16.676
16.715
17.386
18.276
19.044
19.643
20.265
21.131
22.217
23.546
25.063
26.163
26.708
27.364
28.861
31.902
36.947
45.171
55.782
65.931
71.937
72.194
67.643
61.161
54.900
49.935
46.691
45.040
44.778
45.920
48.296
51.522
54.978
57.935
59.932
61.349
63.718
69.778
82.806
104.951
134.192
163.648
182.118
181.161
158.900
122.620
83.117
50.048
27.341
14.470
8.192
5.618
4.652
4.327
4.203
4.157
4.128
4.085
4.023
3.931
3.791
3.606
3.400
3.182
2.958
2.745
2.564
2.419
2.307
2.221
2.155
2.101
2.051
1.999
1.939
1.879
1.829
1.806
1.825
1.897
2.024
2.197
2.391
2.578
2.720
2.782
2.751
2.620
2.406
2.143
1.863
1.595
1.368
1.188
1.057
0.971
0.920
0.897
0.893
0.904
0.925
0.954
0.986
1.016
1.039
1.050
1.045
1.021
0.980
0.926
0.862
0.795
0.729
0.669
0.618
0.576
0.543
0.520
0.503
0.492
0.486
0.482
0.482
0.485
0.492
0.505
0.524
0.553
0.592
0.643
0.708
0.786
0.873
0.969
1.064
1.152
1.227
1.281
1.307
1.301
1.266
1.204
1.120
1.022
0.919
0.817
0.725
0.646
0.587
0.550
0.536
0.545
0.578
0.635
0.715
0.819
0.947
1.099
1.273
1.468
1.681
1.906
2.140
2.372
2.593
2.793
2.961
3.086
3.156
3.162
3.106
2.991
2.819
2.599
2.345
2.071
1.790
1.512
1.249
1.010
0.801
0.623
0.475
0.357
0.265
0.197
0.147
0.112
0.089
0.075
0.068
0.067
0.068
0.073
0.079
0.086
0.094
0.101
0.107
0.112
0.116
0.118
0.117
0.115
0.111
0.105
0.098
0.090
0.082
0.074
0.066
0.059
0.053
0.048
0.044
0.041
0.039
0.038
0.038
0.038
0.039
0.040
0.041
0.042
0.043
0.044
0.046
0.047
0.049
0.050
0.052
0.054
0.057
0.059
0.062
0.064
0.066
0.068
0.070
0.071
0.072
0.072
0.072
0.072
0.071
0.070
0.069
0.068
0.067
0.066
0.065
0.064
0.064
0.063
0.061
0.060
0.058
0.056
0.053
0.050
0.047
0.043
0.039
0.035
0.031
0.027
0.024
0.020
0.017
0.014
0.011
0.009
0.007
0.006
0.004
0.003
0.002
0.002
0.001
0.001
0.001
0.001
0.000
0.000
0.000
0.000
0.000
0.000
0.000
0.000
0.000
0.000
0.000
0.000
0.000
0.000
0.000
0.000
0.000
0.000
0.000
0.000
0.000
0.000
0.000
0.000
0.000
0.000
0.000
0.000
0.000
0.000
0.000
0.000
0.000
0.000
0.000
0.000
0.000
0.000
0.000
0.000
0.000
0.000
0.000
0.000
0.000
0.000
0.000
0.000
0.000
0.000
0.000
0.000
0.000
0.000
0.000
0.000
-0.000
-0.000
-0.000
-0.000
-0.000
-0.000
0.000
0.000
0.000
0.000
0.000
0.000
0.000
0.000
0.000
0
0
0
0
0
0
0
0
0
0
0
0
0
0
0
0
0
0
0
0
0
0
0
0
0
0
0
0
0
0
0
0
0
0
0
0
0
0
0
0
0
0
0
0
0
0
0
0
0
0
0
0
0
0
0
0
0
0
0
0
0
0
0
0
0
0
0
0
0
0
0
0
0
0
0
0
0
0
0
0
0
0
0
0
0
0
0
0
0
0
0
0
0
0
0
0
0
0
0
0
0
0
0
0
0
0
0
0
0
0
0
0
0
0
0
0
0
0
0
0
0
0
0
0
0
0
0
0
0
0
0
0
0
0
0
0
0
0
0
0
0
0
0
0
0
0
0
0
0
0
0
0
0
0
0
0
0
0
0
0
0
0
0
0
0
0
0
0
0
0
0
0
0
0
0
0
0
0
0
0
0
0
0
0
0
0
0
0
0
0
0
0
0
0
0
0
0
0
0
0
0
0
0
0
0
0
0
0
0
0
0
0
0
0
0
0
0
0
0
0
0
0
0
0
0
0
0
0
0
0
0
0
0
0
0
0
0
0
0
0
0
0
0
0
0
0
0
0
0
0
0
0
0
0
0
0
0
0
0
0
0
0
0
0
0
0
0
0
0
0
0
0
0
0
0
0
0
0
0
0
0
0
0
0
0
0
0
0
0
0
0
0
0
0
0
0
0
0
0
0
0
0
0
0
0
0
0
0
0
0
0
0
0
0
0
0
0
0
0
0
0
0
0
0
0
0
0
0
0
0
0
0
0
0
0
0
0
0
0
0
0
0
0
0
0
0
0
0
0
0
0
0
0
0
0
0
0
0
0
0
0
0
0
0
0
0
0
0
0
0
0
0
0
0
0
0
0
0
0
0
0
0
0
0
0
0
0
0
0
0
0
0
0
0
0
0
0
0
0
0
0
0
0
0
0
0
0
0
0
0
0
0
0
0
0
0
0
0
0
0
0
0
0
0
0
0
0
0
0
0
0
0
0
0
0
0
0
0
0
0
0
0
0
0
0
0
0
0
0
0
0
0
0
0
0
0
0
0
0
0
0
0
0
0
0
0
0
0
0
0
0
0
0
0
0
0
0
0
0
0
0
0
0
0
0
0
0
0
0
0
0
0
0
0
0
0
0
0
0
0
0
0
0
0
0
0
0
0
0
0
0
0
0
0
0
0
0
0
0
0
0
0
0
0
0
0
0
0
0
0
0
0
0
0
0
0
0
0
0
0
0
0
0
0
0
0
0
0
0
0
0
0
0
0
0
0
0
0
0
0
0
0
0
0
0
0
0
0
0
0
0
0
0
0
0
0
0
0
0
0
0
0
0
0
0
0
0
0
0
0
0
0
0
0
0
0
0
0
0
0
0
0
0
0
0
0
0
0
0
0
0
0
0
0
0
0
0
0
0
0
0
0
0
0
0
0
0
0
0
0
0
0
0
0
0
0
0
0
0
0
0
0
0
0
0
0
0
0
0
0
0
0
0
0
0
0
0
0
0
0
0
0
0
0
0
0
0
0
0
0
0
0
0
0
0
0
0
0
0
0
0
0
0
0
0
0
0
0
0
0
0
0
0
0
0
0
0
0
0
0
0
0
0
0
0
0
0
0
0
0
0
0
0
0
0
0
0
0
0
0
0
0
0
0
0
0
0
0
0
0
0
0
0
0
0
0
0
0
0
0
0
0
0
0
0
0
0
0
0
0
0
0
0
0
0
0
0
0
0
0
0
0
0
0
0
0
0
0
0
0
0
0
0
0
0
0
0
0
0
0
0
0
0
0
0
0
0
0
0
0
0
0
0
0
0
0
0
0
0
0
0
0
0
0
0
0
0
0
0
0
0
0
0
0
0
0
0
0
0
0
0
0
0
0
0
0
0
0
0
0
$MCA_CAL:
3
-1.4656616 2.9313233 0.00000000000000
$ENER_FIT:
-1.4656616 2.9313233 0.00000000000000
$MCA_CAL_DATA:
3
298 872
597 1749
896 2625
$CAMBIO:
Parent file specification: C:\GADRAS-DRF\Temp\123I_125.0_175.0_lead_0.92_7.5.pcf
Successful read of spectrum: Yes
Error message: None
Warning: None
Information: None
Neutrons: 0
Number of spectral records in the parent file: 1
Record number of this spectrum in the parent file: 1
Date and time of acquisition read successfully from the original file: Yes
Live time read successfully from the original file: Yes
True time read successfully from the original file: Yes
GADRAS Tag character is:  
Version: 130122
Parent file type: Sandia GADRAS PCF
