$SPEC_ID:
123I,1uC{82,0.22}
$MEAS_TIM:
3600.00 3600.00
$DATE_MEA:
3/9/2018 5:22:25 PM
$DATA:
0 1193
167.429
210.146
198.710
168.476
133.290
103.490
81.267
63.871
51.723
43.687
38.633
35.678
35.443
37.489
40.117
42.264
43.866
45.565
48.141
51.311
55.291
59.866
63.431
65.512
67.453
71.009
77.226
87.425
103.897
126.390
149.067
163.193
164.881
156.829
144.062
130.789
119.210
110.177
103.978
100.734
100.496
103.539
109.344
116.253
122.198
125.581
126.537
127.216
132.663
150.251
186.529
240.382
298.018
336.181
333.006
286.172
211.151
134.153
73.299
35.156
15.537
7.306
4.448
3.604
3.412
3.406
3.455
3.516
3.573
3.602
3.579
3.487
3.331
3.132
2.904
2.664
2.437
2.240
2.073
1.938
1.837
1.762
1.703
1.648
1.586
1.518
1.446
1.382
1.337
1.327
1.363
1.450
1.583
1.741
1.899
2.022
2.075
2.044
1.926
1.737
1.509
1.273
1.057
0.880
0.746
0.655
0.597
0.564
0.550
0.548
0.555
0.570
0.590
0.613
0.637
0.657
0.668
0.666
0.650
0.620
0.579
0.532
0.482
0.434
0.392
0.357
0.330
0.309
0.295
0.285
0.279
0.275
0.273
0.272
0.272
0.275
0.280
0.289
0.303
0.324
0.355
0.394
0.444
0.503
0.568
0.636
0.702
0.759
0.800
0.819
0.816
0.791
0.745
0.684
0.613
0.539
0.467
0.403
0.350
0.311
0.286
0.276
0.280
0.299
0.332
0.379
0.441
0.517
0.607
0.712
0.832
0.964
1.107
1.258
1.413
1.564
1.703
1.823
1.915
1.970
1.980
1.945
1.868
1.750
1.599
1.425
1.239
1.051
0.868
0.699
0.550
0.423
0.318
0.234
0.170
0.122
0.088
0.064
0.048
0.039
0.034
0.032
0.033
0.035
0.039
0.044
0.049
0.054
0.060
0.064
0.068
0.071
0.072
0.072
0.070
0.068
0.063
0.058
0.053
0.047
0.042
0.036
0.032
0.028
0.025
0.023
0.021
0.020
0.020
0.020
0.021
0.022
0.022
0.023
0.024
0.025
0.025
0.026
0.026
0.027
0.028
0.029
0.031
0.032
0.034
0.035
0.037
0.039
0.040
0.041
0.042
0.043
0.043
0.042
0.042
0.041
0.040
0.040
0.039
0.038
0.038
0.037
0.037
0.037
0.036
0.036
0.035
0.034
0.033
0.032
0.030
0.028
0.025
0.023
0.020
0.018
0.015
0.013
0.011
0.009
0.007
0.006
0.004
0.003
0.003
0.002
0.001
0.001
0.001
0.000
0.000
0.000
0.000
0.000
0.000
0.000
0.000
0.000
0.000
0.000
0.000
0.000
0.000
0.000
0.000
0.000
0.000
0.000
0.000
0.000
0.000
0.000
0.000
0.000
0.000
0.000
0.000
0.000
0.000
0.000
0.000
0.000
0.000
0.000
0.000
0.000
0.000
0.000
0.000
0.000
0.000
0.000
0.000
0.000
0.000
0.000
0.000
0.000
0.000
0.000
0.000
0.000
0.000
0.000
0.000
0.000
-0.000
-0.000
-0.000
-0.000
-0.000
0.000
0.000
0.000
0.000
0.000
0.000
-0.000
-0.000
-0.000
-0.000
-0.000
0.000
0.000
0.000
0
0
0
0
0
0
0
0
0
0
0
0
0
0
0
0
0
0
0
0
0
0
0
0
0
0
0
0
0
0
0
0
0
0
0
0
0
0
0
0
0
0
0
0
0
0
0
0
0
0
0
0
0
0
0
0
0
0
0
0
0
0
0
0
0
0
0
0
0
0
0
0
0
0
0
0
0
0
0
0
0
0
0
0
0
0
0
0
0
0
0
0
0
0
0
0
0
0
0
0
0
0
0
0
0
0
0
0
0
0
0
0
0
0
0
0
0
0
0
0
0
0
0
0
0
0
0
0
0
0
0
0
0
0
0
0
0
0
0
0
0
0
0
0
0
0
0
0
0
0
0
0
0
0
0
0
0
0
0
0
0
0
0
0
0
0
0
0
0
0
0
0
0
0
0
0
0
0
0
0
0
0
0
0
0
0
0
0
0
0
0
0
0
0
0
0
0
0
0
0
0
0
0
0
0
0
0
0
0
0
0
0
0
0
0
0
0
0
0
0
0
0
0
0
0
0
0
0
0
0
0
0
0
0
0
0
0
0
0
0
0
0
0
0
0
0
0
0
0
0
0
0
0
0
0
0
0
0
0
0
0
0
0
0
0
0
0
0
0
0
0
0
0
0
0
0
0
0
0
0
0
0
0
0
0
0
0
0
0
0
0
0
0
0
0
0
0
0
0
0
0
0
0
0
0
0
0
0
0
0
0
0
0
0
0
0
0
0
0
0
0
0
0
0
0
0
0
0
0
0
0
0
0
0
0
0
0
0
0
0
0
0
0
0
0
0
0
0
0
0
0
0
0
0
0
0
0
0
0
0
0
0
0
0
0
0
0
0
0
0
0
0
0
0
0
0
0
0
0
0
0
0
0
0
0
0
0
0
0
0
0
0
0
0
0
0
0
0
0
0
0
0
0
0
0
0
0
0
0
0
0
0
0
0
0
0
0
0
0
0
0
0
0
0
0
0
0
0
0
0
0
0
0
0
0
0
0
0
0
0
0
0
0
0
0
0
0
0
0
0
0
0
0
0
0
0
0
0
0
0
0
0
0
0
0
0
0
0
0
0
0
0
0
0
0
0
0
0
0
0
0
0
0
0
0
0
0
0
0
0
0
0
0
0
0
0
0
0
0
0
0
0
0
0
0
0
0
0
0
0
0
0
0
0
0
0
0
0
0
0
0
0
0
0
0
0
0
0
0
0
0
0
0
0
0
0
0
0
0
0
0
0
0
0
0
0
0
0
0
0
0
0
0
0
0
0
0
0
0
0
0
0
0
0
0
0
0
0
0
0
0
0
0
0
0
0
0
0
0
0
0
0
0
0
0
0
0
0
0
0
0
0
0
0
0
0
0
0
0
0
0
0
0
0
0
0
0
0
0
0
0
0
0
0
0
0
0
0
0
0
0
0
0
0
0
0
0
0
0
0
0
0
0
0
0
0
0
0
0
0
0
0
0
0
0
0
0
0
0
0
0
0
0
0
0
0
0
0
0
0
0
0
0
0
0
0
0
0
0
0
0
0
0
0
0
0
0
0
0
0
0
0
0
0
0
0
0
0
0
0
0
0
0
0
0
0
0
0
0
0
0
0
0
0
0
0
0
0
0
0
0
0
0
0
0
0
0
0
0
0
0
0
0
0
0
0
0
0
0
0
0
0
0
0
0
0
0
0
0
0
0
0
0
0
0
0
0
0
0
0
0
0
0
0
0
0
0
0
0
0
0
0
0
0
0
0
0
0
0
0
0
0
0
0
0
0
0
0
0
0
0
0
0
0
0
0
0
0
0
0
0
0
0
0
0
0
0
0
0
0
0
0
0
0
0
0
0
0
0
0
0
0
0
0
0
0
0
0
0
0
0
0
0
0
0
0
0
0
0
$MCA_CAL:
3
-1.4656616 2.9313233 0.00000000000000
$ENER_FIT:
-1.4656616 2.9313233 0.00000000000000
$MCA_CAL_DATA:
3
298 872
597 1749
896 2625
$CAMBIO:
Parent file specification: C:\GADRAS-DRF\Temp\123I_125.0_237.5_lead_0.22_7.0.pcf
Successful read of spectrum: Yes
Error message: None
Warning: None
Information: None
Neutrons: 0
Number of spectral records in the parent file: 1
Record number of this spectrum in the parent file: 1
Date and time of acquisition read successfully from the original file: Yes
Live time read successfully from the original file: Yes
True time read successfully from the original file: Yes
GADRAS Tag character is:  
Version: 130122
Parent file type: Sandia GADRAS PCF
