$SPEC_ID:
123I,1uC{26,1.53}
$MEAS_TIM:
3600.00 3600.00
$DATE_MEA:
3/9/2018 5:22:25 PM
$DATA:
0 1193
141.221
177.551
167.688
155.586
122.957
95.456
75.007
58.896
47.457
39.388
34.597
32.526
32.941
35.073
37.738
39.893
41.622
43.767
46.952
51.029
56.096
62.111
67.048
70.231
72.948
76.581
81.939
89.825
102.830
120.775
138.656
149.548
149.944
143.039
133.407
123.668
115.182
108.449
103.466
100.123
98.921
100.166
103.600
108.088
111.931
113.837
113.281
111.312
111.590
120.030
142.428
180.865
226.022
257.138
253.076
211.752
149.029
87.602
43.907
19.227
8.127
4.049
2.823
2.506
2.451
2.478
2.527
2.584
2.647
2.697
2.706
2.659
2.559
2.418
2.249
2.069
1.900
1.750
1.623
1.520
1.441
1.379
1.327
1.280
1.231
1.174
1.113
1.055
1.008
0.983
0.988
1.030
1.104
1.200
1.301
1.383
1.416
1.388
1.298
1.160
0.998
0.837
0.696
0.586
0.507
0.456
0.424
0.406
0.397
0.393
0.394
0.400
0.410
0.424
0.439
0.452
0.459
0.457
0.445
0.424
0.395
0.361
0.327
0.296
0.269
0.247
0.231
0.219
0.211
0.206
0.202
0.200
0.198
0.197
0.196
0.196
0.197
0.200
0.206
0.215
0.230
0.251
0.279
0.314
0.355
0.399
0.443
0.481
0.509
0.524
0.521
0.503
0.471
0.428
0.379
0.330
0.283
0.242
0.210
0.186
0.172
0.166
0.168
0.179
0.197
0.222
0.256
0.298
0.348
0.408
0.476
0.552
0.637
0.728
0.823
0.919
1.011
1.093
1.156
1.194
1.204
1.183
1.130
1.050
0.949
0.833
0.710
0.588
0.473
0.371
0.282
0.209
0.152
0.108
0.076
0.053
0.038
0.028
0.021
0.018
0.016
0.016
0.017
0.019
0.022
0.025
0.029
0.033
0.036
0.039
0.042
0.044
0.045
0.045
0.044
0.041
0.039
0.035
0.031
0.027
0.024
0.020
0.017
0.015
0.013
0.012
0.011
0.011
0.011
0.012
0.012
0.013
0.014
0.014
0.014
0.015
0.015
0.015
0.015
0.016
0.016
0.017
0.017
0.018
0.019
0.021
0.022
0.023
0.024
0.025
0.025
0.026
0.025
0.025
0.025
0.024
0.023
0.023
0.022
0.022
0.021
0.021
0.021
0.021
0.021
0.021
0.021
0.021
0.020
0.019
0.018
0.017
0.015
0.013
0.012
0.010
0.008
0.007
0.006
0.004
0.003
0.003
0.002
0.001
0.001
0.001
0.001
0.000
0.000
0.000
0.000
0.000
0.000
0.000
0.000
0.000
0.000
0.000
0.000
0.000
0.000
0.000
0.000
0.000
0.000
0.000
0.000
0.000
0.000
0.000
0.000
0.000
0.000
0.000
0.000
0.000
0.000
0.000
0.000
0.000
0.000
0.000
0.000
0.000
0.000
0.000
0.000
0.000
0.000
0.000
0.000
0.000
0.000
0.000
0.000
0.000
0.000
0.000
0.000
0.000
-0.000
-0.000
-0.000
-0.000
0.000
0.000
0.000
0.000
0.000
0.000
0.000
0.000
0
0
0
0
0
0
0
0
0
0
0
0
0
0
0
0
0
0
0
0
0
0
0
0
0
0
0
0
0
0
0
0
0
0
0
0
0
0
0
0
0
0
0
0
0
0
0
0
0
0
0
0
0
0
0
0
0
0
0
0
0
0
0
0
0
0
0
0
0
0
0
0
0
0
0
0
0
0
0
0
0
0
0
0
0
0
0
0
0
0
0
0
0
0
0
0
0
0
0
0
0
0
0
0
0
0
0
0
0
0
0
0
0
0
0
0
0
0
0
0
0
0
0
0
0
0
0
0
0
0
0
0
0
0
0
0
0
0
0
0
0
0
0
0
0
0
0
0
0
0
0
0
0
0
0
0
0
0
0
0
0
0
0
0
0
0
0
0
0
0
0
0
0
0
0
0
0
0
0
0
0
0
0
0
0
0
0
0
0
0
0
0
0
0
0
0
0
0
0
0
0
0
0
0
0
0
0
0
0
0
0
0
0
0
0
0
0
0
0
0
0
0
0
0
0
0
0
0
0
0
0
0
0
0
0
0
0
0
0
0
0
0
0
0
0
0
0
0
0
0
0
0
0
0
0
0
0
0
0
0
0
0
0
0
0
0
0
0
0
0
0
0
0
0
0
0
0
0
0
0
0
0
0
0
0
0
0
0
0
0
0
0
0
0
0
0
0
0
0
0
0
0
0
0
0
0
0
0
0
0
0
0
0
0
0
0
0
0
0
0
0
0
0
0
0
0
0
0
0
0
0
0
0
0
0
0
0
0
0
0
0
0
0
0
0
0
0
0
0
0
0
0
0
0
0
0
0
0
0
0
0
0
0
0
0
0
0
0
0
0
0
0
0
0
0
0
0
0
0
0
0
0
0
0
0
0
0
0
0
0
0
0
0
0
0
0
0
0
0
0
0
0
0
0
0
0
0
0
0
0
0
0
0
0
0
0
0
0
0
0
0
0
0
0
0
0
0
0
0
0
0
0
0
0
0
0
0
0
0
0
0
0
0
0
0
0
0
0
0
0
0
0
0
0
0
0
0
0
0
0
0
0
0
0
0
0
0
0
0
0
0
0
0
0
0
0
0
0
0
0
0
0
0
0
0
0
0
0
0
0
0
0
0
0
0
0
0
0
0
0
0
0
0
0
0
0
0
0
0
0
0
0
0
0
0
0
0
0
0
0
0
0
0
0
0
0
0
0
0
0
0
0
0
0
0
0
0
0
0
0
0
0
0
0
0
0
0
0
0
0
0
0
0
0
0
0
0
0
0
0
0
0
0
0
0
0
0
0
0
0
0
0
0
0
0
0
0
0
0
0
0
0
0
0
0
0
0
0
0
0
0
0
0
0
0
0
0
0
0
0
0
0
0
0
0
0
0
0
0
0
0
0
0
0
0
0
0
0
0
0
0
0
0
0
0
0
0
0
0
0
0
0
0
0
0
0
0
0
0
0
0
0
0
0
0
0
0
0
0
0
0
0
0
0
0
0
0
0
0
0
0
0
0
0
0
0
0
0
0
0
0
0
0
0
0
0
0
0
0
0
0
0
0
0
0
0
0
0
0
0
0
0
0
0
0
0
0
0
0
0
0
0
0
0
0
0
0
0
0
0
0
0
0
0
0
0
0
0
0
0
0
0
0
0
0
0
0
0
0
0
0
0
0
0
0
0
0
0
0
0
0
0
0
0
0
0
0
0
0
0
0
0
0
0
0
0
0
0
0
0
0
0
0
0
0
0
0
0
0
0
0
0
0
0
0
0
0
0
0
0
0
0
0
0
0
0
0
0
0
0
0
0
0
0
0
0
0
0
0
0
0
0
0
0
0
0
0
0
0
0
0
0
0
0
0
0
0
0
0
0
0
0
0
0
0
0
0
0
0
0
0
0
0
0
0
0
0
0
0
0
0
0
$MCA_CAL:
3
-1.4656616 2.9313233 0.00000000000000
$ENER_FIT:
-1.4656616 2.9313233 0.00000000000000
$MCA_CAL_DATA:
3
298 872
597 1749
896 2625
$CAMBIO:
Parent file specification: C:\GADRAS-DRF\Temp\123I_125.0_300.0_iron_1.53_6.5.pcf
Successful read of spectrum: Yes
Error message: None
Warning: None
Information: None
Neutrons: 0
Number of spectral records in the parent file: 1
Record number of this spectrum in the parent file: 1
Date and time of acquisition read successfully from the original file: Yes
Live time read successfully from the original file: Yes
True time read successfully from the original file: Yes
GADRAS Tag character is:  
Version: 130122
Parent file type: Sandia GADRAS PCF
