$SPEC_ID:
123I,1uC{26,6.28}
$MEAS_TIM:
3600.00 3600.00
$DATE_MEA:
3/9/2018 5:22:25 PM
$DATA:
0 1193
105.885
131.988
124.430
138.016
109.510
85.363
67.135
52.827
42.832
35.644
31.535
29.696
30.078
31.952
34.304
36.293
38.149
40.765
44.481
49.199
54.685
61.094
66.639
70.369
73.217
76.231
80.502
86.546
96.264
108.299
118.769
124.420
122.728
116.962
110.094
104.332
100.718
99.303
99.221
100.402
102.743
106.125
110.171
113.810
116.086
116.368
114.344
110.889
109.163
113.767
127.016
151.122
180.394
199.456
192.659
159.757
112.253
66.174
34.038
15.949
7.611
4.557
3.595
3.279
3.191
3.173
3.173
3.183
3.201
3.212
3.199
3.147
3.058
2.942
2.807
2.664
2.533
2.422
2.331
2.256
2.194
2.138
2.086
2.030
1.967
1.895
1.818
1.743
1.679
1.636
1.624
1.647
1.698
1.769
1.848
1.913
1.930
1.886
1.784
1.638
1.470
1.303
1.158
1.042
0.958
0.899
0.859
0.833
0.815
0.801
0.793
0.792
0.795
0.801
0.807
0.811
0.809
0.797
0.774
0.742
0.702
0.658
0.614
0.572
0.536
0.505
0.481
0.462
0.447
0.435
0.426
0.419
0.413
0.407
0.401
0.397
0.394
0.393
0.395
0.401
0.412
0.430
0.455
0.487
0.526
0.569
0.612
0.648
0.675
0.686
0.680
0.657
0.619
0.571
0.517
0.462
0.411
0.365
0.329
0.303
0.287
0.280
0.281
0.291
0.309
0.335
0.370
0.414
0.468
0.531
0.604
0.686
0.776
0.872
0.972
1.073
1.169
1.255
1.320
1.356
1.362
1.334
1.272
1.181
1.066
0.936
0.798
0.660
0.532
0.418
0.320
0.239
0.175
0.126
0.090
0.065
0.047
0.036
0.029
0.025
0.023
0.023
0.025
0.027
0.030
0.033
0.037
0.041
0.045
0.049
0.052
0.054
0.054
0.054
0.053
0.050
0.047
0.043
0.038
0.034
0.029
0.026
0.022
0.020
0.018
0.016
0.016
0.015
0.015
0.016
0.017
0.017
0.018
0.018
0.019
0.019
0.019
0.019
0.020
0.020
0.020
0.021
0.022
0.023
0.024
0.026
0.027
0.028
0.029
0.030
0.031
0.031
0.031
0.030
0.030
0.029
0.028
0.027
0.026
0.026
0.026
0.026
0.026
0.026
0.026
0.025
0.025
0.025
0.024
0.023
0.021
0.019
0.018
0.016
0.014
0.012
0.010
0.008
0.007
0.005
0.004
0.003
0.002
0.002
0.001
0.001
0.001
0.000
0.000
0.000
0.000
0.000
0.000
0.000
0.000
0.000
0.000
0.000
0.000
0.000
0.000
0.000
0.000
0.000
0.000
0.000
0.000
0.000
0.000
0.000
0.000
0.000
0.000
0.000
0.000
0.000
0.000
0.000
0.000
0.000
0.000
0.000
0.000
0.000
0.000
0.000
0.000
0.000
0.000
0.000
0.000
0.000
0.000
0.000
0.000
0.000
0.000
0.000
0.000
0.000
-0.000
-0.000
-0.000
-0.000
0.000
0.000
0.000
0.000
0.000
0.000
0.000
0.000
0
0
0
0
0
0
0
0
0
0
0
0
0
0
0
0
0
0
0
0
0
0
0
0
0
0
0
0
0
0
0
0
0
0
0
0
0
0
0
0
0
0
0
0
0
0
0
0
0
0
0
0
0
0
0
0
0
0
0
0
0
0
0
0
0
0
0
0
0
0
0
0
0
0
0
0
0
0
0
0
0
0
0
0
0
0
0
0
0
0
0
0
0
0
0
0
0
0
0
0
0
0
0
0
0
0
0
0
0
0
0
0
0
0
0
0
0
0
0
0
0
0
0
0
0
0
0
0
0
0
0
0
0
0
0
0
0
0
0
0
0
0
0
0
0
0
0
0
0
0
0
0
0
0
0
0
0
0
0
0
0
0
0
0
0
0
0
0
0
0
0
0
0
0
0
0
0
0
0
0
0
0
0
0
0
0
0
0
0
0
0
0
0
0
0
0
0
0
0
0
0
0
0
0
0
0
0
0
0
0
0
0
0
0
0
0
0
0
0
0
0
0
0
0
0
0
0
0
0
0
0
0
0
0
0
0
0
0
0
0
0
0
0
0
0
0
0
0
0
0
0
0
0
0
0
0
0
0
0
0
0
0
0
0
0
0
0
0
0
0
0
0
0
0
0
0
0
0
0
0
0
0
0
0
0
0
0
0
0
0
0
0
0
0
0
0
0
0
0
0
0
0
0
0
0
0
0
0
0
0
0
0
0
0
0
0
0
0
0
0
0
0
0
0
0
0
0
0
0
0
0
0
0
0
0
0
0
0
0
0
0
0
0
0
0
0
0
0
0
0
0
0
0
0
0
0
0
0
0
0
0
0
0
0
0
0
0
0
0
0
0
0
0
0
0
0
0
0
0
0
0
0
0
0
0
0
0
0
0
0
0
0
0
0
0
0
0
0
0
0
0
0
0
0
0
0
0
0
0
0
0
0
0
0
0
0
0
0
0
0
0
0
0
0
0
0
0
0
0
0
0
0
0
0
0
0
0
0
0
0
0
0
0
0
0
0
0
0
0
0
0
0
0
0
0
0
0
0
0
0
0
0
0
0
0
0
0
0
0
0
0
0
0
0
0
0
0
0
0
0
0
0
0
0
0
0
0
0
0
0
0
0
0
0
0
0
0
0
0
0
0
0
0
0
0
0
0
0
0
0
0
0
0
0
0
0
0
0
0
0
0
0
0
0
0
0
0
0
0
0
0
0
0
0
0
0
0
0
0
0
0
0
0
0
0
0
0
0
0
0
0
0
0
0
0
0
0
0
0
0
0
0
0
0
0
0
0
0
0
0
0
0
0
0
0
0
0
0
0
0
0
0
0
0
0
0
0
0
0
0
0
0
0
0
0
0
0
0
0
0
0
0
0
0
0
0
0
0
0
0
0
0
0
0
0
0
0
0
0
0
0
0
0
0
0
0
0
0
0
0
0
0
0
0
0
0
0
0
0
0
0
0
0
0
0
0
0
0
0
0
0
0
0
0
0
0
0
0
0
0
0
0
0
0
0
0
0
0
0
0
0
0
0
0
0
0
0
0
0
0
0
0
0
0
0
0
0
0
0
0
0
0
0
0
0
0
0
0
0
0
0
0
0
0
0
0
0
0
0
0
0
0
0
0
0
0
0
0
0
0
0
0
0
0
0
0
0
0
0
0
0
0
0
0
0
0
0
0
0
0
0
0
0
0
0
0
0
0
0
0
0
0
0
0
0
0
0
0
0
0
0
0
0
0
0
0
0
0
0
0
0
0
0
0
0
0
0
0
0
0
0
0
0
0
0
0
0
0
0
0
0
0
0
0
0
0
0
0
0
0
0
0
0
0
0
0
0
0
0
0
0
0
0
0
0
0
0
0
0
0
0
0
0
0
0
0
0
0
0
0
0
0
0
0
0
0
0
0
0
0
0
0
$MCA_CAL:
3
-1.4656616 2.9313233 0.00000000000000
$ENER_FIT:
-1.4656616 2.9313233 0.00000000000000
$MCA_CAL_DATA:
3
298 872
597 1749
896 2625
$CAMBIO:
Parent file specification: C:\GADRAS-DRF\Temp\123I_50.0_237.5_iron_6.28_6.5.pcf
Successful read of spectrum: Yes
Error message: None
Warning: None
Information: None
Neutrons: 0
Number of spectral records in the parent file: 1
Record number of this spectrum in the parent file: 1
Date and time of acquisition read successfully from the original file: Yes
Live time read successfully from the original file: Yes
True time read successfully from the original file: Yes
GADRAS Tag character is:  
Version: 130122
Parent file type: Sandia GADRAS PCF
