$SPEC_ID:
123I,1uC{0,0}
$MEAS_TIM:
3600.00 3600.00
$DATE_MEA:
3/9/2018 5:22:25 PM
$DATA:
0 1193
407.575
576.728
543.986
457.045
377.660
313.284
310.975
1114.712
4849.057
7166.068
3761.747
1079.547
232.133
86.189
79.741
83.584
87.087
90.291
93.413
96.275
98.842
100.878
101.301
100.029
100.396
107.564
128.736
170.561
232.820
305.740
367.314
396.037
387.703
355.688
318.744
290.972
278.125
279.204
290.345
308.534
331.552
357.645
384.860
410.208
432.545
454.747
486.370
545.216
653.006
829.105
1071.276
1351.545
1603.708
1756.008
1748.142
1575.681
1278.960
933.510
613.704
361.842
194.156
94.942
44.265
21.125
11.724
8.155
6.707
6.269
6.205
6.151
6.016
5.868
5.727
5.579
5.421
5.262
5.115
4.996
4.918
4.877
4.868
4.878
4.887
4.885
4.863
4.825
4.798
4.808
4.894
5.091
5.413
5.851
6.380
6.931
7.427
7.796
7.968
7.892
7.580
7.059
6.380
5.624
4.873
4.182
3.590
3.127
2.790
2.565
2.437
2.386
2.390
2.431
2.496
2.568
2.636
2.686
2.707
2.691
2.638
2.547
2.423
2.276
2.117
1.954
1.797
1.656
1.535
1.435
1.356
1.298
1.259
1.236
1.227
1.232
1.252
1.288
1.342
1.418
1.517
1.643
1.793
1.968
2.165
2.375
2.589
2.795
2.981
3.134
3.238
3.284
3.273
3.205
3.083
2.915
2.718
2.506
2.294
2.096
1.925
1.796
1.717
1.693
1.729
1.827
1.990
2.215
2.503
2.850
3.252
3.701
4.189
4.708
5.242
5.773
6.285
6.759
7.175
7.510
7.743
7.857
7.851
7.723
7.475
7.111
6.650
6.116
5.531
4.917
4.295
3.685
3.107
2.579
2.109
1.697
1.346
1.054
0.821
0.638
0.499
0.395
0.322
0.273
0.244
0.229
0.224
0.227
0.234
0.244
0.255
0.265
0.273
0.279
0.282
0.281
0.276
0.269
0.259
0.246
0.231
0.216
0.199
0.183
0.168
0.154
0.142
0.131
0.122
0.116
0.111
0.108
0.107
0.107
0.107
0.109
0.112
0.114
0.118
0.122
0.126
0.130
0.134
0.139
0.144
0.149
0.154
0.159
0.164
0.169
0.172
0.176
0.179
0.181
0.182
0.183
0.182
0.182
0.181
0.179
0.177
0.175
0.172
0.169
0.166
0.162
0.158
0.154
0.149
0.144
0.138
0.131
0.124
0.116
0.108
0.100
0.092
0.083
0.074
0.066
0.058
0.050
0.043
0.037
0.031
0.026
0.021
0.017
0.014
0.011
0.009
0.007
0.005
0.004
0.003
0.003
0.002
0.002
0.001
0.001
0.001
0.001
0.001
0.001
0.001
0.001
0.001
0.001
0.001
0.001
0.001
0.001
0.001
0.001
0.001
0.001
0.001
0.001
0.001
0.001
0.000
0.000
0.000
0.000
0.000
0.000
0.000
0.000
0.000
0.000
0.000
0.000
0.000
0.000
0.000
0.000
0.000
0.000
0.000
0.000
0.000
0.000
0.000
0.000
0.000
0.000
0.000
0.000
0.000
0.000
0.000
0.000
-0.000
-0.000
-0.000
-0.000
-0.000
-0.000
0.000
0.000
0.000
0.000
0.000
0.000
0.000
0.000
0.000
0.000
0
0
0
0
0
0
0
0
0
0
0
0
0
0
0
0
0
0
0
0
0
0
0
0
0
0
0
0
0
0
0
0
0
0
0
0
0
0
0
0
0
0
0
0
0
0
0
0
0
0
0
0
0
0
0
0
0
0
0
0
0
0
0
0
0
0
0
0
0
0
0
0
0
0
0
0
0
0
0
0
0
0
0
0
0
0
0
0
0
0
0
0
0
0
0
0
0
0
0
0
0
0
0
0
0
0
0
0
0
0
0
0
0
0
0
0
0
0
0
0
0
0
0
0
0
0
0
0
0
0
0
0
0
0
0
0
0
0
0
0
0
0
0
0
0
0
0
0
0
0
0
0
0
0
0
0
0
0
0
0
0
0
0
0
0
0
0
0
0
0
0
0
0
0
0
0
0
0
0
0
0
0
0
0
0
0
0
0
0
0
0
0
0
0
0
0
0
0
0
0
0
0
0
0
0
0
0
0
0
0
0
0
0
0
0
0
0
0
0
0
0
0
0
0
0
0
0
0
0
0
0
0
0
0
0
0
0
0
0
0
0
0
0
0
0
0
0
0
0
0
0
0
0
0
0
0
0
0
0
0
0
0
0
0
0
0
0
0
0
0
0
0
0
0
0
0
0
0
0
0
0
0
0
0
0
0
0
0
0
0
0
0
0
0
0
0
0
0
0
0
0
0
0
0
0
0
0
0
0
0
0
0
0
0
0
0
0
0
0
0
0
0
0
0
0
0
0
0
0
0
0
0
0
0
0
0
0
0
0
0
0
0
0
0
0
0
0
0
0
0
0
0
0
0
0
0
0
0
0
0
0
0
0
0
0
0
0
0
0
0
0
0
0
0
0
0
0
0
0
0
0
0
0
0
0
0
0
0
0
0
0
0
0
0
0
0
0
0
0
0
0
0
0
0
0
0
0
0
0
0
0
0
0
0
0
0
0
0
0
0
0
0
0
0
0
0
0
0
0
0
0
0
0
0
0
0
0
0
0
0
0
0
0
0
0
0
0
0
0
0
0
0
0
0
0
0
0
0
0
0
0
0
0
0
0
0
0
0
0
0
0
0
0
0
0
0
0
0
0
0
0
0
0
0
0
0
0
0
0
0
0
0
0
0
0
0
0
0
0
0
0
0
0
0
0
0
0
0
0
0
0
0
0
0
0
0
0
0
0
0
0
0
0
0
0
0
0
0
0
0
0
0
0
0
0
0
0
0
0
0
0
0
0
0
0
0
0
0
0
0
0
0
0
0
0
0
0
0
0
0
0
0
0
0
0
0
0
0
0
0
0
0
0
0
0
0
0
0
0
0
0
0
0
0
0
0
0
0
0
0
0
0
0
0
0
0
0
0
0
0
0
0
0
0
0
0
0
0
0
0
0
0
0
0
0
0
0
0
0
0
0
0
0
0
0
0
0
0
0
0
0
0
0
0
0
0
0
0
0
0
0
0
0
0
0
0
0
0
0
0
0
0
0
0
0
0
0
0
0
0
0
0
0
0
0
0
0
0
0
0
0
0
0
0
0
0
0
0
0
0
0
0
0
0
0
0
0
0
0
0
0
0
0
0
0
0
0
0
0
0
0
0
0
0
0
0
0
0
0
0
0
0
0
0
0
0
0
0
0
0
0
0
0
0
0
0
0
0
0
0
0
0
0
0
0
0
0
0
0
0
0
0
0
0
0
0
0
0
0
0
0
0
0
0
0
0
0
0
0
0
0
0
0
0
0
0
0
0
0
0
0
0
0
0
0
0
0
0
0
0
0
0
0
0
0
0
0
0
0
0
0
0
0
0
0
0
0
0
0
0
0
0
0
0
0
0
0
0
0
0
0
0
0
0
0
0
0
0
0
0
0
0
0
0
0
0
0
0
$MCA_CAL:
3
-1.4656616 2.9313233 0.00000000000000
$ENER_FIT:
-1.4656616 2.9313233 0.00000000000000
$MCA_CAL_DATA:
3
298 872
597 1749
896 2625
$CAMBIO:
Parent file specification: C:\GADRAS-DRF\Temp\123I_150.0_112.5_none_0_8.5.pcf
Successful read of spectrum: Yes
Error message: None
Warning: None
Information: None
Neutrons: 0
Number of spectral records in the parent file: 1
Record number of this spectrum in the parent file: 1
Date and time of acquisition read successfully from the original file: Yes
Live time read successfully from the original file: Yes
True time read successfully from the original file: Yes
GADRAS Tag character is:  
Version: 130122
Parent file type: Sandia GADRAS PCF
