$SPEC_ID:
123I,1uC{82,0.92}
$MEAS_TIM:
3600.00 3600.00
$DATE_MEA:
3/9/2018 5:22:25 PM
$DATA:
0 1193
40.091
50.429
47.516
40.935
32.671
25.699
20.356
16.111
13.118
11.120
9.906
9.442
9.466
9.883
10.387
10.820
11.174
11.598
12.209
13.029
14.042
15.139
16.115
16.880
17.631
18.605
20.146
22.517
25.857
29.871
33.623
36.004
36.469
35.271
33.059
30.575
28.309
26.512
25.293
24.686
24.664
25.155
26.020
27.005
27.890
28.584
29.235
30.336
32.564
36.571
42.384
49.260
55.301
58.443
56.968
50.802
41.178
30.336
20.459
12.759
7.674
4.688
3.176
2.494
2.226
2.140
2.118
2.119
2.119
2.106
2.072
2.013
1.931
1.833
1.724
1.610
1.495
1.388
1.292
1.209
1.138
1.079
1.028
0.983
0.943
0.906
0.876
0.853
0.839
0.838
0.850
0.873
0.906
0.940
0.971
0.990
0.991
0.969
0.926
0.865
0.791
0.710
0.631
0.559
0.496
0.447
0.410
0.385
0.368
0.360
0.357
0.357
0.361
0.365
0.368
0.370
0.368
0.363
0.354
0.341
0.324
0.306
0.286
0.266
0.247
0.230
0.216
0.203
0.194
0.186
0.181
0.178
0.176
0.176
0.178
0.181
0.187
0.195
0.206
0.220
0.237
0.257
0.279
0.303
0.328
0.351
0.372
0.390
0.401
0.406
0.404
0.396
0.381
0.361
0.338
0.313
0.288
0.265
0.245
0.230
0.221
0.219
0.223
0.235
0.255
0.282
0.317
0.359
0.408
0.463
0.522
0.585
0.650
0.714
0.776
0.834
0.884
0.924
0.952
0.966
0.964
0.948
0.917
0.873
0.816
0.750
0.679
0.603
0.527
0.452
0.381
0.317
0.259
0.209
0.166
0.130
0.102
0.079
0.062
0.050
0.041
0.035
0.031
0.029
0.029
0.029
0.030
0.031
0.033
0.034
0.035
0.036
0.036
0.036
0.035
0.034
0.033
0.031
0.030
0.028
0.025
0.023
0.022
0.020
0.018
0.017
0.016
0.015
0.014
0.014
0.014
0.014
0.014
0.014
0.015
0.015
0.015
0.016
0.016
0.017
0.017
0.018
0.019
0.019
0.020
0.021
0.021
0.022
0.022
0.023
0.023
0.023
0.023
0.024
0.023
0.023
0.023
0.023
0.023
0.022
0.022
0.022
0.021
0.021
0.020
0.020
0.019
0.019
0.018
0.017
0.016
0.015
0.014
0.013
0.012
0.011
0.010
0.008
0.007
0.006
0.006
0.005
0.004
0.003
0.003
0.002
0.002
0.001
0.001
0.001
0.001
0.001
0.000
0.000
0.000
0.000
0.000
0.000
0.000
0.000
0.000
0.000
0.000
0.000
0.000
0.000
0.000
0.000
0.000
0.000
0.000
0.000
0.000
0.000
0.000
0.000
0.000
0.000
0.000
0.000
0.000
0.000
0.000
0.000
0.000
0.000
0.000
0.000
0.000
0.000
0.000
0.000
0.000
0.000
0.000
0.000
0.000
0.000
0.000
0.000
0.000
0.000
0.000
0.000
0.000
0.000
0.000
0.000
0.000
0.000
-0.000
-0.000
-0.000
-0.000
-0.000
-0.000
0.000
0.000
0.000
0.000
0.000
0.000
0.000
-0.000
-0.000
-0.000
-0.000
-0.000
-0.000
0.000
0.000
0.000
0.000
0
0
0
0
0
0
0
0
0
0
0
0
0
0
0
0
0
0
0
0
0
0
0
0
0
0
0
0
0
0
0
0
0
0
0
0
0
0
0
0
0
0
0
0
0
0
0
0
0
0
0
0
0
0
0
0
0
0
0
0
0
0
0
0
0
0
0
0
0
0
0
0
0
0
0
0
0
0
0
0
0
0
0
0
0
0
0
0
0
0
0
0
0
0
0
0
0
0
0
0
0
0
0
0
0
0
0
0
0
0
0
0
0
0
0
0
0
0
0
0
0
0
0
0
0
0
0
0
0
0
0
0
0
0
0
0
0
0
0
0
0
0
0
0
0
0
0
0
0
0
0
0
0
0
0
0
0
0
0
0
0
0
0
0
0
0
0
0
0
0
0
0
0
0
0
0
0
0
0
0
0
0
0
0
0
0
0
0
0
0
0
0
0
0
0
0
0
0
0
0
0
0
0
0
0
0
0
0
0
0
0
0
0
0
0
0
0
0
0
0
0
0
0
0
0
0
0
0
0
0
0
0
0
0
0
0
0
0
0
0
0
0
0
0
0
0
0
0
0
0
0
0
0
0
0
0
0
0
0
0
0
0
0
0
0
0
0
0
0
0
0
0
0
0
0
0
0
0
0
0
0
0
0
0
0
0
0
0
0
0
0
0
0
0
0
0
0
0
0
0
0
0
0
0
0
0
0
0
0
0
0
0
0
0
0
0
0
0
0
0
0
0
0
0
0
0
0
0
0
0
0
0
0
0
0
0
0
0
0
0
0
0
0
0
0
0
0
0
0
0
0
0
0
0
0
0
0
0
0
0
0
0
0
0
0
0
0
0
0
0
0
0
0
0
0
0
0
0
0
0
0
0
0
0
0
0
0
0
0
0
0
0
0
0
0
0
0
0
0
0
0
0
0
0
0
0
0
0
0
0
0
0
0
0
0
0
0
0
0
0
0
0
0
0
0
0
0
0
0
0
0
0
0
0
0
0
0
0
0
0
0
0
0
0
0
0
0
0
0
0
0
0
0
0
0
0
0
0
0
0
0
0
0
0
0
0
0
0
0
0
0
0
0
0
0
0
0
0
0
0
0
0
0
0
0
0
0
0
0
0
0
0
0
0
0
0
0
0
0
0
0
0
0
0
0
0
0
0
0
0
0
0
0
0
0
0
0
0
0
0
0
0
0
0
0
0
0
0
0
0
0
0
0
0
0
0
0
0
0
0
0
0
0
0
0
0
0
0
0
0
0
0
0
0
0
0
0
0
0
0
0
0
0
0
0
0
0
0
0
0
0
0
0
0
0
0
0
0
0
0
0
0
0
0
0
0
0
0
0
0
0
0
0
0
0
0
0
0
0
0
0
0
0
0
0
0
0
0
0
0
0
0
0
0
0
0
0
0
0
0
0
0
0
0
0
0
0
0
0
0
0
0
0
0
0
0
0
0
0
0
0
0
0
0
0
0
0
0
0
0
0
0
0
0
0
0
0
0
0
0
0
0
0
0
0
0
0
0
0
0
0
0
0
0
0
0
0
0
0
0
0
0
0
0
0
0
0
0
0
0
0
0
0
0
0
0
0
0
0
0
0
0
0
0
0
0
0
0
0
0
0
0
0
0
0
0
0
0
0
0
0
0
0
0
0
0
0
0
0
0
0
0
0
0
0
0
0
0
0
0
0
0
0
0
0
0
0
0
0
0
0
0
0
0
0
0
0
0
0
0
0
0
0
0
0
0
0
0
0
0
0
0
0
0
0
0
0
0
0
0
0
0
0
0
0
0
0
0
0
0
0
0
0
0
0
0
0
0
0
0
0
0
0
0
0
0
0
0
0
0
0
0
0
0
0
0
0
0
0
0
0
$MCA_CAL:
3
-1.4656616 2.9313233 0.00000000000000
$ENER_FIT:
-1.4656616 2.9313233 0.00000000000000
$MCA_CAL_DATA:
3
298 872
597 1749
896 2625
$CAMBIO:
Parent file specification: C:\GADRAS-DRF\Temp\123I_150.0_300.0_lead_0.92_8.5.pcf
Successful read of spectrum: Yes
Error message: None
Warning: None
Information: None
Neutrons: 0
Number of spectral records in the parent file: 1
Record number of this spectrum in the parent file: 1
Date and time of acquisition read successfully from the original file: Yes
Live time read successfully from the original file: Yes
True time read successfully from the original file: Yes
GADRAS Tag character is:  
Version: 130122
Parent file type: Sandia GADRAS PCF
