$SPEC_ID:
123I,1uC{82,0.22}
$MEAS_TIM:
3600.00 3600.00
$DATE_MEA:
3/9/2018 5:22:25 PM
$DATA:
0 1193
501.100
618.746
584.713
500.282
402.016
319.251
257.317
207.427
178.997
169.966
159.597
130.529
115.670
115.659
119.364
124.888
131.162
136.357
140.012
137.918
131.508
126.954
126.101
125.258
125.302
129.221
144.880
185.591
269.579
385.172
479.336
503.357
467.741
426.573
423.705
468.257
548.863
645.727
742.534
832.721
920.562
1013.327
1108.842
1190.747
1241.664
1259.822
1265.000
1307.201
1488.064
1978.681
2982.507
4543.212
6329.106
7650.241
7790.295
6639.551
4714.329
2775.096
1366.489
563.050
203.613
71.103
31.855
22.218
19.724
18.973
18.613
18.440
18.424
18.565
18.832
19.088
19.239
19.249
19.153
19.010
18.890
18.879
19.061
19.479
20.128
20.922
21.686
22.179
22.225
21.737
20.874
19.916
19.299
19.453
20.769
23.446
27.454
32.368
37.416
41.634
43.963
43.873
41.238
36.601
30.928
25.140
20.087
16.170
13.430
11.734
10.792
10.360
10.255
10.355
10.639
11.099
11.721
12.479
13.270
13.959
14.423
14.542
14.256
13.585
12.585
11.396
10.173
9.028
8.054
7.294
6.733
6.346
6.095
5.938
5.845
5.794
5.768
5.762
5.775
5.816
5.902
6.055
6.319
6.741
7.370
8.253
9.426
10.872
12.553
14.378
16.169
17.738
18.913
19.539
19.488
18.798
17.552
15.869
13.943
11.975
10.127
8.506
7.214
6.288
5.717
5.491
5.596
6.020
6.753
7.798
9.163
10.856
12.889
15.271
18.007
21.087
24.495
28.189
32.051
35.942
39.691
43.017
45.609
47.195
47.643
46.868
44.824
41.677
37.684
33.104
28.226
23.355
18.791
14.714
11.190
8.282
5.999
4.261
2.977
2.062
1.442
1.041
0.792
0.651
0.595
0.597
0.640
0.718
0.824
0.953
1.095
1.244
1.389
1.523
1.634
1.711
1.748
1.743
1.698
1.614
1.498
1.360
1.210
1.056
0.907
0.771
0.656
0.564
0.496
0.450
0.425
0.419
0.426
0.443
0.465
0.489
0.513
0.534
0.549
0.561
0.570
0.578
0.587
0.598
0.615
0.639
0.670
0.708
0.752
0.801
0.850
0.897
0.937
0.968
0.988
0.997
0.994
0.981
0.959
0.934
0.908
0.883
0.862
0.846
0.837
0.835
0.837
0.841
0.842
0.840
0.831
0.815
0.788
0.750
0.703
0.649
0.588
0.524
0.457
0.392
0.329
0.272
0.220
0.174
0.135
0.103
0.077
0.057
0.041
0.029
0.020
0.014
0.009
0.007
0.005
0.003
0.003
0.003
0.003
0.003
0.003
0.003
0.004
0.004
0.005
0.005
0.005
0.006
0.006
0.006
0.006
0.006
0.006
0.006
0.005
0.005
0.004
0.004
0.003
0.003
0.003
0.002
0.002
0.001
0.001
0.001
0.001
0.001
0.000
0.000
0.000
0.000
0.000
0.000
0.000
0.000
0.000
0.000
0.000
0.000
0.000
0.000
0.000
0.000
-0.000
-0.000
-0.000
-0.000
0.000
0.000
0.000
0.000
0.000
0.000
0.000
0.000
0
0
0
0
0
0
0
0
0
0
0
0
0
0
0
0
0
0
0
0
0
0
0
0
0
0
0
0
0
0
0
0
0
0
0
0
0
0
0
0
0
0
0
0
0
0
0
0
0
0
0
0
0
0
0
0
0
0
0
0
0
0
0
0
0
0
0
0
0
0
0
0
0
0
0
0
0
0
0
0
0
0
0
0
0
0
0
0
0
0
0
0
0
0
0
0
0
0
0
0
0
0
0
0
0
0
0
0
0
0
0
0
0
0
0
0
0
0
0
0
0
0
0
0
0
0
0
0
0
0
0
0
0
0
0
0
0
0
0
0
0
0
0
0
0
0
0
0
0
0
0
0
0
0
0
0
0
0
0
0
0
0
0
0
0
0
0
0
0
0
0
0
0
0
0
0
0
0
0
0
0
0
0
0
0
0
0
0
0
0
0
0
0
0
0
0
0
0
0
0
0
0
0
0
0
0
0
0
0
0
0
0
0
0
0
0
0
0
0
0
0
0
0
0
0
0
0
0
0
0
0
0
0
0
0
0
0
0
0
0
0
0
0
0
0
0
0
0
0
0
0
0
0
0
0
0
0
0
0
0
0
0
0
0
0
0
0
0
0
0
0
0
0
0
0
0
0
0
0
0
0
0
0
0
0
0
0
0
0
0
0
0
0
0
0
0
0
0
0
0
0
0
0
0
0
0
0
0
0
0
0
0
0
0
0
0
0
0
0
0
0
0
0
0
0
0
0
0
0
0
0
0
0
0
0
0
0
0
0
0
0
0
0
0
0
0
0
0
0
0
0
0
0
0
0
0
0
0
0
0
0
0
0
0
0
0
0
0
0
0
0
0
0
0
0
0
0
0
0
0
0
0
0
0
0
0
0
0
0
0
0
0
0
0
0
0
0
0
0
0
0
0
0
0
0
0
0
0
0
0
0
0
0
0
0
0
0
0
0
0
0
0
0
0
0
0
0
0
0
0
0
0
0
0
0
0
0
0
0
0
0
0
0
0
0
0
0
0
0
0
0
0
0
0
0
0
0
0
0
0
0
0
0
0
0
0
0
0
0
0
0
0
0
0
0
0
0
0
0
0
0
0
0
0
0
0
0
0
0
0
0
0
0
0
0
0
0
0
0
0
0
0
0
0
0
0
0
0
0
0
0
0
0
0
0
0
0
0
0
0
0
0
0
0
0
0
0
0
0
0
0
0
0
0
0
0
0
0
0
0
0
0
0
0
0
0
0
0
0
0
0
0
0
0
0
0
0
0
0
0
0
0
0
0
0
0
0
0
0
0
0
0
0
0
0
0
0
0
0
0
0
0
0
0
0
0
0
0
0
0
0
0
0
0
0
0
0
0
0
0
0
0
0
0
0
0
0
0
0
0
0
0
0
0
0
0
0
0
0
0
0
0
0
0
0
0
0
0
0
0
0
0
0
0
0
0
0
0
0
0
0
0
0
0
0
0
0
0
0
0
0
0
0
0
0
0
0
0
0
0
0
0
0
0
0
0
0
0
0
0
0
0
0
0
0
0
0
0
0
0
0
0
0
0
0
0
0
0
0
0
0
0
0
0
0
0
0
0
0
0
0
0
0
0
0
0
0
0
0
0
0
0
0
0
0
0
0
0
0
0
0
0
0
0
0
0
0
0
0
0
0
0
0
0
0
0
0
0
0
0
0
0
0
0
0
0
0
0
0
0
0
0
0
0
0
0
0
0
0
0
0
0
0
0
0
0
0
0
0
0
0
0
0
0
0
0
0
0
0
0
0
0
0
0
0
0
0
0
0
0
0
0
0
0
0
0
0
0
0
0
0
0
0
0
0
0
0
0
0
0
0
0
0
0
0
0
0
0
0
0
0
0
0
0
0
0
0
0
0
0
0
0
0
0
0
0
0
0
0
0
0
0
$MCA_CAL:
3
-1.4656616 2.9313233 0.00000000000000
$ENER_FIT:
-1.4656616 2.9313233 0.00000000000000
$MCA_CAL_DATA:
3
298 872
597 1749
896 2625
$CAMBIO:
Parent file specification: C:\GADRAS-DRF\Temp\123I_125.0_50.0_lead_0.22_6.5.pcf
Successful read of spectrum: Yes
Error message: None
Warning: None
Information: None
Neutrons: 0
Number of spectral records in the parent file: 1
Record number of this spectrum in the parent file: 1
Date and time of acquisition read successfully from the original file: Yes
Live time read successfully from the original file: Yes
True time read successfully from the original file: Yes
GADRAS Tag character is:  
Version: 130122
Parent file type: Sandia GADRAS PCF
