$SPEC_ID:
123I,1uC{82,1.61}
$MEAS_TIM:
3600.00 3600.00
$DATE_MEA:
3/9/2018 5:22:25 PM
$DATA:
0 1193
27.220
31.776
29.805
26.876
21.698
17.320
14.011
11.384
9.569
8.374
7.627
7.287
7.296
7.473
7.709
7.873
7.979
8.105
8.354
8.700
9.144
9.730
10.167
10.377
10.650
11.155
12.110
13.397
15.789
19.294
22.926
25.012
24.733
22.818
20.404
18.253
16.704
15.811
15.454
15.521
15.997
16.869
18.050
19.303
20.317
20.918
21.104
21.202
22.124
25.356
32.519
44.068
57.429
67.082
67.343
57.458
41.608
25.866
14.570
8.191
5.344
4.268
3.903
3.742
3.621
3.533
3.464
3.394
3.325
3.251
3.161
3.028
2.860
2.681
2.493
2.306
2.145
2.012
1.904
1.825
1.774
1.740
1.713
1.687
1.652
1.601
1.541
1.483
1.443
1.437
1.482
1.588
1.751
1.953
2.162
2.334
2.421
2.399
2.264
2.041
1.774
1.503
1.267
1.084
0.955
0.874
0.828
0.806
0.799
0.801
0.813
0.834
0.864
0.901
0.939
0.972
0.991
0.991
0.968
0.925
0.864
0.794
0.722
0.656
0.600
0.556
0.523
0.500
0.485
0.475
0.469
0.466
0.464
0.463
0.463
0.466
0.471
0.480
0.496
0.522
0.561
0.616
0.689
0.779
0.883
0.997
1.109
1.206
1.278
1.316
1.311
1.266
1.186
1.079
0.957
0.832
0.715
0.613
0.532
0.474
0.438
0.425
0.433
0.461
0.510
0.579
0.669
0.781
0.916
1.074
1.257
1.462
1.690
1.936
2.192
2.451
2.701
2.922
3.095
3.199
3.226
3.171
3.032
2.818
2.548
2.238
1.909
1.580
1.272
0.997
0.759
0.563
0.409
0.292
0.205
0.144
0.102
0.075
0.058
0.048
0.045
0.045
0.048
0.053
0.061
0.070
0.080
0.090
0.100
0.109
0.117
0.122
0.125
0.124
0.121
0.115
0.107
0.097
0.087
0.076
0.065
0.056
0.048
0.041
0.037
0.033
0.032
0.031
0.032
0.033
0.035
0.036
0.038
0.039
0.041
0.041
0.042
0.043
0.043
0.044
0.045
0.047
0.049
0.052
0.055
0.059
0.062
0.065
0.068
0.071
0.072
0.073
0.072
0.071
0.070
0.068
0.066
0.064
0.063
0.062
0.061
0.061
0.061
0.061
0.061
0.061
0.060
0.059
0.057
0.055
0.051
0.047
0.043
0.038
0.033
0.028
0.024
0.020
0.016
0.013
0.010
0.007
0.006
0.004
0.003
0.002
0.001
0.001
0.001
0.000
0.000
0.000
0.000
0.000
0.000
0.000
0.000
0.000
0.000
0.000
0.000
0.000
0.000
0.000
0.000
0.000
0.000
0.000
0.000
0.000
0.000
0.000
0.000
0.000
0.000
0.000
0.000
0.000
0.000
0.000
0.000
0.000
0.000
0.000
0.000
0.000
0.000
0.000
0.000
0.000
0.000
0.000
0.000
0.000
0.000
0.000
0.000
0.000
0.000
0.000
-0.000
-0.000
-0.000
-0.000
0.000
0.000
0.000
0.000
0.000
0.000
0.000
0.000
0
0
0
0
0
0
0
0
0
0
0
0
0
0
0
0
0
0
0
0
0
0
0
0
0
0
0
0
0
0
0
0
0
0
0
0
0
0
0
0
0
0
0
0
0
0
0
0
0
0
0
0
0
0
0
0
0
0
0
0
0
0
0
0
0
0
0
0
0
0
0
0
0
0
0
0
0
0
0
0
0
0
0
0
0
0
0
0
0
0
0
0
0
0
0
0
0
0
0
0
0
0
0
0
0
0
0
0
0
0
0
0
0
0
0
0
0
0
0
0
0
0
0
0
0
0
0
0
0
0
0
0
0
0
0
0
0
0
0
0
0
0
0
0
0
0
0
0
0
0
0
0
0
0
0
0
0
0
0
0
0
0
0
0
0
0
0
0
0
0
0
0
0
0
0
0
0
0
0
0
0
0
0
0
0
0
0
0
0
0
0
0
0
0
0
0
0
0
0
0
0
0
0
0
0
0
0
0
0
0
0
0
0
0
0
0
0
0
0
0
0
0
0
0
0
0
0
0
0
0
0
0
0
0
0
0
0
0
0
0
0
0
0
0
0
0
0
0
0
0
0
0
0
0
0
0
0
0
0
0
0
0
0
0
0
0
0
0
0
0
0
0
0
0
0
0
0
0
0
0
0
0
0
0
0
0
0
0
0
0
0
0
0
0
0
0
0
0
0
0
0
0
0
0
0
0
0
0
0
0
0
0
0
0
0
0
0
0
0
0
0
0
0
0
0
0
0
0
0
0
0
0
0
0
0
0
0
0
0
0
0
0
0
0
0
0
0
0
0
0
0
0
0
0
0
0
0
0
0
0
0
0
0
0
0
0
0
0
0
0
0
0
0
0
0
0
0
0
0
0
0
0
0
0
0
0
0
0
0
0
0
0
0
0
0
0
0
0
0
0
0
0
0
0
0
0
0
0
0
0
0
0
0
0
0
0
0
0
0
0
0
0
0
0
0
0
0
0
0
0
0
0
0
0
0
0
0
0
0
0
0
0
0
0
0
0
0
0
0
0
0
0
0
0
0
0
0
0
0
0
0
0
0
0
0
0
0
0
0
0
0
0
0
0
0
0
0
0
0
0
0
0
0
0
0
0
0
0
0
0
0
0
0
0
0
0
0
0
0
0
0
0
0
0
0
0
0
0
0
0
0
0
0
0
0
0
0
0
0
0
0
0
0
0
0
0
0
0
0
0
0
0
0
0
0
0
0
0
0
0
0
0
0
0
0
0
0
0
0
0
0
0
0
0
0
0
0
0
0
0
0
0
0
0
0
0
0
0
0
0
0
0
0
0
0
0
0
0
0
0
0
0
0
0
0
0
0
0
0
0
0
0
0
0
0
0
0
0
0
0
0
0
0
0
0
0
0
0
0
0
0
0
0
0
0
0
0
0
0
0
0
0
0
0
0
0
0
0
0
0
0
0
0
0
0
0
0
0
0
0
0
0
0
0
0
0
0
0
0
0
0
0
0
0
0
0
0
0
0
0
0
0
0
0
0
0
0
0
0
0
0
0
0
0
0
0
0
0
0
0
0
0
0
0
0
0
0
0
0
0
0
0
0
0
0
0
0
0
0
0
0
0
0
0
0
0
0
0
0
0
0
0
0
0
0
0
0
0
0
0
0
0
0
0
0
0
0
0
0
0
0
0
0
0
0
0
0
0
0
0
0
0
0
0
0
0
0
0
0
0
0
0
0
0
0
0
0
0
0
0
0
0
0
0
0
0
0
0
0
0
0
0
0
0
0
0
0
0
0
0
0
0
0
0
0
0
0
0
0
0
0
0
0
0
0
0
0
0
0
0
0
0
0
0
0
0
0
0
0
0
0
0
0
0
0
0
0
0
0
0
0
0
0
0
0
0
0
0
0
0
0
0
0
0
0
0
0
0
0
0
0
0
$MCA_CAL:
3
-1.4656616 2.9313233 0.00000000000000
$ENER_FIT:
-1.4656616 2.9313233 0.00000000000000
$MCA_CAL_DATA:
3
298 872
597 1749
896 2625
$CAMBIO:
Parent file specification: C:\GADRAS-DRF\Temp\123I_150.0_175.0_lead_1.61_6.5.pcf
Successful read of spectrum: Yes
Error message: None
Warning: None
Information: None
Neutrons: 0
Number of spectral records in the parent file: 1
Record number of this spectrum in the parent file: 1
Date and time of acquisition read successfully from the original file: Yes
Live time read successfully from the original file: Yes
True time read successfully from the original file: Yes
GADRAS Tag character is:  
Version: 130122
Parent file type: Sandia GADRAS PCF
