$SPEC_ID:
123I,1uC{26,1.53}
$MEAS_TIM:
3600.00 3600.00
$DATE_MEA:
3/9/2018 5:22:25 PM
$DATA:
0 1193
219.792
275.968
260.528
241.835
189.527
146.529
114.294
89.078
71.139
58.407
50.800
47.338
47.376
50.067
53.652
56.870
59.553
62.410
66.293
70.734
76.225
82.258
86.666
88.920
91.347
97.289
109.271
129.506
161.681
202.577
241.331
263.523
262.299
243.618
217.978
194.378
176.721
165.780
161.495
162.403
167.660
177.192
189.870
203.053
213.873
220.703
224.279
229.159
245.937
288.834
368.409
483.595
606.758
688.904
684.141
588.661
434.829
275.652
149.756
71.274
30.654
13.375
7.305
5.423
4.876
4.693
4.618
4.565
4.508
4.438
4.337
4.178
3.968
3.735
3.487
3.233
3.006
2.825
2.686
2.585
2.521
2.485
2.460
2.430
2.379
2.308
2.224
2.146
2.096
2.102
2.188
2.358
2.604
2.893
3.181
3.411
3.519
3.479
3.289
2.975
2.593
2.195
1.829
1.532
1.308
1.155
1.060
1.008
0.986
0.986
1.002
1.031
1.067
1.109
1.152
1.188
1.210
1.208
1.183
1.134
1.065
0.986
0.902
0.822
0.751
0.692
0.646
0.612
0.588
0.572
0.562
0.556
0.552
0.551
0.552
0.557
0.566
0.581
0.605
0.641
0.692
0.758
0.841
0.940
1.049
1.163
1.273
1.367
1.435
1.466
1.460
1.416
1.337
1.232
1.112
0.985
0.863
0.753
0.663
0.597
0.554
0.536
0.543
0.574
0.629
0.708
0.810
0.938
1.090
1.266
1.467
1.689
1.929
2.182
2.440
2.691
2.923
3.122
3.274
3.362
3.376
3.314
3.180
2.978
2.720
2.423
2.107
1.787
1.477
1.189
0.936
0.721
0.543
0.401
0.292
0.210
0.152
0.112
0.085
0.069
0.061
0.058
0.059
0.063
0.069
0.077
0.086
0.095
0.104
0.112
0.119
0.123
0.125
0.125
0.122
0.117
0.110
0.101
0.092
0.082
0.073
0.064
0.056
0.049
0.044
0.040
0.038
0.036
0.036
0.036
0.037
0.038
0.040
0.041
0.042
0.043
0.044
0.045
0.046
0.048
0.049
0.051
0.053
0.056
0.059
0.061
0.064
0.067
0.069
0.071
0.072
0.073
0.073
0.073
0.072
0.071
0.069
0.068
0.067
0.065
0.065
0.064
0.064
0.063
0.062
0.062
0.060
0.059
0.057
0.054
0.051
0.047
0.043
0.039
0.035
0.030
0.026
0.022
0.018
0.015
0.012
0.010
0.007
0.006
0.004
0.003
0.002
0.002
0.001
0.001
0.001
0.000
0.000
0.000
0.000
0.000
0.000
0.000
0.000
0.000
0.000
0.000
0.000
0.000
0.000
0.000
0.000
0.000
0.000
0.000
0.000
0.000
0.000
0.000
0.000
0.000
0.000
0.000
0.000
0.000
0.000
0.000
0.000
0.000
0.000
0.000
0.000
0.000
0.000
0.000
0.000
0.000
0.000
0.000
0.000
0.000
0.000
0.000
0.000
0.000
0.000
0.000
0.000
0.000
0.000
0.000
-0.000
-0.000
-0.000
-0.000
-0.000
0.000
0.000
0.000
0.000
0.000
0.000
-0.000
-0.000
-0.000
-0.000
-0.000
0.000
0.000
0.000
0
0
0
0
0
0
0
0
0
0
0
0
0
0
0
0
0
0
0
0
0
0
0
0
0
0
0
0
0
0
0
0
0
0
0
0
0
0
0
0
0
0
0
0
0
0
0
0
0
0
0
0
0
0
0
0
0
0
0
0
0
0
0
0
0
0
0
0
0
0
0
0
0
0
0
0
0
0
0
0
0
0
0
0
0
0
0
0
0
0
0
0
0
0
0
0
0
0
0
0
0
0
0
0
0
0
0
0
0
0
0
0
0
0
0
0
0
0
0
0
0
0
0
0
0
0
0
0
0
0
0
0
0
0
0
0
0
0
0
0
0
0
0
0
0
0
0
0
0
0
0
0
0
0
0
0
0
0
0
0
0
0
0
0
0
0
0
0
0
0
0
0
0
0
0
0
0
0
0
0
0
0
0
0
0
0
0
0
0
0
0
0
0
0
0
0
0
0
0
0
0
0
0
0
0
0
0
0
0
0
0
0
0
0
0
0
0
0
0
0
0
0
0
0
0
0
0
0
0
0
0
0
0
0
0
0
0
0
0
0
0
0
0
0
0
0
0
0
0
0
0
0
0
0
0
0
0
0
0
0
0
0
0
0
0
0
0
0
0
0
0
0
0
0
0
0
0
0
0
0
0
0
0
0
0
0
0
0
0
0
0
0
0
0
0
0
0
0
0
0
0
0
0
0
0
0
0
0
0
0
0
0
0
0
0
0
0
0
0
0
0
0
0
0
0
0
0
0
0
0
0
0
0
0
0
0
0
0
0
0
0
0
0
0
0
0
0
0
0
0
0
0
0
0
0
0
0
0
0
0
0
0
0
0
0
0
0
0
0
0
0
0
0
0
0
0
0
0
0
0
0
0
0
0
0
0
0
0
0
0
0
0
0
0
0
0
0
0
0
0
0
0
0
0
0
0
0
0
0
0
0
0
0
0
0
0
0
0
0
0
0
0
0
0
0
0
0
0
0
0
0
0
0
0
0
0
0
0
0
0
0
0
0
0
0
0
0
0
0
0
0
0
0
0
0
0
0
0
0
0
0
0
0
0
0
0
0
0
0
0
0
0
0
0
0
0
0
0
0
0
0
0
0
0
0
0
0
0
0
0
0
0
0
0
0
0
0
0
0
0
0
0
0
0
0
0
0
0
0
0
0
0
0
0
0
0
0
0
0
0
0
0
0
0
0
0
0
0
0
0
0
0
0
0
0
0
0
0
0
0
0
0
0
0
0
0
0
0
0
0
0
0
0
0
0
0
0
0
0
0
0
0
0
0
0
0
0
0
0
0
0
0
0
0
0
0
0
0
0
0
0
0
0
0
0
0
0
0
0
0
0
0
0
0
0
0
0
0
0
0
0
0
0
0
0
0
0
0
0
0
0
0
0
0
0
0
0
0
0
0
0
0
0
0
0
0
0
0
0
0
0
0
0
0
0
0
0
0
0
0
0
0
0
0
0
0
0
0
0
0
0
0
0
0
0
0
0
0
0
0
0
0
0
0
0
0
0
0
0
0
0
0
0
0
0
0
0
0
0
0
0
0
0
0
0
0
0
0
0
0
0
0
0
0
0
0
0
0
0
0
0
0
0
0
0
0
0
0
0
0
0
0
0
0
0
0
0
0
0
0
0
0
0
0
0
0
0
0
0
0
0
0
0
0
0
0
0
0
0
0
0
0
0
0
0
0
0
0
0
0
0
0
0
0
0
0
0
0
0
0
0
0
0
0
0
0
0
0
0
0
0
0
0
0
0
0
0
0
0
0
0
0
0
0
0
0
0
0
0
0
0
0
0
0
0
0
0
0
0
0
0
0
0
0
0
0
0
0
0
0
0
0
0
0
0
0
0
0
0
0
0
0
0
0
0
0
0
0
0
$MCA_CAL:
3
-1.4656616 2.9313233 0.00000000000000
$ENER_FIT:
-1.4656616 2.9313233 0.00000000000000
$MCA_CAL_DATA:
3
298 872
597 1749
896 2625
$CAMBIO:
Parent file specification: C:\GADRAS-DRF\Temp\123I_150.0_175.0_iron_1.53_7.0.pcf
Successful read of spectrum: Yes
Error message: None
Warning: None
Information: None
Neutrons: 0
Number of spectral records in the parent file: 1
Record number of this spectrum in the parent file: 1
Date and time of acquisition read successfully from the original file: Yes
Live time read successfully from the original file: Yes
True time read successfully from the original file: Yes
GADRAS Tag character is:  
Version: 130122
Parent file type: Sandia GADRAS PCF
