$SPEC_ID:
123I,1uC{26,1.53}
$MEAS_TIM:
3600.00 3600.00
$DATE_MEA:
3/9/2018 5:22:25 PM
$DATA:
0 1193
233.730
292.922
276.602
257.881
204.114
158.578
124.683
97.964
78.993
65.613
57.675
54.226
54.892
58.416
62.806
66.338
69.177
72.872
78.439
85.853
95.257
106.743
116.370
122.209
126.006
130.138
136.504
146.873
165.443
191.770
217.730
232.312
230.124
217.055
201.396
188.229
179.896
176.579
176.945
180.209
186.103
194.355
204.087
212.972
218.289
218.404
213.007
204.538
199.860
209.111
241.793
301.034
371.518
419.636
411.331
343.293
241.149
141.491
70.729
30.793
12.821
6.200
4.199
3.667
3.547
3.564
3.624
3.698
3.785
3.862
3.898
3.869
3.776
3.637
3.467
3.282
3.110
2.961
2.834
2.731
2.651
2.584
2.521
2.452
2.371
2.272
2.164
2.060
1.974
1.926
1.929
1.990
2.105
2.257
2.417
2.545
2.596
2.548
2.401
2.176
1.914
1.652
1.422
1.242
1.111
1.024
0.968
0.934
0.913
0.901
0.896
0.900
0.910
0.927
0.944
0.957
0.960
0.949
0.920
0.876
0.820
0.757
0.693
0.633
0.580
0.537
0.503
0.476
0.456
0.441
0.428
0.418
0.410
0.402
0.396
0.390
0.387
0.386
0.390
0.401
0.420
0.449
0.490
0.542
0.604
0.672
0.739
0.798
0.841
0.863
0.857
0.826
0.774
0.704
0.625
0.544
0.468
0.401
0.348
0.310
0.286
0.276
0.279
0.295
0.323
0.364
0.417
0.484
0.565
0.659
0.768
0.890
1.025
1.171
1.324
1.477
1.625
1.756
1.857
1.918
1.933
1.899
1.815
1.686
1.524
1.339
1.141
0.944
0.760
0.596
0.454
0.337
0.245
0.175
0.123
0.086
0.061
0.045
0.035
0.029
0.027
0.027
0.028
0.031
0.036
0.041
0.046
0.052
0.058
0.063
0.068
0.071
0.072
0.072
0.070
0.067
0.062
0.056
0.050
0.044
0.038
0.032
0.028
0.024
0.021
0.019
0.018
0.018
0.018
0.019
0.020
0.021
0.022
0.023
0.023
0.024
0.024
0.024
0.025
0.025
0.026
0.027
0.028
0.030
0.031
0.033
0.035
0.037
0.039
0.040
0.041
0.041
0.041
0.040
0.039
0.038
0.037
0.036
0.035
0.035
0.034
0.034
0.034
0.034
0.034
0.034
0.034
0.033
0.032
0.031
0.029
0.026
0.024
0.021
0.019
0.016
0.013
0.011
0.009
0.007
0.006
0.004
0.003
0.002
0.002
0.001
0.001
0.001
0.000
0.000
0.000
0.000
0.000
0.000
0.000
0.000
0.000
0.000
0.000
0.000
0.000
0.000
0.000
0.000
0.000
0.000
0.000
0.000
0.000
0.000
0.000
0.000
0.000
0.000
0.000
0.000
0.000
0.000
0.000
0.000
0.000
0.000
0.000
0.000
0.000
0.000
0.000
0.000
0.000
0.000
0.000
0.000
0.000
0.000
0.000
0.000
0.000
0.000
0.000
0.000
-0.000
-0.000
-0.000
-0.000
0.000
0.000
0.000
0.000
0.000
0.000
0.000
0.000
0
0
0
0
0
0
0
0
0
0
0
0
0
0
0
0
0
0
0
0
0
0
0
0
0
0
0
0
0
0
0
0
0
0
0
0
0
0
0
0
0
0
0
0
0
0
0
0
0
0
0
0
0
0
0
0
0
0
0
0
0
0
0
0
0
0
0
0
0
0
0
0
0
0
0
0
0
0
0
0
0
0
0
0
0
0
0
0
0
0
0
0
0
0
0
0
0
0
0
0
0
0
0
0
0
0
0
0
0
0
0
0
0
0
0
0
0
0
0
0
0
0
0
0
0
0
0
0
0
0
0
0
0
0
0
0
0
0
0
0
0
0
0
0
0
0
0
0
0
0
0
0
0
0
0
0
0
0
0
0
0
0
0
0
0
0
0
0
0
0
0
0
0
0
0
0
0
0
0
0
0
0
0
0
0
0
0
0
0
0
0
0
0
0
0
0
0
0
0
0
0
0
0
0
0
0
0
0
0
0
0
0
0
0
0
0
0
0
0
0
0
0
0
0
0
0
0
0
0
0
0
0
0
0
0
0
0
0
0
0
0
0
0
0
0
0
0
0
0
0
0
0
0
0
0
0
0
0
0
0
0
0
0
0
0
0
0
0
0
0
0
0
0
0
0
0
0
0
0
0
0
0
0
0
0
0
0
0
0
0
0
0
0
0
0
0
0
0
0
0
0
0
0
0
0
0
0
0
0
0
0
0
0
0
0
0
0
0
0
0
0
0
0
0
0
0
0
0
0
0
0
0
0
0
0
0
0
0
0
0
0
0
0
0
0
0
0
0
0
0
0
0
0
0
0
0
0
0
0
0
0
0
0
0
0
0
0
0
0
0
0
0
0
0
0
0
0
0
0
0
0
0
0
0
0
0
0
0
0
0
0
0
0
0
0
0
0
0
0
0
0
0
0
0
0
0
0
0
0
0
0
0
0
0
0
0
0
0
0
0
0
0
0
0
0
0
0
0
0
0
0
0
0
0
0
0
0
0
0
0
0
0
0
0
0
0
0
0
0
0
0
0
0
0
0
0
0
0
0
0
0
0
0
0
0
0
0
0
0
0
0
0
0
0
0
0
0
0
0
0
0
0
0
0
0
0
0
0
0
0
0
0
0
0
0
0
0
0
0
0
0
0
0
0
0
0
0
0
0
0
0
0
0
0
0
0
0
0
0
0
0
0
0
0
0
0
0
0
0
0
0
0
0
0
0
0
0
0
0
0
0
0
0
0
0
0
0
0
0
0
0
0
0
0
0
0
0
0
0
0
0
0
0
0
0
0
0
0
0
0
0
0
0
0
0
0
0
0
0
0
0
0
0
0
0
0
0
0
0
0
0
0
0
0
0
0
0
0
0
0
0
0
0
0
0
0
0
0
0
0
0
0
0
0
0
0
0
0
0
0
0
0
0
0
0
0
0
0
0
0
0
0
0
0
0
0
0
0
0
0
0
0
0
0
0
0
0
0
0
0
0
0
0
0
0
0
0
0
0
0
0
0
0
0
0
0
0
0
0
0
0
0
0
0
0
0
0
0
0
0
0
0
0
0
0
0
0
0
0
0
0
0
0
0
0
0
0
0
0
0
0
0
0
0
0
0
0
0
0
0
0
0
0
0
0
0
0
0
0
0
0
0
0
0
0
0
0
0
0
0
0
0
0
0
0
0
0
0
0
0
0
0
0
0
0
0
0
0
0
0
0
0
0
0
0
0
0
0
0
0
0
0
0
0
0
0
0
0
0
0
0
0
0
0
0
0
0
0
0
0
0
0
0
0
0
0
0
0
0
0
0
0
0
0
0
0
0
0
0
0
0
0
0
0
0
0
0
0
0
0
0
0
0
0
0
0
0
0
0
0
0
0
0
0
0
0
0
0
0
0
0
0
0
0
0
0
0
0
0
0
0
0
$MCA_CAL:
3
-1.4656616 2.9313233 0.00000000000000
$ENER_FIT:
-1.4656616 2.9313233 0.00000000000000
$MCA_CAL_DATA:
3
298 872
597 1749
896 2625
$CAMBIO:
Parent file specification: C:\GADRAS-DRF\Temp\123I_50.0_237.5_iron_1.53_6.5.pcf
Successful read of spectrum: Yes
Error message: None
Warning: None
Information: None
Neutrons: 0
Number of spectral records in the parent file: 1
Record number of this spectrum in the parent file: 1
Date and time of acquisition read successfully from the original file: Yes
Live time read successfully from the original file: Yes
True time read successfully from the original file: Yes
GADRAS Tag character is:  
Version: 130122
Parent file type: Sandia GADRAS PCF
