$SPEC_ID:
123I,1uC{26,6.28}
$MEAS_TIM:
3600.00 3600.00
$DATE_MEA:
3/9/2018 5:22:25 PM
$DATA:
0 1193
61.812
79.402
75.808
79.980
66.425
51.988
40.868
32.072
25.903
21.574
19.218
18.109
18.394
19.383
20.677
21.944
23.216
24.875
27.012
29.604
32.542
35.592
38.450
40.997
43.485
46.389
50.022
54.858
61.106
67.328
72.426
75.404
75.810
73.961
70.703
66.991
63.415
60.437
58.388
57.180
56.761
57.073
57.931
59.043
60.177
61.310
62.694
64.870
68.777
74.703
82.039
89.640
95.786
97.585
93.066
82.519
67.499
50.719
34.851
22.306
13.586
8.026
4.849
3.250
2.584
2.319
2.205
2.158
2.131
2.103
2.062
2.006
1.933
1.845
1.745
1.641
1.541
1.450
1.368
1.296
1.233
1.177
1.126
1.080
1.039
1.003
0.971
0.945
0.925
0.912
0.906
0.907
0.912
0.921
0.928
0.928
0.917
0.892
0.854
0.805
0.748
0.688
0.627
0.571
0.521
0.480
0.448
0.424
0.406
0.393
0.385
0.382
0.380
0.380
0.379
0.378
0.374
0.368
0.359
0.349
0.337
0.323
0.309
0.295
0.281
0.268
0.257
0.247
0.239
0.233
0.228
0.225
0.223
0.222
0.223
0.225
0.229
0.234
0.241
0.250
0.260
0.272
0.285
0.298
0.311
0.324
0.335
0.344
0.348
0.350
0.347
0.341
0.331
0.318
0.304
0.288
0.273
0.258
0.246
0.237
0.232
0.231
0.233
0.241
0.253
0.270
0.292
0.318
0.349
0.382
0.419
0.458
0.497
0.535
0.570
0.603
0.630
0.650
0.663
0.668
0.663
0.650
0.628
0.599
0.562
0.520
0.474
0.426
0.377
0.329
0.282
0.239
0.199
0.165
0.134
0.109
0.088
0.070
0.057
0.046
0.038
0.033
0.029
0.027
0.025
0.025
0.025
0.025
0.025
0.026
0.026
0.027
0.027
0.026
0.026
0.025
0.025
0.024
0.022
0.021
0.020
0.019
0.017
0.016
0.015
0.014
0.013
0.013
0.012
0.012
0.012
0.012
0.012
0.012
0.012
0.012
0.012
0.013
0.013
0.013
0.014
0.014
0.014
0.015
0.015
0.016
0.016
0.016
0.017
0.017
0.017
0.017
0.017
0.017
0.017
0.017
0.017
0.017
0.017
0.016
0.016
0.016
0.015
0.015
0.015
0.014
0.014
0.013
0.013
0.012
0.011
0.011
0.010
0.009
0.008
0.008
0.007
0.006
0.006
0.005
0.004
0.004
0.003
0.003
0.002
0.002
0.002
0.001
0.001
0.001
0.001
0.001
0.000
0.000
0.000
0.000
0.000
0.000
0.000
0.000
0.000
0.000
0.000
0.000
0.000
0.000
0.000
0.000
0.000
0.000
0.000
0.000
0.000
0.000
0.000
0.000
0.000
0.000
0.000
0.000
0.000
0.000
0.000
0.000
0.000
0.000
0.000
0.000
0.000
0.000
0.000
0.000
0.000
0.000
0.000
0.000
0.000
0.000
0.000
0.000
0.000
0.000
0.000
0.000
0.000
0.000
0.000
0.000
0.000
0.000
0.000
0.000
0.000
0.000
0.000
0.000
-0.000
-0.000
-0.000
-0.000
-0.000
-0.000
-0.000
0.000
0.000
0.000
0.000
0.000
0.000
0.000
-0.000
-0.000
-0.000
-0.000
-0.000
-0.000
-0.000
0.000
0.000
0.000
0.000
0
0
0
0
0
0
0
0
0
0
0
0
0
0
0
0
0
0
0
0
0
0
0
0
0
0
0
0
0
0
0
0
0
0
0
0
0
0
0
0
0
0
0
0
0
0
0
0
0
0
0
0
0
0
0
0
0
0
0
0
0
0
0
0
0
0
0
0
0
0
0
0
0
0
0
0
0
0
0
0
0
0
0
0
0
0
0
0
0
0
0
0
0
0
0
0
0
0
0
0
0
0
0
0
0
0
0
0
0
0
0
0
0
0
0
0
0
0
0
0
0
0
0
0
0
0
0
0
0
0
0
0
0
0
0
0
0
0
0
0
0
0
0
0
0
0
0
0
0
0
0
0
0
0
0
0
0
0
0
0
0
0
0
0
0
0
0
0
0
0
0
0
0
0
0
0
0
0
0
0
0
0
0
0
0
0
0
0
0
0
0
0
0
0
0
0
0
0
0
0
0
0
0
0
0
0
0
0
0
0
0
0
0
0
0
0
0
0
0
0
0
0
0
0
0
0
0
0
0
0
0
0
0
0
0
0
0
0
0
0
0
0
0
0
0
0
0
0
0
0
0
0
0
0
0
0
0
0
0
0
0
0
0
0
0
0
0
0
0
0
0
0
0
0
0
0
0
0
0
0
0
0
0
0
0
0
0
0
0
0
0
0
0
0
0
0
0
0
0
0
0
0
0
0
0
0
0
0
0
0
0
0
0
0
0
0
0
0
0
0
0
0
0
0
0
0
0
0
0
0
0
0
0
0
0
0
0
0
0
0
0
0
0
0
0
0
0
0
0
0
0
0
0
0
0
0
0
0
0
0
0
0
0
0
0
0
0
0
0
0
0
0
0
0
0
0
0
0
0
0
0
0
0
0
0
0
0
0
0
0
0
0
0
0
0
0
0
0
0
0
0
0
0
0
0
0
0
0
0
0
0
0
0
0
0
0
0
0
0
0
0
0
0
0
0
0
0
0
0
0
0
0
0
0
0
0
0
0
0
0
0
0
0
0
0
0
0
0
0
0
0
0
0
0
0
0
0
0
0
0
0
0
0
0
0
0
0
0
0
0
0
0
0
0
0
0
0
0
0
0
0
0
0
0
0
0
0
0
0
0
0
0
0
0
0
0
0
0
0
0
0
0
0
0
0
0
0
0
0
0
0
0
0
0
0
0
0
0
0
0
0
0
0
0
0
0
0
0
0
0
0
0
0
0
0
0
0
0
0
0
0
0
0
0
0
0
0
0
0
0
0
0
0
0
0
0
0
0
0
0
0
0
0
0
0
0
0
0
0
0
0
0
0
0
0
0
0
0
0
0
0
0
0
0
0
0
0
0
0
0
0
0
0
0
0
0
0
0
0
0
0
0
0
0
0
0
0
0
0
0
0
0
0
0
0
0
0
0
0
0
0
0
0
0
0
0
0
0
0
0
0
0
0
0
0
0
0
0
0
0
0
0
0
0
0
0
0
0
0
0
0
0
0
0
0
0
0
0
0
0
0
0
0
0
0
0
0
0
0
0
0
0
0
0
0
0
0
0
0
0
0
0
0
0
0
0
0
0
0
0
0
0
0
0
0
0
0
0
0
0
0
0
0
0
0
0
0
0
0
0
0
0
0
0
0
0
0
0
0
0
0
0
0
0
0
0
0
0
0
0
0
0
0
0
0
0
0
0
0
0
0
0
0
0
0
0
0
0
0
0
0
0
0
0
0
0
0
0
0
0
0
0
0
0
0
0
0
0
0
0
0
0
0
0
0
0
0
0
0
0
0
0
0
0
0
0
0
0
0
0
0
0
0
0
0
0
0
0
0
0
0
0
0
0
0
0
0
0
0
0
0
0
0
$MCA_CAL:
3
-1.4656616 2.9313233 0.00000000000000
$ENER_FIT:
-1.4656616 2.9313233 0.00000000000000
$MCA_CAL_DATA:
3
298 872
597 1749
896 2625
$CAMBIO:
Parent file specification: C:\GADRAS-DRF\Temp\123I_125.0_300.0_iron_6.28_9.0.pcf
Successful read of spectrum: Yes
Error message: None
Warning: None
Information: None
Neutrons: 0
Number of spectral records in the parent file: 1
Record number of this spectrum in the parent file: 1
Date and time of acquisition read successfully from the original file: Yes
Live time read successfully from the original file: Yes
True time read successfully from the original file: Yes
GADRAS Tag character is:  
Version: 130122
Parent file type: Sandia GADRAS PCF
