$SPEC_ID:
123I,1uC{82,1.61}
$MEAS_TIM:
3600.00 3600.00
$DATE_MEA:
3/9/2018 5:22:25 PM
$DATA:
0 1193
27.732
33.089
31.295
28.075
23.050
18.471
14.898
12.051
10.076
8.812
8.059
7.706
7.764
7.961
8.222
8.446
8.644
8.912
9.333
9.934
10.687
11.538
12.319
12.926
13.407
13.908
14.533
15.435
16.744
18.267
19.671
20.489
20.527
19.943
19.063
18.222
17.625
17.344
17.367
17.656
18.137
18.723
19.335
19.851
20.180
20.332
20.446
20.766
21.634
23.257
25.621
28.272
30.494
31.389
30.333
27.312
22.792
17.714
12.905
9.034
6.291
4.560
3.599
3.111
2.897
2.817
2.793
2.788
2.782
2.770
2.745
2.703
2.642
2.565
2.476
2.381
2.287
2.196
2.111
2.032
1.960
1.894
1.833
1.775
1.721
1.672
1.629
1.594
1.570
1.558
1.559
1.571
1.591
1.613
1.630
1.636
1.622
1.588
1.532
1.458
1.369
1.275
1.180
1.091
1.012
0.946
0.893
0.853
0.823
0.802
0.788
0.779
0.773
0.768
0.762
0.753
0.741
0.724
0.702
0.677
0.647
0.616
0.583
0.551
0.519
0.489
0.462
0.438
0.418
0.401
0.387
0.376
0.368
0.363
0.361
0.362
0.366
0.374
0.385
0.400
0.420
0.442
0.467
0.493
0.520
0.546
0.568
0.586
0.597
0.600
0.596
0.584
0.565
0.540
0.511
0.480
0.450
0.421
0.397
0.379
0.369
0.368
0.376
0.394
0.423
0.462
0.511
0.569
0.637
0.711
0.791
0.875
0.961
1.045
1.125
1.197
1.259
1.308
1.342
1.357
1.352
1.329
1.288
1.230
1.157
1.072
0.978
0.879
0.778
0.679
0.582
0.492
0.410
0.338
0.275
0.222
0.177
0.141
0.113
0.091
0.075
0.063
0.056
0.051
0.048
0.047
0.047
0.048
0.049
0.050
0.051
0.052
0.052
0.052
0.051
0.050
0.048
0.046
0.044
0.041
0.039
0.036
0.033
0.031
0.029
0.027
0.025
0.024
0.023
0.023
0.022
0.022
0.022
0.022
0.023
0.023
0.024
0.024
0.025
0.026
0.027
0.028
0.028
0.029
0.030
0.031
0.032
0.033
0.033
0.034
0.034
0.035
0.035
0.035
0.035
0.035
0.035
0.035
0.034
0.034
0.033
0.033
0.032
0.031
0.030
0.030
0.029
0.027
0.026
0.025
0.024
0.022
0.021
0.019
0.018
0.016
0.015
0.013
0.012
0.010
0.009
0.008
0.007
0.006
0.005
0.004
0.003
0.003
0.002
0.002
0.001
0.001
0.001
0.001
0.001
0.000
0.000
0.000
0.000
0.000
0.000
0.000
0.000
0.000
0.000
0.000
0.000
0.000
0.000
0.000
0.000
0.000
0.000
0.000
0.000
0.000
0.000
0.000
0.000
0.000
0.000
0.000
0.000
0.000
0.000
0.000
0.000
0.000
0.000
0.000
0.000
0.000
0.000
0.000
0.000
0.000
0.000
0.000
0.000
0.000
0.000
0.000
0.000
0.000
0.000
0.000
0.000
0.000
0.000
0.000
0.000
0.000
0.000
0.000
0.000
0.000
-0.000
-0.000
-0.000
-0.000
-0.000
-0.000
-0.000
0.000
0.000
0.000
0.000
0.000
0.000
0.000
-0.000
-0.000
-0.000
-0.000
-0.000
-0.000
-0.000
0.000
0.000
0.000
0.000
0
0
0
0
0
0
0
0
0
0
0
0
0
0
0
0
0
0
0
0
0
0
0
0
0
0
0
0
0
0
0
0
0
0
0
0
0
0
0
0
0
0
0
0
0
0
0
0
0
0
0
0
0
0
0
0
0
0
0
0
0
0
0
0
0
0
0
0
0
0
0
0
0
0
0
0
0
0
0
0
0
0
0
0
0
0
0
0
0
0
0
0
0
0
0
0
0
0
0
0
0
0
0
0
0
0
0
0
0
0
0
0
0
0
0
0
0
0
0
0
0
0
0
0
0
0
0
0
0
0
0
0
0
0
0
0
0
0
0
0
0
0
0
0
0
0
0
0
0
0
0
0
0
0
0
0
0
0
0
0
0
0
0
0
0
0
0
0
0
0
0
0
0
0
0
0
0
0
0
0
0
0
0
0
0
0
0
0
0
0
0
0
0
0
0
0
0
0
0
0
0
0
0
0
0
0
0
0
0
0
0
0
0
0
0
0
0
0
0
0
0
0
0
0
0
0
0
0
0
0
0
0
0
0
0
0
0
0
0
0
0
0
0
0
0
0
0
0
0
0
0
0
0
0
0
0
0
0
0
0
0
0
0
0
0
0
0
0
0
0
0
0
0
0
0
0
0
0
0
0
0
0
0
0
0
0
0
0
0
0
0
0
0
0
0
0
0
0
0
0
0
0
0
0
0
0
0
0
0
0
0
0
0
0
0
0
0
0
0
0
0
0
0
0
0
0
0
0
0
0
0
0
0
0
0
0
0
0
0
0
0
0
0
0
0
0
0
0
0
0
0
0
0
0
0
0
0
0
0
0
0
0
0
0
0
0
0
0
0
0
0
0
0
0
0
0
0
0
0
0
0
0
0
0
0
0
0
0
0
0
0
0
0
0
0
0
0
0
0
0
0
0
0
0
0
0
0
0
0
0
0
0
0
0
0
0
0
0
0
0
0
0
0
0
0
0
0
0
0
0
0
0
0
0
0
0
0
0
0
0
0
0
0
0
0
0
0
0
0
0
0
0
0
0
0
0
0
0
0
0
0
0
0
0
0
0
0
0
0
0
0
0
0
0
0
0
0
0
0
0
0
0
0
0
0
0
0
0
0
0
0
0
0
0
0
0
0
0
0
0
0
0
0
0
0
0
0
0
0
0
0
0
0
0
0
0
0
0
0
0
0
0
0
0
0
0
0
0
0
0
0
0
0
0
0
0
0
0
0
0
0
0
0
0
0
0
0
0
0
0
0
0
0
0
0
0
0
0
0
0
0
0
0
0
0
0
0
0
0
0
0
0
0
0
0
0
0
0
0
0
0
0
0
0
0
0
0
0
0
0
0
0
0
0
0
0
0
0
0
0
0
0
0
0
0
0
0
0
0
0
0
0
0
0
0
0
0
0
0
0
0
0
0
0
0
0
0
0
0
0
0
0
0
0
0
0
0
0
0
0
0
0
0
0
0
0
0
0
0
0
0
0
0
0
0
0
0
0
0
0
0
0
0
0
0
0
0
0
0
0
0
0
0
0
0
0
0
0
0
0
0
0
0
0
0
0
0
0
0
0
0
0
0
0
0
0
0
0
0
0
0
0
0
0
0
0
0
0
0
0
0
0
0
0
0
0
0
0
0
0
0
0
0
0
0
0
0
0
0
0
0
0
0
0
0
0
0
0
0
0
0
0
0
0
0
0
0
0
0
0
0
0
0
0
0
0
0
0
0
0
0
0
0
0
0
0
0
0
0
0
0
0
0
0
0
0
0
0
0
0
0
0
0
0
0
0
0
0
0
0
0
0
0
0
0
0
0
0
0
0
0
0
0
0
0
0
0
0
0
0
0
0
0
$MCA_CAL:
3
-1.4656616 2.9313233 0.00000000000000
$ENER_FIT:
-1.4656616 2.9313233 0.00000000000000
$MCA_CAL_DATA:
3
298 872
597 1749
896 2625
$CAMBIO:
Parent file specification: C:\GADRAS-DRF\Temp\123I_50.0_237.5_lead_1.61_9.0.pcf
Successful read of spectrum: Yes
Error message: None
Warning: None
Information: None
Neutrons: 0
Number of spectral records in the parent file: 1
Record number of this spectrum in the parent file: 1
Date and time of acquisition read successfully from the original file: Yes
Live time read successfully from the original file: Yes
True time read successfully from the original file: Yes
GADRAS Tag character is:  
Version: 130122
Parent file type: Sandia GADRAS PCF
