$SPEC_ID:
123I,1uC{0,0}
$MEAS_TIM:
3600.00 3600.00
$DATE_MEA:
3/9/2018 5:22:25 PM
$DATA:
0 1193
868.032
1258.486
1237.270
1116.719
979.227
864.488
808.198
2866.489
24537.027
43065.883
17925.279
4323.396
525.320
166.563
164.620
172.404
181.164
188.910
193.158
191.150
182.389
176.312
174.189
172.883
173.325
181.116
207.458
271.199
388.985
540.542
661.913
698.919
663.980
617.305
616.107
679.205
789.608
923.603
1060.500
1191.177
1320.021
1452.301
1581.996
1692.308
1766.107
1802.012
1837.781
1958.025
2317.374
3130.943
4591.977
6645.064
8824.730
10352.007
10477.318
9110.293
6757.651
4286.353
2312.087
1068.479
426.434
155.136
59.277
30.321
22.817
20.533
19.872
19.672
19.583
19.621
19.798
19.989
20.110
20.125
20.059
19.961
19.899
19.949
20.192
20.658
21.323
22.078
22.763
23.194
23.206
22.805
22.097
21.399
21.094
21.579
23.198
26.041
30.039
34.680
39.285
43.012
44.999
44.852
42.465
38.234
32.960
27.408
22.291
18.124
14.993
12.886
11.615
10.945
10.711
10.793
11.098
11.576
12.175
12.842
13.520
14.113
14.492
14.558
14.284
13.660
12.753
11.676
10.538
9.437
8.468
7.669
7.044
6.589
6.274
6.067
5.939
5.869
5.834
5.832
5.865
5.941
6.082
6.313
6.666
7.187
7.916
8.875
10.066
11.482
13.052
14.675
16.243
17.602
18.585
19.063
19.012
18.429
17.350
15.903
14.234
12.480
10.776
9.249
8.002
7.068
6.472
6.229
6.335
6.778
7.552
8.660
10.105
11.890
14.017
16.485
19.290
22.399
25.759
29.314
32.953
36.500
39.778
42.603
44.765
46.061
46.312
45.513
43.714
40.965
37.430
33.357
29.002
24.596
20.322
16.358
12.867
9.898
7.436
5.468
3.959
2.840
2.037
1.477
1.109
0.888
0.775
0.735
0.750
0.809
0.898
1.008
1.130
1.256
1.379
1.489
1.580
1.643
1.673
1.668
1.631
1.563
1.467
1.351
1.223
1.091
0.961
0.839
0.730
0.640
0.569
0.518
0.483
0.466
0.462
0.468
0.481
0.497
0.515
0.533
0.550
0.565
0.579
0.593
0.608
0.626
0.647
0.672
0.702
0.737
0.776
0.816
0.855
0.892
0.925
0.951
0.970
0.980
0.981
0.974
0.962
0.947
0.929
0.911
0.894
0.879
0.869
0.861
0.855
0.849
0.841
0.830
0.815
0.794
0.766
0.729
0.686
0.637
0.583
0.526
0.467
0.408
0.351
0.297
0.247
0.202
0.163
0.129
0.100
0.077
0.058
0.043
0.031
0.023
0.016
0.012
0.008
0.006
0.005
0.004
0.003
0.003
0.003
0.004
0.004
0.004
0.005
0.005
0.005
0.005
0.006
0.006
0.006
0.006
0.005
0.005
0.005
0.005
0.004
0.004
0.004
0.003
0.003
0.002
0.002
0.002
0.001
0.001
0.001
0.001
0.001
0.000
0.000
0.000
0.000
0.000
0.000
0.000
0.000
0.000
0.000
0.000
0.000
0.000
0.000
0.000
0.000
0.000
0.000
0.000
0.000
0.000
-0.000
-0.000
-0.000
-0.000
-0.000
0.000
0.000
0.000
0.000
0.000
0.000
-0.000
-0.000
-0.000
-0.000
-0.000
0.000
0.000
0.000
0
0
0
0
0
0
0
0
0
0
0
0
0
0
0
0
0
0
0
0
0
0
0
0
0
0
0
0
0
0
0
0
0
0
0
0
0
0
0
0
0
0
0
0
0
0
0
0
0
0
0
0
0
0
0
0
0
0
0
0
0
0
0
0
0
0
0
0
0
0
0
0
0
0
0
0
0
0
0
0
0
0
0
0
0
0
0
0
0
0
0
0
0
0
0
0
0
0
0
0
0
0
0
0
0
0
0
0
0
0
0
0
0
0
0
0
0
0
0
0
0
0
0
0
0
0
0
0
0
0
0
0
0
0
0
0
0
0
0
0
0
0
0
0
0
0
0
0
0
0
0
0
0
0
0
0
0
0
0
0
0
0
0
0
0
0
0
0
0
0
0
0
0
0
0
0
0
0
0
0
0
0
0
0
0
0
0
0
0
0
0
0
0
0
0
0
0
0
0
0
0
0
0
0
0
0
0
0
0
0
0
0
0
0
0
0
0
0
0
0
0
0
0
0
0
0
0
0
0
0
0
0
0
0
0
0
0
0
0
0
0
0
0
0
0
0
0
0
0
0
0
0
0
0
0
0
0
0
0
0
0
0
0
0
0
0
0
0
0
0
0
0
0
0
0
0
0
0
0
0
0
0
0
0
0
0
0
0
0
0
0
0
0
0
0
0
0
0
0
0
0
0
0
0
0
0
0
0
0
0
0
0
0
0
0
0
0
0
0
0
0
0
0
0
0
0
0
0
0
0
0
0
0
0
0
0
0
0
0
0
0
0
0
0
0
0
0
0
0
0
0
0
0
0
0
0
0
0
0
0
0
0
0
0
0
0
0
0
0
0
0
0
0
0
0
0
0
0
0
0
0
0
0
0
0
0
0
0
0
0
0
0
0
0
0
0
0
0
0
0
0
0
0
0
0
0
0
0
0
0
0
0
0
0
0
0
0
0
0
0
0
0
0
0
0
0
0
0
0
0
0
0
0
0
0
0
0
0
0
0
0
0
0
0
0
0
0
0
0
0
0
0
0
0
0
0
0
0
0
0
0
0
0
0
0
0
0
0
0
0
0
0
0
0
0
0
0
0
0
0
0
0
0
0
0
0
0
0
0
0
0
0
0
0
0
0
0
0
0
0
0
0
0
0
0
0
0
0
0
0
0
0
0
0
0
0
0
0
0
0
0
0
0
0
0
0
0
0
0
0
0
0
0
0
0
0
0
0
0
0
0
0
0
0
0
0
0
0
0
0
0
0
0
0
0
0
0
0
0
0
0
0
0
0
0
0
0
0
0
0
0
0
0
0
0
0
0
0
0
0
0
0
0
0
0
0
0
0
0
0
0
0
0
0
0
0
0
0
0
0
0
0
0
0
0
0
0
0
0
0
0
0
0
0
0
0
0
0
0
0
0
0
0
0
0
0
0
0
0
0
0
0
0
0
0
0
0
0
0
0
0
0
0
0
0
0
0
0
0
0
0
0
0
0
0
0
0
0
0
0
0
0
0
0
0
0
0
0
0
0
0
0
0
0
0
0
0
0
0
0
0
0
0
0
0
0
0
0
0
0
0
0
0
0
0
0
0
0
0
0
0
0
0
0
0
0
0
0
0
0
0
0
0
0
0
0
0
0
0
0
0
0
0
0
0
0
0
0
0
0
0
0
0
0
0
0
0
0
0
0
0
0
0
0
0
0
0
0
0
0
0
0
0
0
0
0
0
0
0
0
0
0
0
0
0
0
0
0
0
0
0
0
0
0
0
0
0
0
0
0
0
0
0
0
0
0
0
0
0
0
0
0
0
0
0
0
0
0
0
0
0
0
0
0
0
0
0
0
0
0
0
0
0
0
0
0
0
0
0
0
0
0
0
0
0
0
0
0
0
$MCA_CAL:
3
-1.4656616 2.9313233 0.00000000000000
$ENER_FIT:
-1.4656616 2.9313233 0.00000000000000
$MCA_CAL_DATA:
3
298 872
597 1749
896 2625
$CAMBIO:
Parent file specification: C:\GADRAS-DRF\Temp\123I_125.0_50.0_none_0_7.0.pcf
Successful read of spectrum: Yes
Error message: None
Warning: None
Information: None
Neutrons: 0
Number of spectral records in the parent file: 1
Record number of this spectrum in the parent file: 1
Date and time of acquisition read successfully from the original file: Yes
Live time read successfully from the original file: Yes
True time read successfully from the original file: Yes
GADRAS Tag character is:  
Version: 130122
Parent file type: Sandia GADRAS PCF
