$SPEC_ID:
123I,1uC{82,0.51}
$MEAS_TIM:
3600.00 3600.00
$DATE_MEA:
3/9/2018 5:22:25 PM
$DATA:
0 1193
297.584
362.865
342.904
296.102
239.810
192.488
156.569
127.052
105.785
91.011
81.018
75.028
72.678
72.586
74.014
76.763
79.993
82.817
84.145
82.899
79.340
76.578
76.056
76.676
78.402
82.955
94.825
119.750
163.151
215.403
256.536
272.085
266.750
259.810
270.615
302.743
352.073
410.160
469.346
526.450
581.972
637.228
689.552
733.740
765.464
787.610
818.998
899.904
1093.925
1474.248
2087.024
2876.749
3670.716
4192.524
4229.763
3731.799
2877.065
1931.175
1132.662
580.655
265.832
112.185
49.652
26.850
19.739
17.459
17.025
17.125
17.197
17.310
17.519
17.723
17.862
17.925
17.930
17.911
17.915
17.994
18.183
18.505
18.928
19.393
19.794
20.019
20.023
19.797
19.467
19.216
19.286
19.940
21.334
23.527
26.392
29.572
32.639
35.039
36.259
36.090
34.440
31.554
27.908
23.974
20.206
16.998
14.467
12.641
11.462
10.793
10.504
10.503
10.710
11.063
11.515
12.018
12.497
12.873
13.081
13.073
12.809
12.310
11.619
10.789
9.900
9.031
8.238
7.552
6.998
6.574
6.264
6.051
5.914
5.836
5.801
5.809
5.861
5.963
6.138
6.405
6.788
7.314
8.008
8.880
9.913
11.089
12.359
13.633
14.816
15.814
16.536
16.892
16.826
16.368
15.561
14.458
13.163
11.790
10.449
9.223
8.183
7.398
6.904
6.709
6.822
7.247
7.984
9.033
10.393
12.061
14.034
16.308
18.852
21.620
24.561
27.605
30.636
33.522
36.135
38.333
39.966
40.887
40.984
40.269
38.782
36.560
33.713
30.418
26.858
23.209
19.612
16.195
13.084
10.374
8.066
6.148
4.610
3.421
2.529
1.883
1.430
1.129
0.951
0.864
0.840
0.862
0.919
0.998
1.090
1.187
1.280
1.363
1.430
1.475
1.498
1.496
1.467
1.413
1.340
1.250
1.151
1.045
0.938
0.837
0.745
0.666
0.601
0.549
0.512
0.488
0.476
0.473
0.477
0.486
0.498
0.513
0.528
0.544
0.560
0.576
0.594
0.614
0.636
0.660
0.687
0.717
0.748
0.780
0.812
0.841
0.866
0.886
0.902
0.912
0.916
0.914
0.908
0.899
0.888
0.875
0.863
0.850
0.838
0.827
0.816
0.805
0.792
0.777
0.758
0.734
0.706
0.672
0.634
0.592
0.546
0.497
0.447
0.396
0.347
0.300
0.255
0.214
0.177
0.144
0.116
0.092
0.072
0.055
0.042
0.031
0.023
0.017
0.013
0.010
0.007
0.006
0.005
0.004
0.004
0.004
0.004
0.004
0.004
0.005
0.005
0.005
0.005
0.005
0.005
0.005
0.005
0.005
0.005
0.004
0.004
0.004
0.003
0.003
0.003
0.002
0.002
0.002
0.001
0.001
0.001
0.001
0.001
0.001
0.000
0.000
0.000
0.000
0.000
0.000
0.000
0.000
0.000
0.000
0.000
0.000
0.000
0.000
0.000
0.000
0.000
0.000
0.000
0.000
0.000
0.000
0.000
-0.000
-0.000
-0.000
-0.000
-0.000
-0.000
0.000
0.000
0.000
0.000
0.000
0.000
0.000
0.000
0.000
0
0
0
0
0
0
0
0
0
0
0
0
0
0
0
0
0
0
0
0
0
0
0
0
0
0
0
0
0
0
0
0
0
0
0
0
0
0
0
0
0
0
0
0
0
0
0
0
0
0
0
0
0
0
0
0
0
0
0
0
0
0
0
0
0
0
0
0
0
0
0
0
0
0
0
0
0
0
0
0
0
0
0
0
0
0
0
0
0
0
0
0
0
0
0
0
0
0
0
0
0
0
0
0
0
0
0
0
0
0
0
0
0
0
0
0
0
0
0
0
0
0
0
0
0
0
0
0
0
0
0
0
0
0
0
0
0
0
0
0
0
0
0
0
0
0
0
0
0
0
0
0
0
0
0
0
0
0
0
0
0
0
0
0
0
0
0
0
0
0
0
0
0
0
0
0
0
0
0
0
0
0
0
0
0
0
0
0
0
0
0
0
0
0
0
0
0
0
0
0
0
0
0
0
0
0
0
0
0
0
0
0
0
0
0
0
0
0
0
0
0
0
0
0
0
0
0
0
0
0
0
0
0
0
0
0
0
0
0
0
0
0
0
0
0
0
0
0
0
0
0
0
0
0
0
0
0
0
0
0
0
0
0
0
0
0
0
0
0
0
0
0
0
0
0
0
0
0
0
0
0
0
0
0
0
0
0
0
0
0
0
0
0
0
0
0
0
0
0
0
0
0
0
0
0
0
0
0
0
0
0
0
0
0
0
0
0
0
0
0
0
0
0
0
0
0
0
0
0
0
0
0
0
0
0
0
0
0
0
0
0
0
0
0
0
0
0
0
0
0
0
0
0
0
0
0
0
0
0
0
0
0
0
0
0
0
0
0
0
0
0
0
0
0
0
0
0
0
0
0
0
0
0
0
0
0
0
0
0
0
0
0
0
0
0
0
0
0
0
0
0
0
0
0
0
0
0
0
0
0
0
0
0
0
0
0
0
0
0
0
0
0
0
0
0
0
0
0
0
0
0
0
0
0
0
0
0
0
0
0
0
0
0
0
0
0
0
0
0
0
0
0
0
0
0
0
0
0
0
0
0
0
0
0
0
0
0
0
0
0
0
0
0
0
0
0
0
0
0
0
0
0
0
0
0
0
0
0
0
0
0
0
0
0
0
0
0
0
0
0
0
0
0
0
0
0
0
0
0
0
0
0
0
0
0
0
0
0
0
0
0
0
0
0
0
0
0
0
0
0
0
0
0
0
0
0
0
0
0
0
0
0
0
0
0
0
0
0
0
0
0
0
0
0
0
0
0
0
0
0
0
0
0
0
0
0
0
0
0
0
0
0
0
0
0
0
0
0
0
0
0
0
0
0
0
0
0
0
0
0
0
0
0
0
0
0
0
0
0
0
0
0
0
0
0
0
0
0
0
0
0
0
0
0
0
0
0
0
0
0
0
0
0
0
0
0
0
0
0
0
0
0
0
0
0
0
0
0
0
0
0
0
0
0
0
0
0
0
0
0
0
0
0
0
0
0
0
0
0
0
0
0
0
0
0
0
0
0
0
0
0
0
0
0
0
0
0
0
0
0
0
0
0
0
0
0
0
0
0
0
0
0
0
0
0
0
0
0
0
0
0
0
0
0
0
0
0
0
0
0
0
0
0
0
0
0
0
0
0
0
0
0
0
0
0
0
0
0
0
0
0
0
0
0
0
0
0
0
0
0
0
0
0
0
0
0
0
0
0
0
0
0
0
0
0
0
0
0
0
0
0
0
0
0
0
0
0
0
0
0
0
0
0
0
0
0
0
0
0
0
0
0
0
0
0
0
0
0
0
0
0
0
0
0
0
0
0
0
0
0
0
0
0
0
0
0
0
0
0
0
0
0
0
0
0
0
0
0
0
0
0
0
0
0
0
0
0
0
0
0
$MCA_CAL:
3
-1.4656616 2.9313233 0.00000000000000
$ENER_FIT:
-1.4656616 2.9313233 0.00000000000000
$MCA_CAL_DATA:
3
298 872
597 1749
896 2625
$CAMBIO:
Parent file specification: C:\GADRAS-DRF\Temp\123I_150.0_50.0_lead_0.51_7.5.pcf
Successful read of spectrum: Yes
Error message: None
Warning: None
Information: None
Neutrons: 0
Number of spectral records in the parent file: 1
Record number of this spectrum in the parent file: 1
Date and time of acquisition read successfully from the original file: Yes
Live time read successfully from the original file: Yes
True time read successfully from the original file: Yes
GADRAS Tag character is:  
Version: 130122
Parent file type: Sandia GADRAS PCF
