$SPEC_ID:
123I,1uC{13,4.18}
$MEAS_TIM:
3600.00 3600.00
$DATE_MEA:
3/9/2018 5:22:25 PM
$DATA:
0 1193
135.017
174.348
166.640
185.942
155.819
121.993
96.082
76.514
65.835
59.511
53.529
47.971
47.315
50.893
55.991
60.976
66.033
72.083
79.435
87.837
96.574
105.487
113.293
118.809
124.851
131.974
140.371
151.697
166.680
181.396
193.009
199.058
198.294
191.443
180.797
168.986
157.641
148.211
141.798
137.919
136.297
136.722
138.598
141.173
143.934
146.970
150.964
157.308
168.555
185.649
207.209
229.879
248.601
255.499
245.174
218.150
178.548
133.863
91.394
57.677
34.164
19.181
10.650
6.358
4.564
3.851
3.550
3.430
3.367
3.311
3.235
3.133
3.005
2.854
2.687
2.517
2.356
2.211
2.083
1.973
1.879
1.797
1.726
1.662
1.605
1.555
1.512
1.480
1.459
1.452
1.460
1.482
1.514
1.548
1.579
1.595
1.586
1.548
1.485
1.397
1.291
1.178
1.063
0.956
0.862
0.785
0.726
0.682
0.651
0.631
0.620
0.617
0.618
0.621
0.623
0.623
0.620
0.611
0.598
0.580
0.559
0.535
0.510
0.484
0.459
0.436
0.415
0.398
0.384
0.373
0.364
0.359
0.356
0.356
0.358
0.363
0.371
0.382
0.396
0.414
0.434
0.458
0.483
0.510
0.536
0.562
0.584
0.601
0.612
0.615
0.612
0.600
0.582
0.559
0.532
0.503
0.473
0.446
0.423
0.406
0.396
0.394
0.400
0.414
0.438
0.471
0.513
0.564
0.622
0.687
0.757
0.831
0.906
0.979
1.048
1.110
1.162
1.203
1.230
1.240
1.233
1.209
1.170
1.116
1.048
0.970
0.885
0.795
0.704
0.614
0.527
0.445
0.371
0.306
0.250
0.202
0.162
0.129
0.104
0.084
0.070
0.059
0.052
0.047
0.045
0.044
0.044
0.045
0.045
0.046
0.047
0.048
0.048
0.047
0.047
0.046
0.044
0.042
0.040
0.038
0.036
0.033
0.031
0.029
0.027
0.025
0.024
0.023
0.022
0.021
0.021
0.021
0.021
0.021
0.021
0.021
0.022
0.022
0.023
0.024
0.024
0.025
0.026
0.027
0.027
0.028
0.029
0.029
0.030
0.030
0.031
0.031
0.031
0.031
0.031
0.031
0.031
0.030
0.030
0.030
0.029
0.029
0.028
0.027
0.027
0.026
0.025
0.024
0.023
0.022
0.021
0.019
0.018
0.017
0.015
0.014
0.013
0.011
0.010
0.009
0.008
0.007
0.006
0.005
0.004
0.003
0.003
0.002
0.002
0.002
0.001
0.001
0.001
0.001
0.000
0.000
0.000
0.000
0.000
0.000
0.000
0.000
0.000
0.000
0.000
0.000
0.000
0.000
0.000
0.000
0.000
0.000
0.000
0.000
0.000
0.000
0.000
0.000
0.000
0.000
0.000
0.000
0.000
0.000
0.000
0.000
0.000
0.000
0.000
0.000
0.000
0.000
0.000
0.000
0.000
0.000
0.000
0.000
0.000
0.000
0.000
0.000
0.000
0.000
0.000
0.000
0.000
0.000
0.000
0.000
0.000
0.000
0.000
0.000
0.000
0.000
-0.000
-0.000
-0.000
-0.000
-0.000
-0.000
-0.000
0.000
0.000
0.000
0.000
0.000
0.000
0.000
-0.000
-0.000
-0.000
-0.000
-0.000
-0.000
-0.000
0.000
0.000
0.000
0.000
0
0
0
0
0
0
0
0
0
0
0
0
0
0
0
0
0
0
0
0
0
0
0
0
0
0
0
0
0
0
0
0
0
0
0
0
0
0
0
0
0
0
0
0
0
0
0
0
0
0
0
0
0
0
0
0
0
0
0
0
0
0
0
0
0
0
0
0
0
0
0
0
0
0
0
0
0
0
0
0
0
0
0
0
0
0
0
0
0
0
0
0
0
0
0
0
0
0
0
0
0
0
0
0
0
0
0
0
0
0
0
0
0
0
0
0
0
0
0
0
0
0
0
0
0
0
0
0
0
0
0
0
0
0
0
0
0
0
0
0
0
0
0
0
0
0
0
0
0
0
0
0
0
0
0
0
0
0
0
0
0
0
0
0
0
0
0
0
0
0
0
0
0
0
0
0
0
0
0
0
0
0
0
0
0
0
0
0
0
0
0
0
0
0
0
0
0
0
0
0
0
0
0
0
0
0
0
0
0
0
0
0
0
0
0
0
0
0
0
0
0
0
0
0
0
0
0
0
0
0
0
0
0
0
0
0
0
0
0
0
0
0
0
0
0
0
0
0
0
0
0
0
0
0
0
0
0
0
0
0
0
0
0
0
0
0
0
0
0
0
0
0
0
0
0
0
0
0
0
0
0
0
0
0
0
0
0
0
0
0
0
0
0
0
0
0
0
0
0
0
0
0
0
0
0
0
0
0
0
0
0
0
0
0
0
0
0
0
0
0
0
0
0
0
0
0
0
0
0
0
0
0
0
0
0
0
0
0
0
0
0
0
0
0
0
0
0
0
0
0
0
0
0
0
0
0
0
0
0
0
0
0
0
0
0
0
0
0
0
0
0
0
0
0
0
0
0
0
0
0
0
0
0
0
0
0
0
0
0
0
0
0
0
0
0
0
0
0
0
0
0
0
0
0
0
0
0
0
0
0
0
0
0
0
0
0
0
0
0
0
0
0
0
0
0
0
0
0
0
0
0
0
0
0
0
0
0
0
0
0
0
0
0
0
0
0
0
0
0
0
0
0
0
0
0
0
0
0
0
0
0
0
0
0
0
0
0
0
0
0
0
0
0
0
0
0
0
0
0
0
0
0
0
0
0
0
0
0
0
0
0
0
0
0
0
0
0
0
0
0
0
0
0
0
0
0
0
0
0
0
0
0
0
0
0
0
0
0
0
0
0
0
0
0
0
0
0
0
0
0
0
0
0
0
0
0
0
0
0
0
0
0
0
0
0
0
0
0
0
0
0
0
0
0
0
0
0
0
0
0
0
0
0
0
0
0
0
0
0
0
0
0
0
0
0
0
0
0
0
0
0
0
0
0
0
0
0
0
0
0
0
0
0
0
0
0
0
0
0
0
0
0
0
0
0
0
0
0
0
0
0
0
0
0
0
0
0
0
0
0
0
0
0
0
0
0
0
0
0
0
0
0
0
0
0
0
0
0
0
0
0
0
0
0
0
0
0
0
0
0
0
0
0
0
0
0
0
0
0
0
0
0
0
0
0
0
0
0
0
0
0
0
0
0
0
0
0
0
0
0
0
0
0
0
0
0
0
0
0
0
0
0
0
0
0
0
0
0
0
0
0
0
0
0
0
0
0
0
0
0
0
0
0
0
0
0
0
0
0
0
0
0
0
0
0
0
0
0
0
0
0
0
0
0
0
0
0
0
0
0
0
0
0
0
0
0
0
0
0
0
0
0
0
0
0
0
0
0
0
0
0
0
0
0
0
0
0
0
0
0
0
0
0
0
0
0
0
0
0
0
0
0
0
0
0
0
0
0
0
0
0
0
0
0
0
0
0
0
0
0
0
0
0
0
0
0
0
0
0
0
0
0
0
$MCA_CAL:
3
-1.4656616 2.9313233 0.00000000000000
$ENER_FIT:
-1.4656616 2.9313233 0.00000000000000
$MCA_CAL_DATA:
3
298 872
597 1749
896 2625
$CAMBIO:
Parent file specification: C:\GADRAS-DRF\Temp\123I_125.0_237.5_alum_4.18_9.0.pcf
Successful read of spectrum: Yes
Error message: None
Warning: None
Information: None
Neutrons: 0
Number of spectral records in the parent file: 1
Record number of this spectrum in the parent file: 1
Date and time of acquisition read successfully from the original file: Yes
Live time read successfully from the original file: Yes
True time read successfully from the original file: Yes
GADRAS Tag character is:  
Version: 130122
Parent file type: Sandia GADRAS PCF
