$SPEC_ID:
123I,1uC{82,0.51}
$MEAS_TIM:
3600.00 3600.00
$DATE_MEA:
3/9/2018 5:22:25 PM
$DATA:
0 1193
126.478
158.178
149.236
126.947
100.425
77.974
61.224
47.997
38.492
32.010
28.009
26.156
26.204
27.405
29.020
30.435
31.556
32.665
34.116
35.829
37.834
40.047
41.425
41.749
42.321
44.722
50.331
60.321
76.665
97.763
117.830
129.629
129.936
120.643
107.611
95.270
85.850
80.162
77.799
78.168
81.142
86.301
92.872
99.672
105.354
109.145
111.909
116.729
129.005
155.189
199.564
258.059
316.989
354.199
352.944
309.445
238.059
160.156
94.875
49.984
24.491
12.064
6.987
5.105
4.488
4.263
4.188
4.147
4.086
4.008
3.907
3.760
3.568
3.360
3.145
2.925
2.718
2.547
2.413
2.315
2.246
2.197
2.159
2.121
2.076
2.020
1.961
1.912
1.893
1.925
2.019
2.178
2.392
2.632
2.862
3.039
3.120
3.089
2.940
2.692
2.384
2.055
1.741
1.473
1.262
1.109
1.009
0.950
0.923
0.919
0.933
0.958
0.992
1.030
1.065
1.093
1.107
1.103
1.079
1.035
0.976
0.906
0.832
0.760
0.694
0.636
0.590
0.555
0.528
0.510
0.498
0.491
0.488
0.488
0.492
0.499
0.513
0.534
0.565
0.607
0.663
0.734
0.817
0.912
1.015
1.118
1.214
1.295
1.353
1.382
1.376
1.339
1.273
1.183
1.077
0.966
0.857
0.757
0.672
0.609
0.569
0.553
0.562
0.597
0.657
0.742
0.853
0.989
1.149
1.334
1.541
1.767
2.006
2.253
2.500
2.734
2.947
3.125
3.258
3.333
3.340
3.281
3.160
2.978
2.746
2.478
2.188
1.890
1.597
1.319
1.066
0.845
0.657
0.501
0.376
0.279
0.206
0.154
0.117
0.092
0.078
0.071
0.069
0.071
0.075
0.082
0.089
0.097
0.105
0.111
0.117
0.121
0.122
0.122
0.120
0.115
0.109
0.102
0.094
0.085
0.077
0.068
0.061
0.055
0.049
0.045
0.042
0.040
0.039
0.039
0.039
0.040
0.041
0.042
0.043
0.045
0.046
0.047
0.049
0.050
0.052
0.054
0.056
0.059
0.061
0.064
0.066
0.069
0.071
0.072
0.074
0.075
0.075
0.075
0.074
0.073
0.073
0.072
0.070
0.069
0.068
0.068
0.067
0.066
0.065
0.063
0.062
0.060
0.058
0.055
0.052
0.048
0.045
0.041
0.036
0.032
0.028
0.024
0.021
0.017
0.014
0.012
0.009
0.007
0.006
0.005
0.003
0.003
0.002
0.001
0.001
0.001
0.001
0.000
0.000
0.000
0.000
0.000
0.000
0.000
0.000
0.000
0.000
0.000
0.000
0.000
0.000
0.000
0.000
0.000
0.000
0.000
0.000
0.000
0.000
0.000
0.000
0.000
0.000
0.000
0.000
0.000
0.000
0.000
0.000
0.000
0.000
0.000
0.000
0.000
0.000
0.000
0.000
0.000
0.000
0.000
0.000
0.000
0.000
0.000
0.000
0.000
0.000
0.000
0.000
0.000
0.000
0.000
0.000
-0.000
-0.000
-0.000
-0.000
-0.000
-0.000
0.000
0.000
0.000
0.000
0.000
0.000
0.000
0.000
0.000
0
0
0
0
0
0
0
0
0
0
0
0
0
0
0
0
0
0
0
0
0
0
0
0
0
0
0
0
0
0
0
0
0
0
0
0
0
0
0
0
0
0
0
0
0
0
0
0
0
0
0
0
0
0
0
0
0
0
0
0
0
0
0
0
0
0
0
0
0
0
0
0
0
0
0
0
0
0
0
0
0
0
0
0
0
0
0
0
0
0
0
0
0
0
0
0
0
0
0
0
0
0
0
0
0
0
0
0
0
0
0
0
0
0
0
0
0
0
0
0
0
0
0
0
0
0
0
0
0
0
0
0
0
0
0
0
0
0
0
0
0
0
0
0
0
0
0
0
0
0
0
0
0
0
0
0
0
0
0
0
0
0
0
0
0
0
0
0
0
0
0
0
0
0
0
0
0
0
0
0
0
0
0
0
0
0
0
0
0
0
0
0
0
0
0
0
0
0
0
0
0
0
0
0
0
0
0
0
0
0
0
0
0
0
0
0
0
0
0
0
0
0
0
0
0
0
0
0
0
0
0
0
0
0
0
0
0
0
0
0
0
0
0
0
0
0
0
0
0
0
0
0
0
0
0
0
0
0
0
0
0
0
0
0
0
0
0
0
0
0
0
0
0
0
0
0
0
0
0
0
0
0
0
0
0
0
0
0
0
0
0
0
0
0
0
0
0
0
0
0
0
0
0
0
0
0
0
0
0
0
0
0
0
0
0
0
0
0
0
0
0
0
0
0
0
0
0
0
0
0
0
0
0
0
0
0
0
0
0
0
0
0
0
0
0
0
0
0
0
0
0
0
0
0
0
0
0
0
0
0
0
0
0
0
0
0
0
0
0
0
0
0
0
0
0
0
0
0
0
0
0
0
0
0
0
0
0
0
0
0
0
0
0
0
0
0
0
0
0
0
0
0
0
0
0
0
0
0
0
0
0
0
0
0
0
0
0
0
0
0
0
0
0
0
0
0
0
0
0
0
0
0
0
0
0
0
0
0
0
0
0
0
0
0
0
0
0
0
0
0
0
0
0
0
0
0
0
0
0
0
0
0
0
0
0
0
0
0
0
0
0
0
0
0
0
0
0
0
0
0
0
0
0
0
0
0
0
0
0
0
0
0
0
0
0
0
0
0
0
0
0
0
0
0
0
0
0
0
0
0
0
0
0
0
0
0
0
0
0
0
0
0
0
0
0
0
0
0
0
0
0
0
0
0
0
0
0
0
0
0
0
0
0
0
0
0
0
0
0
0
0
0
0
0
0
0
0
0
0
0
0
0
0
0
0
0
0
0
0
0
0
0
0
0
0
0
0
0
0
0
0
0
0
0
0
0
0
0
0
0
0
0
0
0
0
0
0
0
0
0
0
0
0
0
0
0
0
0
0
0
0
0
0
0
0
0
0
0
0
0
0
0
0
0
0
0
0
0
0
0
0
0
0
0
0
0
0
0
0
0
0
0
0
0
0
0
0
0
0
0
0
0
0
0
0
0
0
0
0
0
0
0
0
0
0
0
0
0
0
0
0
0
0
0
0
0
0
0
0
0
0
0
0
0
0
0
0
0
0
0
0
0
0
0
0
0
0
0
0
0
0
0
0
0
0
0
0
0
0
0
0
0
0
0
0
0
0
0
0
0
0
0
0
0
0
0
0
0
0
0
0
0
0
0
0
0
0
0
0
0
0
0
0
0
0
0
0
0
0
0
0
0
0
0
0
0
0
0
0
0
0
0
0
0
0
0
0
0
0
0
0
0
0
0
0
0
0
0
0
0
0
0
0
0
0
0
0
0
0
0
0
0
0
0
0
0
0
0
0
0
0
0
0
0
0
0
0
0
0
0
0
0
0
0
0
0
0
0
0
0
0
0
0
0
0
0
0
0
0
0
$MCA_CAL:
3
-1.4656616 2.9313233 0.00000000000000
$ENER_FIT:
-1.4656616 2.9313233 0.00000000000000
$MCA_CAL_DATA:
3
298 872
597 1749
896 2625
$CAMBIO:
Parent file specification: C:\GADRAS-DRF\Temp\123I_150.0_175.0_lead_0.51_7.5.pcf
Successful read of spectrum: Yes
Error message: None
Warning: None
Information: None
Neutrons: 0
Number of spectral records in the parent file: 1
Record number of this spectrum in the parent file: 1
Date and time of acquisition read successfully from the original file: Yes
Live time read successfully from the original file: Yes
True time read successfully from the original file: Yes
GADRAS Tag character is:  
Version: 130122
Parent file type: Sandia GADRAS PCF
