$SPEC_ID:
123I,1uC{26,6.28}
$MEAS_TIM:
3600.00 3600.00
$DATE_MEA:
3/9/2018 5:22:25 PM
$DATA:
0 1193
456.165
572.553
538.887
579.228
476.558
373.316
294.618
231.449
187.629
155.698
137.117
127.249
126.191
130.978
138.604
147.502
156.823
168.078
181.121
194.794
210.234
226.595
243.372
263.497
284.572
313.932
360.524
428.034
520.306
612.500
684.839
723.114
722.301
700.696
676.714
666.712
675.162
702.937
747.303
802.370
862.928
927.646
993.179
1054.014
1107.597
1160.236
1224.270
1331.757
1530.947
1845.437
2279.060
2800.318
3278.554
3551.861
3476.332
3063.049
2415.656
1696.867
1053.110
591.333
306.129
149.181
74.198
43.720
33.217
29.338
27.791
26.856
26.136
25.500
24.918
24.348
23.757
23.161
22.591
22.079
21.663
21.371
21.224
21.193
21.231
21.292
21.329
21.300
21.167
20.948
20.728
20.598
20.648
20.965
21.618
22.658
24.007
25.491
26.889
27.899
28.238
27.838
26.707
24.952
22.793
20.458
18.170
16.147
14.515
13.270
12.393
11.835
11.533
11.426
11.464
11.596
11.781
11.984
12.173
12.309
12.351
12.266
12.054
11.724
11.290
10.786
10.249
9.713
9.208
8.765
8.397
8.102
7.874
7.706
7.590
7.515
7.476
7.473
7.503
7.573
7.694
7.881
8.143
8.482
8.902
9.401
9.970
10.596
11.264
11.925
12.520
12.990
13.297
13.416
13.323
13.016
12.529
11.898
11.166
10.383
9.610
8.902
8.303
7.839
7.533
7.408
7.469
7.722
8.167
8.808
9.645
10.678
11.903
13.297
14.825
16.454
18.143
19.837
21.479
23.011
24.364
25.457
26.206
26.536
26.423
25.879
24.917
23.552
21.856
19.912
17.806
15.621
13.438
11.333
9.383
7.650
6.142
4.855
3.787
2.930
2.260
1.752
1.378
1.113
0.938
0.835
0.784
0.770
0.781
0.812
0.853
0.899
0.945
0.986
1.018
1.039
1.046
1.040
1.021
0.990
0.947
0.895
0.837
0.776
0.714
0.654
0.598
0.547
0.503
0.468
0.441
0.421
0.408
0.401
0.398
0.400
0.404
0.411
0.418
0.427
0.438
0.449
0.461
0.474
0.489
0.504
0.520
0.538
0.556
0.573
0.590
0.605
0.618
0.628
0.636
0.642
0.644
0.643
0.640
0.635
0.628
0.621
0.612
0.603
0.594
0.584
0.573
0.562
0.549
0.535
0.519
0.501
0.479
0.456
0.430
0.402
0.373
0.342
0.310
0.278
0.247
0.217
0.188
0.161
0.136
0.113
0.093
0.076
0.061
0.049
0.038
0.030
0.023
0.018
0.013
0.010
0.008
0.006
0.005
0.004
0.004
0.003
0.003
0.003
0.003
0.003
0.003
0.003
0.003
0.003
0.003
0.003
0.003
0.003
0.003
0.003
0.003
0.003
0.002
0.002
0.002
0.002
0.002
0.001
0.001
0.001
0.001
0.001
0.001
0.000
0.000
0.000
0.000
0.000
0.000
0.000
0.000
0.000
0.000
0.000
0.000
0.000
0.000
0.000
0.000
0.000
0.000
0.000
0.000
0.000
0.000
0.000
0.000
0.000
-0.000
-0.000
-0.000
-0.000
-0.000
-0.000
0.000
0.000
0.000
0.000
0.000
0.000
0.000
0.000
0.000
0.000
0
0
0
0
0
0
0
0
0
0
0
0
0
0
0
0
0
0
0
0
0
0
0
0
0
0
0
0
0
0
0
0
0
0
0
0
0
0
0
0
0
0
0
0
0
0
0
0
0
0
0
0
0
0
0
0
0
0
0
0
0
0
0
0
0
0
0
0
0
0
0
0
0
0
0
0
0
0
0
0
0
0
0
0
0
0
0
0
0
0
0
0
0
0
0
0
0
0
0
0
0
0
0
0
0
0
0
0
0
0
0
0
0
0
0
0
0
0
0
0
0
0
0
0
0
0
0
0
0
0
0
0
0
0
0
0
0
0
0
0
0
0
0
0
0
0
0
0
0
0
0
0
0
0
0
0
0
0
0
0
0
0
0
0
0
0
0
0
0
0
0
0
0
0
0
0
0
0
0
0
0
0
0
0
0
0
0
0
0
0
0
0
0
0
0
0
0
0
0
0
0
0
0
0
0
0
0
0
0
0
0
0
0
0
0
0
0
0
0
0
0
0
0
0
0
0
0
0
0
0
0
0
0
0
0
0
0
0
0
0
0
0
0
0
0
0
0
0
0
0
0
0
0
0
0
0
0
0
0
0
0
0
0
0
0
0
0
0
0
0
0
0
0
0
0
0
0
0
0
0
0
0
0
0
0
0
0
0
0
0
0
0
0
0
0
0
0
0
0
0
0
0
0
0
0
0
0
0
0
0
0
0
0
0
0
0
0
0
0
0
0
0
0
0
0
0
0
0
0
0
0
0
0
0
0
0
0
0
0
0
0
0
0
0
0
0
0
0
0
0
0
0
0
0
0
0
0
0
0
0
0
0
0
0
0
0
0
0
0
0
0
0
0
0
0
0
0
0
0
0
0
0
0
0
0
0
0
0
0
0
0
0
0
0
0
0
0
0
0
0
0
0
0
0
0
0
0
0
0
0
0
0
0
0
0
0
0
0
0
0
0
0
0
0
0
0
0
0
0
0
0
0
0
0
0
0
0
0
0
0
0
0
0
0
0
0
0
0
0
0
0
0
0
0
0
0
0
0
0
0
0
0
0
0
0
0
0
0
0
0
0
0
0
0
0
0
0
0
0
0
0
0
0
0
0
0
0
0
0
0
0
0
0
0
0
0
0
0
0
0
0
0
0
0
0
0
0
0
0
0
0
0
0
0
0
0
0
0
0
0
0
0
0
0
0
0
0
0
0
0
0
0
0
0
0
0
0
0
0
0
0
0
0
0
0
0
0
0
0
0
0
0
0
0
0
0
0
0
0
0
0
0
0
0
0
0
0
0
0
0
0
0
0
0
0
0
0
0
0
0
0
0
0
0
0
0
0
0
0
0
0
0
0
0
0
0
0
0
0
0
0
0
0
0
0
0
0
0
0
0
0
0
0
0
0
0
0
0
0
0
0
0
0
0
0
0
0
0
0
0
0
0
0
0
0
0
0
0
0
0
0
0
0
0
0
0
0
0
0
0
0
0
0
0
0
0
0
0
0
0
0
0
0
0
0
0
0
0
0
0
0
0
0
0
0
0
0
0
0
0
0
0
0
0
0
0
0
0
0
0
0
0
0
0
0
0
0
0
0
0
0
0
0
0
0
0
0
0
0
0
0
0
0
0
0
0
0
0
0
0
0
0
0
0
0
0
0
0
0
0
0
0
0
0
0
0
0
0
0
0
0
0
0
0
0
0
0
0
0
0
0
0
0
0
0
0
0
0
0
0
0
0
0
0
0
0
0
0
0
0
0
0
0
0
0
0
0
0
0
0
0
0
0
0
0
0
0
0
0
0
0
0
0
0
0
0
0
0
0
0
0
0
0
0
0
0
0
0
0
0
0
0
0
0
0
0
0
0
0
0
0
0
0
0
0
0
0
0
$MCA_CAL:
3
-1.4656616 2.9313233 0.00000000000000
$ENER_FIT:
-1.4656616 2.9313233 0.00000000000000
$MCA_CAL_DATA:
3
298 872
597 1749
896 2625
$CAMBIO:
Parent file specification: C:\GADRAS-DRF\Temp\123I_50.0_50.0_iron_6.28_8.0.pcf
Successful read of spectrum: Yes
Error message: None
Warning: None
Information: None
Neutrons: 0
Number of spectral records in the parent file: 1
Record number of this spectrum in the parent file: 1
Date and time of acquisition read successfully from the original file: Yes
Live time read successfully from the original file: Yes
True time read successfully from the original file: Yes
GADRAS Tag character is:  
Version: 130122
Parent file type: Sandia GADRAS PCF
