$SPEC_ID:
131I,1uC{13,1.82}
$MEAS_TIM:
3600.00 3600.00
$DATE_MEA:
3/9/2018 5:22:25 PM
$DATA:
0 1193
224.937
211.203
193.006
219.830
184.664
154.440
128.168
110.079
100.853
100.848
98.667
88.181
80.369
77.972
76.989
75.960
76.040
76.857
79.232
84.223
89.785
94.739
98.628
102.642
108.951
116.450
121.400
117.499
106.415
94.624
88.897
86.721
86.902
87.234
87.847
88.496
89.072
89.622
89.634
89.516
89.382
89.276
89.088
89.141
89.867
90.881
93.981
98.092
103.005
110.406
120.012
130.850
140.496
146.175
147.212
143.902
137.263
128.817
119.599
110.364
101.687
93.908
87.179
81.501
76.894
73.324
70.636
68.538
66.638
64.514
61.877
58.669
55.161
51.726
48.130
44.248
40.741
37.976
35.724
33.834
32.266
30.989
29.980
29.197
28.595
28.161
27.911
27.940
28.363
29.270
30.715
32.636
34.916
37.354
39.697
41.522
42.371
42.108
40.788
38.647
36.071
33.416
31.001
29.046
27.559
26.505
25.797
25.344
25.094
25.032
25.226
25.870
27.223
29.778
34.080
40.665
50.048
62.498
77.689
95.091
113.118
129.561
142.356
149.734
150.123
143.571
131.160
114.232
94.837
75.145
56.781
40.828
28.188
18.775
12.103
7.667
4.912
3.277
2.345
1.869
1.621
1.484
1.412
1.366
1.329
1.296
1.261
1.224
1.188
1.152
1.118
1.082
1.047
1.013
0.982
0.955
0.934
0.917
0.906
0.900
0.900
0.907
0.919
0.937
0.959
0.985
1.011
1.038
1.060
1.075
1.078
1.069
1.049
1.017
0.978
0.931
0.879
0.826
0.773
0.723
0.678
0.640
0.607
0.580
0.558
0.540
0.526
0.513
0.503
0.494
0.487
0.481
0.476
0.473
0.471
0.473
0.480
0.494
0.518
0.556
0.613
0.694
0.805
0.954
1.146
1.387
1.674
2.008
2.388
2.802
3.235
3.672
4.093
4.476
4.796
5.025
5.149
5.166
5.077
4.880
4.588
4.221
3.803
3.355
2.897
2.448
2.027
1.653
1.330
1.061
0.845
0.683
0.570
0.500
0.467
0.465
0.488
0.530
0.587
0.653
0.723
0.792
0.855
0.908
0.948
0.973
0.981
0.971
0.942
0.898
0.840
0.772
0.696
0.615
0.534
0.454
0.380
0.312
0.251
0.198
0.153
0.116
0.087
0.064
0.046
0.032
0.022
0.015
0.010
0.007
0.004
0.003
0.002
0.001
0.001
0.000
0.000
0.000
-0.000
-0.000
-0.000
-0.000
0.000
0.000
0.000
0.000
0.000
-0.000
-0.000
-0.000
-0.000
0.000
0.000
0.000
0
0
0
0
0
0
0
0
0
0
0
0
0
0
0
0
0
0
0
0
0
0
0
0
0
0
0
0
0
0
0
0
0
0
0
0
0
0
0
0
0
0
0
0
0
0
0
0
0
0
0
0
0
0
0
0
0
0
0
0
0
0
0
0
0
0
0
0
0
0
0
0
0
0
0
0
0
0
0
0
0
0
0
0
0
0
0
0
0
0
0
0
0
0
0
0
0
0
0
0
0
0
0
0
0
0
0
0
0
0
0
0
0
0
0
0
0
0
0
0
0
0
0
0
0
0
0
0
0
0
0
0
0
0
0
0
0
0
0
0
0
0
0
0
0
0
0
0
0
0
0
0
0
0
0
0
0
0
0
0
0
0
0
0
0
0
0
0
0
0
0
0
0
0
0
0
0
0
0
0
0
0
0
0
0
0
0
0
0
0
0
0
0
0
0
0
0
0
0
0
0
0
0
0
0
0
0
0
0
0
0
0
0
0
0
0
0
0
0
0
0
0
0
0
0
0
0
0
0
0
0
0
0
0
0
0
0
0
0
0
0
0
0
0
0
0
0
0
0
0
0
0
0
0
0
0
0
0
0
0
0
0
0
0
0
0
0
0
0
0
0
0
0
0
0
0
0
0
0
0
0
0
0
0
0
0
0
0
0
0
0
0
0
0
0
0
0
0
0
0
0
0
0
0
0
0
0
0
0
0
0
0
0
0
0
0
0
0
0
0
0
0
0
0
0
0
0
0
0
0
0
0
0
0
0
0
0
0
0
0
0
0
0
0
0
0
0
0
0
0
0
0
0
0
0
0
0
0
0
0
0
0
0
0
0
0
0
0
0
0
0
0
0
0
0
0
0
0
0
0
0
0
0
0
0
0
0
0
0
0
0
0
0
0
0
0
0
0
0
0
0
0
0
0
0
0
0
0
0
0
0
0
0
0
0
0
0
0
0
0
0
0
0
0
0
0
0
0
0
0
0
0
0
0
0
0
0
0
0
0
0
0
0
0
0
0
0
0
0
0
0
0
0
0
0
0
0
0
0
0
0
0
0
0
0
0
0
0
0
0
0
0
0
0
0
0
0
0
0
0
0
0
0
0
0
0
0
0
0
0
0
0
0
0
0
0
0
0
0
0
0
0
0
0
0
0
0
0
0
0
0
0
0
0
0
0
0
0
0
0
0
0
0
0
0
0
0
0
0
0
0
0
0
0
0
0
0
0
0
0
0
0
0
0
0
0
0
0
0
0
0
0
0
0
0
0
0
0
0
0
0
0
0
0
0
0
0
0
0
0
0
0
0
0
0
0
0
0
0
0
0
0
0
0
0
0
0
0
0
0
0
0
0
0
0
0
0
0
0
0
0
0
0
0
0
0
0
0
0
0
0
0
0
0
0
0
0
0
0
0
0
0
0
0
0
0
0
0
0
0
0
0
0
0
0
0
0
0
0
0
0
0
0
0
0
0
0
0
0
0
0
0
0
0
0
0
0
0
0
0
0
0
0
0
0
0
0
0
0
0
0
0
0
0
0
0
0
0
0
0
0
0
0
0
0
0
0
0
0
0
0
0
0
0
0
0
0
0
0
0
0
0
0
0
0
0
0
0
0
0
0
0
0
0
0
0
0
0
0
0
0
0
0
0
0
0
0
0
0
0
0
0
0
0
0
0
0
0
0
0
0
0
0
0
0
0
0
0
0
0
0
0
0
0
0
0
0
0
0
0
0
0
0
0
0
0
0
0
0
0
0
0
0
0
0
0
0
0
0
0
0
0
0
0
0
0
0
0
0
0
0
0
0
0
0
0
0
0
0
0
0
0
0
0
0
0
0
0
0
0
0
0
0
0
0
0
0
0
0
0
0
0
0
0
0
0
0
0
0
0
0
0
0
0
0
0
0
0
0
0
0
0
0
0
0
0
0
0
0
0
0
0
0
0
0
0
0
0
0
0
0
0
0
0
0
0
0
0
0
0
0
0
0
0
0
0
0
0
0
0
0
0
0
0
0
0
0
0
0
0
0
0
0
0
0
0
0
0
0
0
$MCA_CAL:
3
-1.4656616 2.9313233 0.00000000000000
$ENER_FIT:
-1.4656616 2.9313233 0.00000000000000
$MCA_CAL_DATA:
3
298 872
597 1749
896 2625
$CAMBIO:
Parent file specification: C:\GADRAS-DRF\Temp\131I_125.0_237.5_alum_1.82_7.0.pcf
Successful read of spectrum: Yes
Error message: None
Warning: None
Information: None
Neutrons: 0
Number of spectral records in the parent file: 1
Record number of this spectrum in the parent file: 1
Date and time of acquisition read successfully from the original file: Yes
Live time read successfully from the original file: Yes
True time read successfully from the original file: Yes
GADRAS Tag character is:  
Version: 130122
Parent file type: Sandia GADRAS PCF
