$SPEC_ID:
131I,1uC{82,0.22}
$MEAS_TIM:
3600.00 3600.00
$DATE_MEA:
3/9/2018 5:22:25 PM
$DATA:
0 1193
524.371
484.003
439.349
389.093
335.665
286.116
240.501
207.328
184.630
165.700
156.632
150.232
142.538
138.863
135.202
131.940
131.187
130.287
131.023
135.996
142.091
148.665
157.471
172.536
195.501
220.523
236.969
231.456
204.529
172.862
149.689
138.605
135.756
136.434
138.057
139.441
140.554
141.584
142.525
143.110
143.713
145.570
146.653
149.012
154.933
160.676
171.953
189.701
206.607
226.246
248.356
265.424
270.573
262.121
244.776
223.979
204.012
186.212
171.242
159.409
150.269
143.146
137.473
132.809
128.878
125.433
122.238
119.047
115.591
111.561
106.781
101.779
97.155
92.887
88.841
85.096
81.783
78.994
76.798
75.159
74.008
73.260
72.840
72.750
73.051
73.875
75.429
77.957
81.770
87.139
94.105
102.602
112.089
121.672
130.361
136.996
140.509
140.571
137.136
130.673
122.279
113.072
104.014
96.000
89.574
84.765
81.575
80.044
80.230
82.410
87.400
96.124
109.937
130.670
160.068
199.086
248.272
307.507
373.914
443.878
512.852
573.887
619.765
645.302
648.799
628.899
587.112
528.694
459.122
384.027
309.133
240.146
180.505
130.921
91.897
63.012
42.493
28.457
19.231
13.551
10.209
8.173
6.998
6.353
5.940
5.647
5.433
5.261
5.105
4.957
4.806
4.647
4.490
4.342
4.212
4.104
4.017
3.953
3.913
3.897
3.907
3.942
4.000
4.074
4.161
4.255
4.346
4.426
4.486
4.519
4.520
4.481
4.401
4.282
4.130
3.950
3.749
3.536
3.320
3.111
2.914
2.732
2.568
2.427
2.306
2.204
2.118
2.048
1.991
1.947
1.916
1.896
1.893
1.910
1.953
2.027
2.147
2.325
2.576
2.916
3.362
3.935
4.653
5.534
6.579
7.784
9.145
10.655
12.278
13.961
15.651
17.296
18.833
20.192
21.304
22.098
22.523
22.580
22.279
21.626
20.636
19.361
17.872
16.239
14.530
12.811
11.130
9.540
8.090
6.827
5.757
4.877
4.183
3.672
3.332
3.139
3.069
3.097
3.200
3.354
3.539
3.735
3.920
4.076
4.194
4.266
4.287
4.249
4.150
3.996
3.796
3.556
3.284
2.990
2.682
2.370
2.064
1.773
1.502
1.254
1.030
0.833
0.665
0.524
0.407
0.311
0.235
0.174
0.127
0.092
0.065
0.046
0.032
0.021
0.014
0.009
0.006
0.004
0.002
0.001
0.001
0.000
-0.000
-0.000
-0.000
-0.000
-0.000
0.000
0.000
0.000
0.000
0.000
0.000
-0.000
-0.000
-0.000
-0.000
-0.000
0.000
0.000
0.000
0
0
0
0
0
0
0
0
0
0
0
0
0
0
0
0
0
0
0
0
0
0
0
0
0
0
0
0
0
0
0
0
0
0
0
0
0
0
0
0
0
0
0
0
0
0
0
0
0
0
0
0
0
0
0
0
0
0
0
0
0
0
0
0
0
0
0
0
0
0
0
0
0
0
0
0
0
0
0
0
0
0
0
0
0
0
0
0
0
0
0
0
0
0
0
0
0
0
0
0
0
0
0
0
0
0
0
0
0
0
0
0
0
0
0
0
0
0
0
0
0
0
0
0
0
0
0
0
0
0
0
0
0
0
0
0
0
0
0
0
0
0
0
0
0
0
0
0
0
0
0
0
0
0
0
0
0
0
0
0
0
0
0
0
0
0
0
0
0
0
0
0
0
0
0
0
0
0
0
0
0
0
0
0
0
0
0
0
0
0
0
0
0
0
0
0
0
0
0
0
0
0
0
0
0
0
0
0
0
0
0
0
0
0
0
0
0
0
0
0
0
0
0
0
0
0
0
0
0
0
0
0
0
0
0
0
0
0
0
0
0
0
0
0
0
0
0
0
0
0
0
0
0
0
0
0
0
0
0
0
0
0
0
0
0
0
0
0
0
0
0
0
0
0
0
0
0
0
0
0
0
0
0
0
0
0
0
0
0
0
0
0
0
0
0
0
0
0
0
0
0
0
0
0
0
0
0
0
0
0
0
0
0
0
0
0
0
0
0
0
0
0
0
0
0
0
0
0
0
0
0
0
0
0
0
0
0
0
0
0
0
0
0
0
0
0
0
0
0
0
0
0
0
0
0
0
0
0
0
0
0
0
0
0
0
0
0
0
0
0
0
0
0
0
0
0
0
0
0
0
0
0
0
0
0
0
0
0
0
0
0
0
0
0
0
0
0
0
0
0
0
0
0
0
0
0
0
0
0
0
0
0
0
0
0
0
0
0
0
0
0
0
0
0
0
0
0
0
0
0
0
0
0
0
0
0
0
0
0
0
0
0
0
0
0
0
0
0
0
0
0
0
0
0
0
0
0
0
0
0
0
0
0
0
0
0
0
0
0
0
0
0
0
0
0
0
0
0
0
0
0
0
0
0
0
0
0
0
0
0
0
0
0
0
0
0
0
0
0
0
0
0
0
0
0
0
0
0
0
0
0
0
0
0
0
0
0
0
0
0
0
0
0
0
0
0
0
0
0
0
0
0
0
0
0
0
0
0
0
0
0
0
0
0
0
0
0
0
0
0
0
0
0
0
0
0
0
0
0
0
0
0
0
0
0
0
0
0
0
0
0
0
0
0
0
0
0
0
0
0
0
0
0
0
0
0
0
0
0
0
0
0
0
0
0
0
0
0
0
0
0
0
0
0
0
0
0
0
0
0
0
0
0
0
0
0
0
0
0
0
0
0
0
0
0
0
0
0
0
0
0
0
0
0
0
0
0
0
0
0
0
0
0
0
0
0
0
0
0
0
0
0
0
0
0
0
0
0
0
0
0
0
0
0
0
0
0
0
0
0
0
0
0
0
0
0
0
0
0
0
0
0
0
0
0
0
0
0
0
0
0
0
0
0
0
0
0
0
0
0
0
0
0
0
0
0
0
0
0
0
0
0
0
0
0
0
0
0
0
0
0
0
0
0
0
0
0
0
0
0
0
0
0
0
0
0
0
0
0
0
0
0
0
0
0
0
0
0
0
0
0
0
0
0
0
0
0
0
0
0
0
0
0
0
0
0
0
0
0
0
0
0
0
0
0
0
0
0
0
0
0
0
0
0
0
0
0
0
0
0
0
0
0
0
0
0
0
0
0
0
0
0
0
0
0
0
0
0
0
0
0
0
0
0
0
0
0
0
0
0
0
0
0
0
0
0
0
0
0
0
0
0
0
0
0
0
0
0
0
0
0
0
0
0
0
0
0
0
0
0
0
0
0
0
0
0
0
0
0
0
0
0
0
0
0
0
0
0
0
0
0
0
0
0
0
0
0
0
0
0
0
0
0
0
0
0
0
0
0
0
0
0
0
$MCA_CAL:
3
-1.4656616 2.9313233 0.00000000000000
$ENER_FIT:
-1.4656616 2.9313233 0.00000000000000
$MCA_CAL_DATA:
3
298 872
597 1749
896 2625
$CAMBIO:
Parent file specification: C:\GADRAS-DRF\Temp\131I_150.0_112.5_lead_0.22_8.0.pcf
Successful read of spectrum: Yes
Error message: None
Warning: None
Information: None
Neutrons: 0
Number of spectral records in the parent file: 1
Record number of this spectrum in the parent file: 1
Date and time of acquisition read successfully from the original file: Yes
Live time read successfully from the original file: Yes
True time read successfully from the original file: Yes
GADRAS Tag character is:  
Version: 130122
Parent file type: Sandia GADRAS PCF
