$SPEC_ID:
131I,1uC{26,1.53}
$MEAS_TIM:
3600.00 3600.00
$DATE_MEA:
3/9/2018 5:22:25 PM
$DATA:
0 1193
215.747
200.580
182.714
194.099
165.646
138.708
115.049
98.606
88.179
79.893
76.138
73.631
70.413
69.168
67.699
65.923
65.440
65.453
66.444
69.944
74.317
78.480
82.293
86.140
91.904
98.056
102.940
98.690
89.508
80.412
75.888
74.644
74.759
75.444
76.249
77.007
77.662
78.282
78.593
78.835
79.033
79.410
79.655
80.090
81.127
82.253
85.115
89.873
94.503
102.715
113.394
125.586
136.600
142.923
144.254
140.354
132.391
122.367
111.765
101.494
92.116
83.954
77.071
71.452
67.069
63.886
61.734
60.279
58.986
57.413
55.245
52.353
49.080
45.917
42.583
39.082
36.081
33.687
31.698
30.107
28.889
27.906
27.088
26.428
25.919
25.565
25.406
25.492
25.890
26.721
28.188
30.325
32.965
35.874
38.749
41.080
42.231
41.982
40.407
37.854
34.839
31.833
29.258
27.283
25.876
24.947
24.354
23.984
23.759
23.643
23.667
23.943
24.797
26.648
30.180
36.172
45.310
58.213
74.951
94.853
116.646
137.324
153.659
163.293
164.368
156.495
141.243
120.547
97.228
74.288
53.727
36.724
24.005
15.061
9.164
5.573
3.547
2.436
1.892
1.626
1.479
1.405
1.369
1.348
1.327
1.295
1.258
1.221
1.186
1.150
1.113
1.074
1.036
1.001
0.968
0.940
0.917
0.899
0.887
0.880
0.880
0.886
0.900
0.920
0.947
0.978
1.012
1.047
1.078
1.099
1.106
1.098
1.076
1.041
0.994
0.939
0.879
0.817
0.757
0.704
0.657
0.617
0.585
0.559
0.539
0.523
0.510
0.499
0.490
0.482
0.474
0.468
0.462
0.457
0.453
0.450
0.451
0.457
0.470
0.495
0.536
0.599
0.691
0.821
0.999
1.233
1.526
1.879
2.295
2.765
3.269
3.791
4.307
4.784
5.186
5.478
5.643
5.673
5.562
5.313
4.948
4.496
3.985
3.444
2.900
2.382
1.917
1.512
1.170
0.896
0.687
0.539
0.442
0.389
0.374
0.391
0.432
0.494
0.569
0.654
0.742
0.831
0.912
0.983
1.036
1.067
1.077
1.065
1.030
0.975
0.902
0.818
0.726
0.630
0.534
0.443
0.360
0.286
0.223
0.169
0.126
0.091
0.065
0.045
0.031
0.020
0.013
0.008
0.005
0.003
0.002
0.001
0.001
0.000
0.000
0.000
0.000
-0.000
-0.000
-0.000
-0.000
0.000
0.000
0
0
0
0
0
0
0
0
0
0
0
0
0
0
0
0
0
0
0
0
0
0
0
0
0
0
0
0
0
0
0
0
0
0
0
0
0
0
0
0
0
0
0
0
0
0
0
0
0
0
0
0
0
0
0
0
0
0
0
0
0
0
0
0
0
0
0
0
0
0
0
0
0
0
0
0
0
0
0
0
0
0
0
0
0
0
0
0
0
0
0
0
0
0
0
0
0
0
0
0
0
0
0
0
0
0
0
0
0
0
0
0
0
0
0
0
0
0
0
0
0
0
0
0
0
0
0
0
0
0
0
0
0
0
0
0
0
0
0
0
0
0
0
0
0
0
0
0
0
0
0
0
0
0
0
0
0
0
0
0
0
0
0
0
0
0
0
0
0
0
0
0
0
0
0
0
0
0
0
0
0
0
0
0
0
0
0
0
0
0
0
0
0
0
0
0
0
0
0
0
0
0
0
0
0
0
0
0
0
0
0
0
0
0
0
0
0
0
0
0
0
0
0
0
0
0
0
0
0
0
0
0
0
0
0
0
0
0
0
0
0
0
0
0
0
0
0
0
0
0
0
0
0
0
0
0
0
0
0
0
0
0
0
0
0
0
0
0
0
0
0
0
0
0
0
0
0
0
0
0
0
0
0
0
0
0
0
0
0
0
0
0
0
0
0
0
0
0
0
0
0
0
0
0
0
0
0
0
0
0
0
0
0
0
0
0
0
0
0
0
0
0
0
0
0
0
0
0
0
0
0
0
0
0
0
0
0
0
0
0
0
0
0
0
0
0
0
0
0
0
0
0
0
0
0
0
0
0
0
0
0
0
0
0
0
0
0
0
0
0
0
0
0
0
0
0
0
0
0
0
0
0
0
0
0
0
0
0
0
0
0
0
0
0
0
0
0
0
0
0
0
0
0
0
0
0
0
0
0
0
0
0
0
0
0
0
0
0
0
0
0
0
0
0
0
0
0
0
0
0
0
0
0
0
0
0
0
0
0
0
0
0
0
0
0
0
0
0
0
0
0
0
0
0
0
0
0
0
0
0
0
0
0
0
0
0
0
0
0
0
0
0
0
0
0
0
0
0
0
0
0
0
0
0
0
0
0
0
0
0
0
0
0
0
0
0
0
0
0
0
0
0
0
0
0
0
0
0
0
0
0
0
0
0
0
0
0
0
0
0
0
0
0
0
0
0
0
0
0
0
0
0
0
0
0
0
0
0
0
0
0
0
0
0
0
0
0
0
0
0
0
0
0
0
0
0
0
0
0
0
0
0
0
0
0
0
0
0
0
0
0
0
0
0
0
0
0
0
0
0
0
0
0
0
0
0
0
0
0
0
0
0
0
0
0
0
0
0
0
0
0
0
0
0
0
0
0
0
0
0
0
0
0
0
0
0
0
0
0
0
0
0
0
0
0
0
0
0
0
0
0
0
0
0
0
0
0
0
0
0
0
0
0
0
0
0
0
0
0
0
0
0
0
0
0
0
0
0
0
0
0
0
0
0
0
0
0
0
0
0
0
0
0
0
0
0
0
0
0
0
0
0
0
0
0
0
0
0
0
0
0
0
0
0
0
0
0
0
0
0
0
0
0
0
0
0
0
0
0
0
0
0
0
0
0
0
0
0
0
0
0
0
0
0
0
0
0
0
0
0
0
0
0
0
0
0
0
0
0
0
0
0
0
0
0
0
0
0
0
0
0
0
0
0
0
0
0
0
0
0
0
0
0
0
0
0
0
0
0
0
0
0
0
0
0
0
0
0
0
0
0
0
0
0
0
0
0
0
0
0
0
0
0
0
0
0
0
0
0
0
0
0
0
0
0
0
0
0
0
0
0
0
0
0
0
0
0
0
0
0
0
0
0
0
0
0
0
0
0
0
0
0
0
0
0
0
0
0
0
0
0
0
0
0
0
0
0
0
0
0
0
0
0
0
0
0
0
0
0
0
0
0
0
0
0
0
0
0
0
0
0
0
0
0
0
0
0
0
0
0
0
0
0
0
0
0
0
0
0
0
0
0
0
0
0
0
0
0
0
0
0
0
0
0
0
0
0
0
0
0
0
$MCA_CAL:
3
-1.4656616 2.9313233 0.00000000000000
$ENER_FIT:
-1.4656616 2.9313233 0.00000000000000
$MCA_CAL_DATA:
3
298 872
597 1749
896 2625
$CAMBIO:
Parent file specification: C:\GADRAS-DRF\Temp\131I_150.0_237.5_iron_1.53_6.5.pcf
Successful read of spectrum: Yes
Error message: None
Warning: None
Information: None
Neutrons: 0
Number of spectral records in the parent file: 1
Record number of this spectrum in the parent file: 1
Date and time of acquisition read successfully from the original file: Yes
Live time read successfully from the original file: Yes
True time read successfully from the original file: Yes
GADRAS Tag character is:  
Version: 130122
Parent file type: Sandia GADRAS PCF
