$SPEC_ID:
131I,1uC{26,3.50}
$MEAS_TIM:
3600.00 3600.00
$DATE_MEA:
3/9/2018 5:22:25 PM
$DATA:
0 1193
259.592
240.777
222.907
266.630
239.814
201.147
168.113
144.629
129.215
116.288
110.804
106.831
102.324
99.922
97.269
94.794
93.871
93.962
96.191
100.801
106.480
113.403
119.795
124.290
129.096
132.924
134.113
131.062
125.702
120.319
117.180
116.431
116.658
116.953
117.513
118.214
119.052
119.769
120.004
119.995
120.158
120.513
120.524
121.362
123.910
127.118
131.524
138.088
145.818
154.379
164.352
174.026
180.867
183.595
181.818
176.259
167.917
157.965
147.489
137.457
128.251
119.922
112.576
106.330
101.096
96.678
92.881
89.518
86.335
83.044
79.584
76.128
72.740
69.278
65.678
62.166
59.010
56.313
54.104
52.345
50.925
49.756
48.848
48.226
47.904
47.887
48.192
48.859
49.928
51.390
53.203
55.295
57.500
59.629
61.469
62.778
63.325
63.057
62.029
60.324
58.133
55.684
53.199
50.860
48.850
47.319
46.353
46.035
46.468
47.794
50.158
53.787
59.031
66.257
75.681
87.255
100.900
116.319
132.674
149.033
164.402
177.428
186.691
190.888
189.826
183.818
173.209
158.727
141.494
122.661
103.324
84.470
67.054
51.971
39.434
29.269
21.302
15.305
10.950
7.895
5.806
4.437
3.593
3.081
2.741
2.516
2.370
2.268
2.188
2.122
2.066
2.014
1.964
1.919
1.877
1.842
1.812
1.788
1.771
1.761
1.758
1.761
1.768
1.779
1.793
1.806
1.819
1.829
1.834
1.833
1.823
1.804
1.775
1.738
1.693
1.641
1.585
1.525
1.464
1.404
1.346
1.292
1.241
1.195
1.154
1.120
1.090
1.066
1.047
1.035
1.029
1.031
1.041
1.062
1.096
1.145
1.213
1.301
1.415
1.557
1.733
1.946
2.198
2.488
2.813
3.171
3.559
3.970
4.393
4.816
5.229
5.620
5.975
6.281
6.526
6.694
6.776
6.772
6.686
6.522
6.283
5.976
5.613
5.209
4.779
4.337
3.898
3.471
3.066
2.692
2.359
2.074
1.836
1.642
1.490
1.377
1.300
1.253
1.230
1.227
1.236
1.251
1.270
1.287
1.301
1.306
1.301
1.284
1.254
1.213
1.162
1.101
1.033
0.957
0.877
0.795
0.712
0.632
0.554
0.480
0.411
0.348
0.290
0.240
0.196
0.159
0.127
0.101
0.079
0.061
0.046
0.035
0.026
0.019
0.014
0.010
0.007
0.005
0.004
0.002
0.002
0.001
0.001
0.000
0.000
0.000
-0.000
-0.000
-0.000
-0.000
-0.000
-0.000
0.000
0.000
0.000
0.000
0.000
0.000
-0.000
-0.000
-0.000
-0.000
-0.000
-0.000
0.000
0.000
0.000
0
0
0
0
0
0
0
0
0
0
0
0
0
0
0
0
0
0
0
0
0
0
0
0
0
0
0
0
0
0
0
0
0
0
0
0
0
0
0
0
0
0
0
0
0
0
0
0
0
0
0
0
0
0
0
0
0
0
0
0
0
0
0
0
0
0
0
0
0
0
0
0
0
0
0
0
0
0
0
0
0
0
0
0
0
0
0
0
0
0
0
0
0
0
0
0
0
0
0
0
0
0
0
0
0
0
0
0
0
0
0
0
0
0
0
0
0
0
0
0
0
0
0
0
0
0
0
0
0
0
0
0
0
0
0
0
0
0
0
0
0
0
0
0
0
0
0
0
0
0
0
0
0
0
0
0
0
0
0
0
0
0
0
0
0
0
0
0
0
0
0
0
0
0
0
0
0
0
0
0
0
0
0
0
0
0
0
0
0
0
0
0
0
0
0
0
0
0
0
0
0
0
0
0
0
0
0
0
0
0
0
0
0
0
0
0
0
0
0
0
0
0
0
0
0
0
0
0
0
0
0
0
0
0
0
0
0
0
0
0
0
0
0
0
0
0
0
0
0
0
0
0
0
0
0
0
0
0
0
0
0
0
0
0
0
0
0
0
0
0
0
0
0
0
0
0
0
0
0
0
0
0
0
0
0
0
0
0
0
0
0
0
0
0
0
0
0
0
0
0
0
0
0
0
0
0
0
0
0
0
0
0
0
0
0
0
0
0
0
0
0
0
0
0
0
0
0
0
0
0
0
0
0
0
0
0
0
0
0
0
0
0
0
0
0
0
0
0
0
0
0
0
0
0
0
0
0
0
0
0
0
0
0
0
0
0
0
0
0
0
0
0
0
0
0
0
0
0
0
0
0
0
0
0
0
0
0
0
0
0
0
0
0
0
0
0
0
0
0
0
0
0
0
0
0
0
0
0
0
0
0
0
0
0
0
0
0
0
0
0
0
0
0
0
0
0
0
0
0
0
0
0
0
0
0
0
0
0
0
0
0
0
0
0
0
0
0
0
0
0
0
0
0
0
0
0
0
0
0
0
0
0
0
0
0
0
0
0
0
0
0
0
0
0
0
0
0
0
0
0
0
0
0
0
0
0
0
0
0
0
0
0
0
0
0
0
0
0
0
0
0
0
0
0
0
0
0
0
0
0
0
0
0
0
0
0
0
0
0
0
0
0
0
0
0
0
0
0
0
0
0
0
0
0
0
0
0
0
0
0
0
0
0
0
0
0
0
0
0
0
0
0
0
0
0
0
0
0
0
0
0
0
0
0
0
0
0
0
0
0
0
0
0
0
0
0
0
0
0
0
0
0
0
0
0
0
0
0
0
0
0
0
0
0
0
0
0
0
0
0
0
0
0
0
0
0
0
0
0
0
0
0
0
0
0
0
0
0
0
0
0
0
0
0
0
0
0
0
0
0
0
0
0
0
0
0
0
0
0
0
0
0
0
0
0
0
0
0
0
0
0
0
0
0
0
0
0
0
0
0
0
0
0
0
0
0
0
0
0
0
0
0
0
0
0
0
0
0
0
0
0
0
0
0
0
0
0
0
0
0
0
0
0
0
0
0
0
0
0
0
0
0
0
0
0
0
0
0
0
0
0
0
0
0
0
0
0
0
0
0
0
0
0
0
0
0
0
0
0
0
0
0
0
0
0
0
0
0
0
0
0
0
0
0
0
0
0
0
0
0
0
0
0
0
0
0
0
0
0
0
0
0
0
0
0
0
0
0
0
0
0
0
0
0
0
0
0
0
0
0
0
0
0
0
0
0
0
0
0
0
0
0
0
0
0
0
0
0
0
0
0
0
0
0
0
0
0
0
0
0
0
0
0
0
0
0
0
0
0
0
0
0
0
0
0
0
0
0
0
0
0
0
0
0
0
0
0
0
0
0
0
0
0
0
0
0
0
0
0
0
0
0
0
0
0
0
0
0
0
0
0
0
0
0
0
0
0
0
0
0
0
0
0
0
0
0
0
0
0
0
0
0
0
0
0
0
0
$MCA_CAL:
3
-1.4656616 2.9313233 0.00000000000000
$ENER_FIT:
-1.4656616 2.9313233 0.00000000000000
$MCA_CAL_DATA:
3
298 872
597 1749
896 2625
$CAMBIO:
Parent file specification: C:\GADRAS-DRF\Temp\131I_125.0_175.0_iron_3.50_9.0.pcf
Successful read of spectrum: Yes
Error message: None
Warning: None
Information: None
Neutrons: 0
Number of spectral records in the parent file: 1
Record number of this spectrum in the parent file: 1
Date and time of acquisition read successfully from the original file: Yes
Live time read successfully from the original file: Yes
True time read successfully from the original file: Yes
GADRAS Tag character is:  
Version: 130122
Parent file type: Sandia GADRAS PCF
