$SPEC_ID:
131I,1uC{13,1.82}
$MEAS_TIM:
3600.00 3600.00
$DATE_MEA:
3/9/2018 5:22:25 PM
$DATA:
0 1193
1769.592
1632.200
1449.030
1486.028
1270.388
1086.785
922.907
803.010
752.787
926.169
950.834
713.181
578.677
532.006
518.215
514.123
525.747
538.805
543.377
567.072
602.375
632.174
666.519
714.647
807.189
964.917
1144.732
1141.070
923.605
701.999
611.210
594.915
602.677
612.132
621.885
626.702
629.892
633.369
637.399
640.851
644.389
650.279
655.031
660.370
670.024
680.128
705.263
749.989
792.777
858.665
937.068
992.026
996.509
951.417
884.908
816.043
759.691
721.674
699.870
688.451
680.709
672.389
662.357
651.631
641.678
632.917
624.144
613.354
599.553
582.117
560.685
535.973
514.621
499.959
486.697
474.338
464.608
458.663
455.719
454.295
453.619
453.366
453.468
453.586
453.510
453.385
453.993
456.600
462.937
476.087
501.318
542.042
599.186
668.899
742.972
804.759
838.518
835.563
796.030
731.486
655.983
584.757
526.670
485.411
459.580
444.927
437.053
431.948
428.484
426.677
425.952
426.433
433.982
457.755
513.422
620.133
801.531
1082.497
1472.559
1968.859
2532.708
3091.681
3563.238
3852.417
3895.505
3697.417
3284.962
2734.437
2132.233
1552.129
1059.821
683.510
416.199
243.979
141.657
84.421
55.846
42.436
36.242
33.718
32.345
31.522
30.920
30.366
29.755
29.043
28.268
27.470
26.656
25.828
24.984
24.125
23.256
22.419
21.668
21.032
20.509
20.095
19.794
19.609
19.554
19.656
19.942
20.420
21.076
21.892
22.810
23.757
24.638
25.307
25.610
25.477
24.936
24.022
22.807
21.381
19.836
18.281
16.829
15.573
14.522
13.668
12.998
12.479
12.079
11.767
11.519
11.311
11.125
10.954
10.791
10.632
10.481
10.342
10.218
10.115
10.039
10.016
10.101
10.351
10.859
11.780
13.273
15.531
18.829
23.447
29.626
37.465
47.036
58.333
70.951
84.358
97.973
110.891
122.013
130.245
134.922
135.828
132.781
125.878
115.880
103.630
89.979
75.787
61.920
49.231
38.160
28.808
21.265
15.532
11.397
8.619
6.965
6.255
6.333
7.046
8.267
9.912
11.904
14.156
16.541
18.916
21.138
23.068
24.578
25.538
25.833
25.469
24.502
22.991
21.019
18.728
16.266
13.778
11.376
9.137
7.140
5.450
4.062
2.949
2.083
1.432
0.960
0.628
0.399
0.245
0.147
0.088
0.052
0.029
0.015
0.008
0.004
0.002
0.000
-0.000
-0.000
-0.000
-0.000
0.000
0.000
0.000
0
0
0
0
0
0
0
0
0
0
0
0
0
0
0
0
0
0
0
0
0
0
0
0
0
0
0
0
0
0
0
0
0
0
0
0
0
0
0
0
0
0
0
0
0
0
0
0
0
0
0
0
0
0
0
0
0
0
0
0
0
0
0
0
0
0
0
0
0
0
0
0
0
0
0
0
0
0
0
0
0
0
0
0
0
0
0
0
0
0
0
0
0
0
0
0
0
0
0
0
0
0
0
0
0
0
0
0
0
0
0
0
0
0
0
0
0
0
0
0
0
0
0
0
0
0
0
0
0
0
0
0
0
0
0
0
0
0
0
0
0
0
0
0
0
0
0
0
0
0
0
0
0
0
0
0
0
0
0
0
0
0
0
0
0
0
0
0
0
0
0
0
0
0
0
0
0
0
0
0
0
0
0
0
0
0
0
0
0
0
0
0
0
0
0
0
0
0
0
0
0
0
0
0
0
0
0
0
0
0
0
0
0
0
0
0
0
0
0
0
0
0
0
0
0
0
0
0
0
0
0
0
0
0
0
0
0
0
0
0
0
0
0
0
0
0
0
0
0
0
0
0
0
0
0
0
0
0
0
0
0
0
0
0
0
0
0
0
0
0
0
0
0
0
0
0
0
0
0
0
0
0
0
0
0
0
0
0
0
0
0
0
0
0
0
0
0
0
0
0
0
0
0
0
0
0
0
0
0
0
0
0
0
0
0
0
0
0
0
0
0
0
0
0
0
0
0
0
0
0
0
0
0
0
0
0
0
0
0
0
0
0
0
0
0
0
0
0
0
0
0
0
0
0
0
0
0
0
0
0
0
0
0
0
0
0
0
0
0
0
0
0
0
0
0
0
0
0
0
0
0
0
0
0
0
0
0
0
0
0
0
0
0
0
0
0
0
0
0
0
0
0
0
0
0
0
0
0
0
0
0
0
0
0
0
0
0
0
0
0
0
0
0
0
0
0
0
0
0
0
0
0
0
0
0
0
0
0
0
0
0
0
0
0
0
0
0
0
0
0
0
0
0
0
0
0
0
0
0
0
0
0
0
0
0
0
0
0
0
0
0
0
0
0
0
0
0
0
0
0
0
0
0
0
0
0
0
0
0
0
0
0
0
0
0
0
0
0
0
0
0
0
0
0
0
0
0
0
0
0
0
0
0
0
0
0
0
0
0
0
0
0
0
0
0
0
0
0
0
0
0
0
0
0
0
0
0
0
0
0
0
0
0
0
0
0
0
0
0
0
0
0
0
0
0
0
0
0
0
0
0
0
0
0
0
0
0
0
0
0
0
0
0
0
0
0
0
0
0
0
0
0
0
0
0
0
0
0
0
0
0
0
0
0
0
0
0
0
0
0
0
0
0
0
0
0
0
0
0
0
0
0
0
0
0
0
0
0
0
0
0
0
0
0
0
0
0
0
0
0
0
0
0
0
0
0
0
0
0
0
0
0
0
0
0
0
0
0
0
0
0
0
0
0
0
0
0
0
0
0
0
0
0
0
0
0
0
0
0
0
0
0
0
0
0
0
0
0
0
0
0
0
0
0
0
0
0
0
0
0
0
0
0
0
0
0
0
0
0
0
0
0
0
0
0
0
0
0
0
0
0
0
0
0
0
0
0
0
0
0
0
0
0
0
0
0
0
0
0
0
0
0
0
0
0
0
0
0
0
0
0
0
0
0
0
0
0
0
0
0
0
0
0
0
0
0
0
0
0
0
0
0
0
0
0
0
0
0
0
0
0
0
0
0
0
0
0
0
0
0
0
0
0
0
0
0
0
0
0
0
0
0
0
0
0
0
0
0
0
0
0
0
0
0
0
0
0
0
0
0
0
0
0
0
0
0
0
0
0
0
0
0
0
0
0
0
0
0
0
0
0
0
0
0
0
0
0
0
0
0
0
0
0
0
0
0
0
0
0
0
0
0
0
0
0
0
0
0
0
0
0
0
0
0
0
0
0
0
0
0
0
0
0
0
0
0
0
0
0
0
0
0
0
0
0
0
0
0
0
0
0
0
0
0
0
0
0
0
0
0
0
0
0
0
0
0
0
0
0
0
0
0
$MCA_CAL:
3
-1.4656616 2.9313233 0.00000000000000
$ENER_FIT:
-1.4656616 2.9313233 0.00000000000000
$MCA_CAL_DATA:
3
298 872
597 1749
896 2625
$CAMBIO:
Parent file specification: C:\GADRAS-DRF\Temp\131I_75.0_50.0_alum_1.82_6.0.pcf
Successful read of spectrum: Yes
Error message: None
Warning: None
Information: None
Neutrons: 0
Number of spectral records in the parent file: 1
Record number of this spectrum in the parent file: 1
Date and time of acquisition read successfully from the original file: Yes
Live time read successfully from the original file: Yes
True time read successfully from the original file: Yes
GADRAS Tag character is:  
Version: 130122
Parent file type: Sandia GADRAS PCF
