$SPEC_ID:
131I,1uC{82,0.92}
$MEAS_TIM:
3600.00 3600.00
$DATE_MEA:
3/9/2018 5:22:25 PM
$DATA:
0 1193
289.120
266.329
241.406
223.112
191.715
161.796
134.604
115.343
102.668
92.162
87.330
84.042
80.027
78.438
76.563
74.408
73.476
72.721
72.758
75.496
79.139
83.188
87.581
92.835
99.594
106.248
111.421
105.844
96.491
87.189
83.112
81.165
81.115
81.864
82.988
83.833
84.584
85.315
86.146
86.918
87.685
88.762
89.744
90.823
92.423
94.437
98.493
105.016
110.972
123.084
139.365
157.067
171.718
177.737
175.995
167.222
154.297
140.034
126.340
114.239
103.735
94.787
87.346
81.345
76.726
73.321
70.908
69.163
67.517
65.460
62.607
58.806
54.842
51.203
47.386
43.697
40.579
38.050
36.110
34.692
33.566
32.658
32.009
31.537
31.165
30.893
30.822
31.092
31.748
32.955
35.134
38.455
42.813
47.931
53.281
57.655
59.960
59.757
57.134
52.825
47.755
42.963
39.048
36.253
34.483
33.453
32.873
32.482
32.200
32.027
31.965
32.074
32.777
34.723
39.090
47.332
61.236
82.678
112.369
150.088
192.957
235.593
271.682
293.739
296.799
281.456
249.955
208.081
162.332
118.249
80.767
52.048
31.655
18.573
10.830
6.485
4.298
3.270
2.803
2.617
2.514
2.451
2.405
2.362
2.315
2.258
2.195
2.129
2.062
1.994
1.924
1.853
1.781
1.711
1.650
1.597
1.555
1.521
1.497
1.483
1.480
1.489
1.514
1.555
1.610
1.679
1.756
1.835
1.909
1.966
1.992
1.982
1.939
1.865
1.766
1.649
1.523
1.396
1.277
1.174
1.087
1.016
0.961
0.918
0.885
0.860
0.839
0.822
0.807
0.793
0.780
0.767
0.755
0.744
0.734
0.726
0.720
0.720
0.728
0.750
0.795
0.874
1.001
1.193
1.473
1.865
2.388
3.053
3.864
4.824
5.896
7.036
8.192
9.290
10.236
10.938
11.340
11.423
11.172
10.594
9.754
8.723
7.573
6.377
5.208
4.138
3.204
2.414
1.778
1.294
0.946
0.713
0.574
0.515
0.523
0.584
0.689
0.830
1.000
1.193
1.396
1.599
1.789
1.954
2.084
2.167
2.193
2.163
2.081
1.954
1.786
1.592
1.383
1.171
0.967
0.777
0.607
0.464
0.346
0.251
0.177
0.122
0.082
0.053
0.034
0.021
0.013
0.008
0.004
0.002
0.001
0.001
0.000
0.000
0.000
-0.000
-0.000
-0.000
-0.000
0.000
0.000
0.000
0
0
0
0
0
0
0
0
0
0
0
0
0
0
0
0
0
0
0
0
0
0
0
0
0
0
0
0
0
0
0
0
0
0
0
0
0
0
0
0
0
0
0
0
0
0
0
0
0
0
0
0
0
0
0
0
0
0
0
0
0
0
0
0
0
0
0
0
0
0
0
0
0
0
0
0
0
0
0
0
0
0
0
0
0
0
0
0
0
0
0
0
0
0
0
0
0
0
0
0
0
0
0
0
0
0
0
0
0
0
0
0
0
0
0
0
0
0
0
0
0
0
0
0
0
0
0
0
0
0
0
0
0
0
0
0
0
0
0
0
0
0
0
0
0
0
0
0
0
0
0
0
0
0
0
0
0
0
0
0
0
0
0
0
0
0
0
0
0
0
0
0
0
0
0
0
0
0
0
0
0
0
0
0
0
0
0
0
0
0
0
0
0
0
0
0
0
0
0
0
0
0
0
0
0
0
0
0
0
0
0
0
0
0
0
0
0
0
0
0
0
0
0
0
0
0
0
0
0
0
0
0
0
0
0
0
0
0
0
0
0
0
0
0
0
0
0
0
0
0
0
0
0
0
0
0
0
0
0
0
0
0
0
0
0
0
0
0
0
0
0
0
0
0
0
0
0
0
0
0
0
0
0
0
0
0
0
0
0
0
0
0
0
0
0
0
0
0
0
0
0
0
0
0
0
0
0
0
0
0
0
0
0
0
0
0
0
0
0
0
0
0
0
0
0
0
0
0
0
0
0
0
0
0
0
0
0
0
0
0
0
0
0
0
0
0
0
0
0
0
0
0
0
0
0
0
0
0
0
0
0
0
0
0
0
0
0
0
0
0
0
0
0
0
0
0
0
0
0
0
0
0
0
0
0
0
0
0
0
0
0
0
0
0
0
0
0
0
0
0
0
0
0
0
0
0
0
0
0
0
0
0
0
0
0
0
0
0
0
0
0
0
0
0
0
0
0
0
0
0
0
0
0
0
0
0
0
0
0
0
0
0
0
0
0
0
0
0
0
0
0
0
0
0
0
0
0
0
0
0
0
0
0
0
0
0
0
0
0
0
0
0
0
0
0
0
0
0
0
0
0
0
0
0
0
0
0
0
0
0
0
0
0
0
0
0
0
0
0
0
0
0
0
0
0
0
0
0
0
0
0
0
0
0
0
0
0
0
0
0
0
0
0
0
0
0
0
0
0
0
0
0
0
0
0
0
0
0
0
0
0
0
0
0
0
0
0
0
0
0
0
0
0
0
0
0
0
0
0
0
0
0
0
0
0
0
0
0
0
0
0
0
0
0
0
0
0
0
0
0
0
0
0
0
0
0
0
0
0
0
0
0
0
0
0
0
0
0
0
0
0
0
0
0
0
0
0
0
0
0
0
0
0
0
0
0
0
0
0
0
0
0
0
0
0
0
0
0
0
0
0
0
0
0
0
0
0
0
0
0
0
0
0
0
0
0
0
0
0
0
0
0
0
0
0
0
0
0
0
0
0
0
0
0
0
0
0
0
0
0
0
0
0
0
0
0
0
0
0
0
0
0
0
0
0
0
0
0
0
0
0
0
0
0
0
0
0
0
0
0
0
0
0
0
0
0
0
0
0
0
0
0
0
0
0
0
0
0
0
0
0
0
0
0
0
0
0
0
0
0
0
0
0
0
0
0
0
0
0
0
0
0
0
0
0
0
0
0
0
0
0
0
0
0
0
0
0
0
0
0
0
0
0
0
0
0
0
0
0
0
0
0
0
0
0
0
0
0
0
0
0
0
0
0
0
0
0
0
0
0
0
0
0
0
0
0
0
0
0
0
0
0
0
0
0
0
0
0
0
0
0
0
0
0
0
0
0
0
0
0
0
0
0
0
0
0
0
0
0
0
0
0
0
0
0
0
0
0
0
0
0
0
0
0
0
0
0
0
0
0
0
0
0
0
0
0
0
0
0
0
0
0
0
0
0
0
0
0
0
0
0
0
0
0
0
0
0
0
0
0
0
0
0
0
0
0
0
0
0
0
0
0
0
0
0
0
0
0
0
0
0
0
0
0
0
0
0
0
0
0
0
0
$MCA_CAL:
3
-1.4656616 2.9313233 0.00000000000000
$ENER_FIT:
-1.4656616 2.9313233 0.00000000000000
$MCA_CAL_DATA:
3
298 872
597 1749
896 2625
$CAMBIO:
Parent file specification: C:\GADRAS-DRF\Temp\131I_125.0_175.0_lead_0.92_6.0.pcf
Successful read of spectrum: Yes
Error message: None
Warning: None
Information: None
Neutrons: 0
Number of spectral records in the parent file: 1
Record number of this spectrum in the parent file: 1
Date and time of acquisition read successfully from the original file: Yes
Live time read successfully from the original file: Yes
True time read successfully from the original file: Yes
GADRAS Tag character is:  
Version: 130122
Parent file type: Sandia GADRAS PCF
