$SPEC_ID:
131I,1uC{0,0}
$MEAS_TIM:
3600.00 3600.00
$DATE_MEA:
3/9/2018 5:22:25 PM
$DATA:
0 1193
216.336
205.891
188.885
165.535
143.119
120.587
100.110
87.429
90.878
110.438
110.732
84.059
65.144
59.199
57.174
56.055
56.229
56.521
57.823
60.632
63.725
67.093
70.588
74.967
79.777
84.200
85.844
82.844
76.550
69.078
63.430
60.377
59.297
59.380
59.950
60.570
61.221
61.824
62.205
62.483
62.681
62.827
63.116
63.867
65.169
66.667
68.928
72.648
77.190
82.394
88.758
95.306
100.534
103.765
104.705
103.444
100.349
96.060
91.103
85.896
80.756
75.939
71.653
68.053
65.064
62.497
60.238
58.216
56.253
54.109
51.743
49.321
46.882
44.236
41.266
38.149
35.109
32.264
29.686
27.415
25.459
23.820
22.488
21.451
20.698
20.225
20.029
20.118
20.500
21.156
22.048
23.124
24.274
25.379
26.320
26.985
27.266
27.136
26.617
25.745
24.623
23.374
22.114
20.930
19.905
19.109
18.580
18.356
18.492
19.075
20.192
21.956
24.513
28.015
32.546
38.076
44.558
51.853
59.578
67.312
74.599
80.817
85.307
87.465
87.183
84.581
79.794
73.160
65.224
56.547
47.651
38.976
30.939
23.936
18.074
13.301
9.566
6.777
4.770
3.373
2.416
1.784
1.391
1.151
0.993
0.891
0.827
0.783
0.748
0.719
0.695
0.672
0.652
0.633
0.616
0.602
0.590
0.581
0.576
0.573
0.573
0.576
0.581
0.588
0.595
0.603
0.610
0.616
0.620
0.621
0.619
0.612
0.601
0.586
0.568
0.547
0.523
0.498
0.473
0.447
0.422
0.399
0.377
0.357
0.340
0.325
0.312
0.302
0.294
0.289
0.287
0.288
0.294
0.303
0.318
0.340
0.371
0.411
0.462
0.526
0.604
0.698
0.809
0.937
1.080
1.238
1.410
1.593
1.782
1.972
2.157
2.332
2.493
2.632
2.744
2.823
2.864
2.869
2.837
2.771
2.672
2.543
2.389
2.217
2.033
1.844
1.656
1.473
1.300
1.140
0.997
0.874
0.772
0.689
0.623
0.574
0.541
0.522
0.512
0.512
0.516
0.524
0.532
0.541
0.547
0.550
0.549
0.542
0.530
0.514
0.493
0.467
0.438
0.407
0.373
0.338
0.303
0.269
0.236
0.204
0.175
0.148
0.124
0.102
0.084
0.068
0.054
0.043
0.033
0.026
0.020
0.015
0.011
0.008
0.006
0.004
0.003
0.002
0.002
0.001
0.001
0.000
0.000
0.000
0.000
0.000
-0.000
-0.000
-0.000
-0.000
-0.000
-0.000
0.000
0.000
0.000
0.000
0.000
0.000
-0.000
-0.000
-0.000
-0.000
-0.000
-0.000
0.000
0.000
0.000
0
0
0
0
0
0
0
0
0
0
0
0
0
0
0
0
0
0
0
0
0
0
0
0
0
0
0
0
0
0
0
0
0
0
0
0
0
0
0
0
0
0
0
0
0
0
0
0
0
0
0
0
0
0
0
0
0
0
0
0
0
0
0
0
0
0
0
0
0
0
0
0
0
0
0
0
0
0
0
0
0
0
0
0
0
0
0
0
0
0
0
0
0
0
0
0
0
0
0
0
0
0
0
0
0
0
0
0
0
0
0
0
0
0
0
0
0
0
0
0
0
0
0
0
0
0
0
0
0
0
0
0
0
0
0
0
0
0
0
0
0
0
0
0
0
0
0
0
0
0
0
0
0
0
0
0
0
0
0
0
0
0
0
0
0
0
0
0
0
0
0
0
0
0
0
0
0
0
0
0
0
0
0
0
0
0
0
0
0
0
0
0
0
0
0
0
0
0
0
0
0
0
0
0
0
0
0
0
0
0
0
0
0
0
0
0
0
0
0
0
0
0
0
0
0
0
0
0
0
0
0
0
0
0
0
0
0
0
0
0
0
0
0
0
0
0
0
0
0
0
0
0
0
0
0
0
0
0
0
0
0
0
0
0
0
0
0
0
0
0
0
0
0
0
0
0
0
0
0
0
0
0
0
0
0
0
0
0
0
0
0
0
0
0
0
0
0
0
0
0
0
0
0
0
0
0
0
0
0
0
0
0
0
0
0
0
0
0
0
0
0
0
0
0
0
0
0
0
0
0
0
0
0
0
0
0
0
0
0
0
0
0
0
0
0
0
0
0
0
0
0
0
0
0
0
0
0
0
0
0
0
0
0
0
0
0
0
0
0
0
0
0
0
0
0
0
0
0
0
0
0
0
0
0
0
0
0
0
0
0
0
0
0
0
0
0
0
0
0
0
0
0
0
0
0
0
0
0
0
0
0
0
0
0
0
0
0
0
0
0
0
0
0
0
0
0
0
0
0
0
0
0
0
0
0
0
0
0
0
0
0
0
0
0
0
0
0
0
0
0
0
0
0
0
0
0
0
0
0
0
0
0
0
0
0
0
0
0
0
0
0
0
0
0
0
0
0
0
0
0
0
0
0
0
0
0
0
0
0
0
0
0
0
0
0
0
0
0
0
0
0
0
0
0
0
0
0
0
0
0
0
0
0
0
0
0
0
0
0
0
0
0
0
0
0
0
0
0
0
0
0
0
0
0
0
0
0
0
0
0
0
0
0
0
0
0
0
0
0
0
0
0
0
0
0
0
0
0
0
0
0
0
0
0
0
0
0
0
0
0
0
0
0
0
0
0
0
0
0
0
0
0
0
0
0
0
0
0
0
0
0
0
0
0
0
0
0
0
0
0
0
0
0
0
0
0
0
0
0
0
0
0
0
0
0
0
0
0
0
0
0
0
0
0
0
0
0
0
0
0
0
0
0
0
0
0
0
0
0
0
0
0
0
0
0
0
0
0
0
0
0
0
0
0
0
0
0
0
0
0
0
0
0
0
0
0
0
0
0
0
0
0
0
0
0
0
0
0
0
0
0
0
0
0
0
0
0
0
0
0
0
0
0
0
0
0
0
0
0
0
0
0
0
0
0
0
0
0
0
0
0
0
0
0
0
0
0
0
0
0
0
0
0
0
0
0
0
0
0
0
0
0
0
0
0
0
0
0
0
0
0
0
0
0
0
0
0
0
0
0
0
0
0
0
0
0
0
0
0
0
0
0
0
0
0
0
0
0
0
0
0
0
0
0
0
0
0
0
0
0
0
0
0
0
0
0
0
0
0
0
0
0
0
0
0
0
0
0
0
0
0
0
0
0
0
0
0
0
0
0
0
0
0
0
0
0
0
0
0
0
0
0
0
0
0
0
0
0
0
0
0
0
0
0
0
0
0
0
0
0
0
0
0
0
0
0
0
0
0
0
0
0
0
0
0
0
0
0
0
0
0
0
0
0
0
0
0
0
0
0
0
0
0
0
0
0
0
0
0
0
0
0
0
0
0
0
0
$MCA_CAL:
3
-1.4656616 2.9313233 0.00000000000000
$ENER_FIT:
-1.4656616 2.9313233 0.00000000000000
$MCA_CAL_DATA:
3
298 872
597 1749
896 2625
$CAMBIO:
Parent file specification: C:\GADRAS-DRF\Temp\131I_100.0_300.0_none_0_9.0.pcf
Successful read of spectrum: Yes
Error message: None
Warning: None
Information: None
Neutrons: 0
Number of spectral records in the parent file: 1
Record number of this spectrum in the parent file: 1
Date and time of acquisition read successfully from the original file: Yes
Live time read successfully from the original file: Yes
True time read successfully from the original file: Yes
GADRAS Tag character is:  
Version: 130122
Parent file type: Sandia GADRAS PCF
