$SPEC_ID:
131I,1uC{26,11.02}
$MEAS_TIM:
3600.00 3600.00
$DATE_MEA:
3/9/2018 5:22:25 PM
$DATA:
0 1193
190.664
174.945
162.723
266.173
246.719
207.150
174.615
150.821
135.090
121.763
115.166
109.874
104.741
101.181
97.651
94.779
93.326
93.344
96.073
101.000
108.305
117.004
123.947
125.715
128.172
129.848
130.464
128.906
126.579
126.257
128.658
132.774
136.127
137.779
139.159
140.401
141.703
142.857
143.401
143.642
144.126
144.931
145.397
146.548
149.175
152.230
156.165
161.808
168.076
174.390
180.938
185.890
186.956
183.878
177.500
169.824
162.183
155.000
148.554
143.039
138.399
134.449
131.075
128.197
125.654
123.253
120.886
118.505
116.039
113.408
110.653
107.933
105.341
102.848
100.448
98.235
96.320
94.757
93.574
92.727
92.087
91.554
91.144
90.891
90.835
91.018
91.476
92.221
93.268
94.615
96.260
98.166
100.176
102.107
103.737
104.798
105.032
104.400
102.992
100.924
98.382
95.582
92.741
90.066
87.772
86.037
84.985
84.731
85.361
86.916
89.434
93.141
98.548
106.206
116.447
129.242
144.509
161.905
180.416
198.915
216.181
230.506
240.082
243.272
239.985
230.849
216.516
197.913
176.233
152.699
128.537
105.031
83.456
65.003
49.872
37.709
28.157
20.861
15.471
11.641
9.027
7.338
6.313
5.695
5.269
4.972
4.767
4.617
4.498
4.400
4.314
4.233
4.154
4.079
4.010
3.948
3.894
3.849
3.814
3.787
3.770
3.760
3.756
3.758
3.763
3.769
3.774
3.775
3.770
3.756
3.731
3.692
3.641
3.579
3.506
3.426
3.339
3.249
3.158
3.069
2.984
2.903
2.829
2.761
2.701
2.648
2.603
2.565
2.534
2.512
2.499
2.497
2.507
2.532
2.574
2.636
2.722
2.836
2.982
3.167
3.400
3.686
4.028
4.421
4.863
5.346
5.867
6.415
6.976
7.534
8.076
8.587
9.048
9.440
9.745
9.943
10.019
9.976
9.819
9.554
9.188
8.730
8.197
7.610
6.988
6.350
5.715
5.098
4.513
3.973
3.494
3.086
2.746
2.470
2.254
2.092
1.981
1.911
1.876
1.866
1.875
1.893
1.915
1.935
1.950
1.953
1.940
1.909
1.860
1.795
1.716
1.624
1.520
1.408
1.290
1.168
1.047
0.927
0.813
0.704
0.602
0.509
0.425
0.351
0.287
0.232
0.186
0.147
0.115
0.089
0.068
0.051
0.038
0.028
0.021
0.015
0.011
0.007
0.005
0.004
0.002
0.002
0.001
0.000
0.000
0.000
-0.000
-0.000
-0.000
-0.000
-0.000
-0.000
0.000
0.000
0.000
0.000
0.000
0.000
-0.000
-0.000
-0.000
-0.000
-0.000
-0.000
0.000
0.000
0.000
0
0
0
0
0
0
0
0
0
0
0
0
0
0
0
0
0
0
0
0
0
0
0
0
0
0
0
0
0
0
0
0
0
0
0
0
0
0
0
0
0
0
0
0
0
0
0
0
0
0
0
0
0
0
0
0
0
0
0
0
0
0
0
0
0
0
0
0
0
0
0
0
0
0
0
0
0
0
0
0
0
0
0
0
0
0
0
0
0
0
0
0
0
0
0
0
0
0
0
0
0
0
0
0
0
0
0
0
0
0
0
0
0
0
0
0
0
0
0
0
0
0
0
0
0
0
0
0
0
0
0
0
0
0
0
0
0
0
0
0
0
0
0
0
0
0
0
0
0
0
0
0
0
0
0
0
0
0
0
0
0
0
0
0
0
0
0
0
0
0
0
0
0
0
0
0
0
0
0
0
0
0
0
0
0
0
0
0
0
0
0
0
0
0
0
0
0
0
0
0
0
0
0
0
0
0
0
0
0
0
0
0
0
0
0
0
0
0
0
0
0
0
0
0
0
0
0
0
0
0
0
0
0
0
0
0
0
0
0
0
0
0
0
0
0
0
0
0
0
0
0
0
0
0
0
0
0
0
0
0
0
0
0
0
0
0
0
0
0
0
0
0
0
0
0
0
0
0
0
0
0
0
0
0
0
0
0
0
0
0
0
0
0
0
0
0
0
0
0
0
0
0
0
0
0
0
0
0
0
0
0
0
0
0
0
0
0
0
0
0
0
0
0
0
0
0
0
0
0
0
0
0
0
0
0
0
0
0
0
0
0
0
0
0
0
0
0
0
0
0
0
0
0
0
0
0
0
0
0
0
0
0
0
0
0
0
0
0
0
0
0
0
0
0
0
0
0
0
0
0
0
0
0
0
0
0
0
0
0
0
0
0
0
0
0
0
0
0
0
0
0
0
0
0
0
0
0
0
0
0
0
0
0
0
0
0
0
0
0
0
0
0
0
0
0
0
0
0
0
0
0
0
0
0
0
0
0
0
0
0
0
0
0
0
0
0
0
0
0
0
0
0
0
0
0
0
0
0
0
0
0
0
0
0
0
0
0
0
0
0
0
0
0
0
0
0
0
0
0
0
0
0
0
0
0
0
0
0
0
0
0
0
0
0
0
0
0
0
0
0
0
0
0
0
0
0
0
0
0
0
0
0
0
0
0
0
0
0
0
0
0
0
0
0
0
0
0
0
0
0
0
0
0
0
0
0
0
0
0
0
0
0
0
0
0
0
0
0
0
0
0
0
0
0
0
0
0
0
0
0
0
0
0
0
0
0
0
0
0
0
0
0
0
0
0
0
0
0
0
0
0
0
0
0
0
0
0
0
0
0
0
0
0
0
0
0
0
0
0
0
0
0
0
0
0
0
0
0
0
0
0
0
0
0
0
0
0
0
0
0
0
0
0
0
0
0
0
0
0
0
0
0
0
0
0
0
0
0
0
0
0
0
0
0
0
0
0
0
0
0
0
0
0
0
0
0
0
0
0
0
0
0
0
0
0
0
0
0
0
0
0
0
0
0
0
0
0
0
0
0
0
0
0
0
0
0
0
0
0
0
0
0
0
0
0
0
0
0
0
0
0
0
0
0
0
0
0
0
0
0
0
0
0
0
0
0
0
0
0
0
0
0
0
0
0
0
0
0
0
0
0
0
0
0
0
0
0
0
0
0
0
0
0
0
0
0
0
0
0
0
0
0
0
0
0
0
0
0
0
0
0
0
0
0
0
0
0
0
0
0
0
0
0
0
0
0
0
0
0
0
0
0
0
0
0
0
0
0
0
0
0
0
0
0
0
0
0
0
0
0
0
0
0
0
0
0
0
0
0
0
0
0
0
0
0
0
0
0
0
0
0
0
0
0
0
0
0
0
0
0
0
0
0
0
0
0
0
0
0
0
0
0
0
0
0
0
0
0
0
0
0
0
0
0
0
0
0
0
0
0
0
0
0
0
0
0
0
0
0
0
0
0
0
0
0
0
0
0
0
0
0
0
0
0
0
0
0
$MCA_CAL:
3
-1.4656616 2.9313233 0.00000000000000
$ENER_FIT:
-1.4656616 2.9313233 0.00000000000000
$MCA_CAL_DATA:
3
298 872
597 1749
896 2625
$CAMBIO:
Parent file specification: C:\GADRAS-DRF\Temp\131I_150.0_112.5_iron_11.02_9.0.pcf
Successful read of spectrum: Yes
Error message: None
Warning: None
Information: None
Neutrons: 0
Number of spectral records in the parent file: 1
Record number of this spectrum in the parent file: 1
Date and time of acquisition read successfully from the original file: Yes
Live time read successfully from the original file: Yes
True time read successfully from the original file: Yes
GADRAS Tag character is:  
Version: 130122
Parent file type: Sandia GADRAS PCF
