$SPEC_ID:
131I,1uC{13,4.18}
$MEAS_TIM:
3600.00 3600.00
$DATE_MEA:
3/9/2018 5:22:25 PM
$DATA:
0 1193
143.936
134.522
125.016
187.924
154.379
128.219
106.384
91.031
81.590
74.238
71.104
68.739
66.360
65.638
65.172
64.956
65.722
67.493
70.582
75.119
79.802
84.727
88.489
91.020
93.686
95.771
96.537
94.270
89.760
85.634
83.004
82.078
82.168
81.904
81.862
81.808
81.807
81.624
80.843
79.903
78.894
77.859
76.949
76.275
75.908
76.127
77.562
79.625
81.719
84.921
89.230
93.608
97.036
98.843
98.904
97.375
94.589
90.974
86.939
82.776
78.705
74.870
71.366
68.239
65.468
62.984
60.726
58.641
56.597
54.428
52.103
49.665
47.129
44.490
41.756
38.946
36.183
33.721
31.704
30.011
28.509
27.189
26.076
25.169
24.452
23.919
23.574
23.421
23.456
23.672
24.046
24.539
25.108
25.683
26.193
26.547
26.638
26.388
25.831
25.028
24.055
23.004
21.969
21.011
20.177
19.505
19.012
18.712
18.623
18.786
19.242
20.077
21.430
23.444
26.208
29.767
34.152
39.242
44.806
50.587
56.117
60.763
63.915
65.266
64.764
62.367
58.249
52.800
46.417
39.523
32.574
26.028
20.238
15.292
11.230
8.071
5.715
4.020
2.843
2.063
1.575
1.274
1.079
0.957
0.883
0.834
0.798
0.772
0.751
0.731
0.713
0.696
0.679
0.663
0.647
0.634
0.623
0.614
0.607
0.603
0.602
0.602
0.605
0.609
0.614
0.619
0.624
0.628
0.631
0.631
0.628
0.621
0.611
0.598
0.581
0.563
0.543
0.521
0.500
0.479
0.459
0.440
0.423
0.408
0.395
0.384
0.374
0.366
0.360
0.355
0.352
0.350
0.351
0.355
0.362
0.374
0.390
0.412
0.443
0.484
0.535
0.599
0.675
0.767
0.873
0.993
1.125
1.266
1.415
1.567
1.717
1.860
1.990
2.102
2.191
2.254
2.288
2.289
2.256
2.192
2.100
1.985
1.850
1.701
1.543
1.381
1.223
1.072
0.933
0.807
0.696
0.601
0.526
0.467
0.424
0.395
0.378
0.371
0.372
0.380
0.391
0.403
0.415
0.425
0.433
0.437
0.437
0.432
0.421
0.407
0.388
0.366
0.340
0.313
0.284
0.254
0.225
0.197
0.170
0.145
0.121
0.100
0.082
0.067
0.053
0.042
0.033
0.025
0.019
0.014
0.011
0.008
0.006
0.004
0.003
0.002
0.001
0.001
0.001
0.000
0.000
0.000
0.000
0.000
-0.000
-0.000
-0.000
-0.000
-0.000
0.000
0.000
0.000
0.000
0.000
0.000
-0.000
-0.000
-0.000
-0.000
-0.000
-0.000
0.000
0.000
0.000
0
0
0
0
0
0
0
0
0
0
0
0
0
0
0
0
0
0
0
0
0
0
0
0
0
0
0
0
0
0
0
0
0
0
0
0
0
0
0
0
0
0
0
0
0
0
0
0
0
0
0
0
0
0
0
0
0
0
0
0
0
0
0
0
0
0
0
0
0
0
0
0
0
0
0
0
0
0
0
0
0
0
0
0
0
0
0
0
0
0
0
0
0
0
0
0
0
0
0
0
0
0
0
0
0
0
0
0
0
0
0
0
0
0
0
0
0
0
0
0
0
0
0
0
0
0
0
0
0
0
0
0
0
0
0
0
0
0
0
0
0
0
0
0
0
0
0
0
0
0
0
0
0
0
0
0
0
0
0
0
0
0
0
0
0
0
0
0
0
0
0
0
0
0
0
0
0
0
0
0
0
0
0
0
0
0
0
0
0
0
0
0
0
0
0
0
0
0
0
0
0
0
0
0
0
0
0
0
0
0
0
0
0
0
0
0
0
0
0
0
0
0
0
0
0
0
0
0
0
0
0
0
0
0
0
0
0
0
0
0
0
0
0
0
0
0
0
0
0
0
0
0
0
0
0
0
0
0
0
0
0
0
0
0
0
0
0
0
0
0
0
0
0
0
0
0
0
0
0
0
0
0
0
0
0
0
0
0
0
0
0
0
0
0
0
0
0
0
0
0
0
0
0
0
0
0
0
0
0
0
0
0
0
0
0
0
0
0
0
0
0
0
0
0
0
0
0
0
0
0
0
0
0
0
0
0
0
0
0
0
0
0
0
0
0
0
0
0
0
0
0
0
0
0
0
0
0
0
0
0
0
0
0
0
0
0
0
0
0
0
0
0
0
0
0
0
0
0
0
0
0
0
0
0
0
0
0
0
0
0
0
0
0
0
0
0
0
0
0
0
0
0
0
0
0
0
0
0
0
0
0
0
0
0
0
0
0
0
0
0
0
0
0
0
0
0
0
0
0
0
0
0
0
0
0
0
0
0
0
0
0
0
0
0
0
0
0
0
0
0
0
0
0
0
0
0
0
0
0
0
0
0
0
0
0
0
0
0
0
0
0
0
0
0
0
0
0
0
0
0
0
0
0
0
0
0
0
0
0
0
0
0
0
0
0
0
0
0
0
0
0
0
0
0
0
0
0
0
0
0
0
0
0
0
0
0
0
0
0
0
0
0
0
0
0
0
0
0
0
0
0
0
0
0
0
0
0
0
0
0
0
0
0
0
0
0
0
0
0
0
0
0
0
0
0
0
0
0
0
0
0
0
0
0
0
0
0
0
0
0
0
0
0
0
0
0
0
0
0
0
0
0
0
0
0
0
0
0
0
0
0
0
0
0
0
0
0
0
0
0
0
0
0
0
0
0
0
0
0
0
0
0
0
0
0
0
0
0
0
0
0
0
0
0
0
0
0
0
0
0
0
0
0
0
0
0
0
0
0
0
0
0
0
0
0
0
0
0
0
0
0
0
0
0
0
0
0
0
0
0
0
0
0
0
0
0
0
0
0
0
0
0
0
0
0
0
0
0
0
0
0
0
0
0
0
0
0
0
0
0
0
0
0
0
0
0
0
0
0
0
0
0
0
0
0
0
0
0
0
0
0
0
0
0
0
0
0
0
0
0
0
0
0
0
0
0
0
0
0
0
0
0
0
0
0
0
0
0
0
0
0
0
0
0
0
0
0
0
0
0
0
0
0
0
0
0
0
0
0
0
0
0
0
0
0
0
0
0
0
0
0
0
0
0
0
0
0
0
0
0
0
0
0
0
0
0
0
0
0
0
0
0
0
0
0
0
0
0
0
0
0
0
0
0
0
0
0
0
0
0
0
0
0
0
0
0
0
0
0
0
0
0
0
0
0
0
0
0
0
0
0
0
0
0
0
0
0
0
0
0
0
0
0
0
0
0
0
0
0
0
0
0
0
0
0
0
0
0
0
0
0
0
0
0
0
0
0
0
0
0
0
0
0
0
0
0
0
0
0
0
0
0
0
0
0
0
0
0
0
0
$MCA_CAL:
3
-1.4656616 2.9313233 0.00000000000000
$ENER_FIT:
-1.4656616 2.9313233 0.00000000000000
$MCA_CAL_DATA:
3
298 872
597 1749
896 2625
$CAMBIO:
Parent file specification: C:\GADRAS-DRF\Temp\131I_100.0_300.0_alum_4.18_8.5.pcf
Successful read of spectrum: Yes
Error message: None
Warning: None
Information: None
Neutrons: 0
Number of spectral records in the parent file: 1
Record number of this spectrum in the parent file: 1
Date and time of acquisition read successfully from the original file: Yes
Live time read successfully from the original file: Yes
True time read successfully from the original file: Yes
GADRAS Tag character is:  
Version: 130122
Parent file type: Sandia GADRAS PCF
