$SPEC_ID:
131I,1uC{82,0.22}
$MEAS_TIM:
3600.00 3600.00
$DATE_MEA:
3/9/2018 5:22:25 PM
$DATA:
0 1193
178.169
166.215
152.196
135.964
117.023
98.299
81.256
69.393
61.700
55.507
52.733
50.951
48.363
47.806
47.092
46.174
45.864
45.639
46.251
48.424
51.045
53.569
56.243
59.818
64.579
68.889
71.772
68.777
62.552
55.530
51.470
49.448
48.992
49.448
50.122
50.718
51.289
51.831
52.312
52.724
53.102
53.544
53.935
54.722
55.764
56.874
59.559
62.999
67.107
73.049
80.595
88.622
95.499
99.491
100.176
97.874
93.166
86.913
79.994
73.054
66.548
60.783
55.905
51.957
48.884
46.583
44.917
43.675
42.594
41.341
39.733
37.813
35.676
33.439
31.107
28.641
26.212
24.053
22.232
20.743
19.518
18.477
17.614
16.935
16.426
16.075
15.923
16.032
16.431
17.130
18.130
19.422
20.930
22.496
23.933
25.007
25.510
25.395
24.673
23.468
21.980
20.400
18.901
17.631
16.623
15.876
15.368
15.066
14.949
15.057
15.443
16.257
17.726
20.097
23.687
28.821
35.636
44.068
53.967
64.709
75.493
85.363
93.026
97.167
97.253
93.534
86.353
76.532
65.131
53.186
41.578
31.151
22.521
15.692
10.557
6.940
4.523
2.973
2.017
1.475
1.177
1.004
0.911
0.859
0.823
0.795
0.771
0.748
0.725
0.702
0.678
0.654
0.631
0.610
0.591
0.574
0.560
0.550
0.543
0.540
0.542
0.547
0.555
0.567
0.581
0.597
0.614
0.629
0.641
0.648
0.648
0.643
0.631
0.612
0.589
0.561
0.530
0.497
0.464
0.432
0.403
0.377
0.354
0.334
0.318
0.305
0.293
0.284
0.277
0.271
0.266
0.263
0.260
0.260
0.262
0.268
0.278
0.296
0.322
0.359
0.411
0.481
0.572
0.688
0.829
0.998
1.197
1.422
1.667
1.927
2.196
2.463
2.714
2.936
3.117
3.249
3.326
3.341
3.290
3.177
3.012
2.803
2.560
2.294
2.017
1.742
1.481
1.242
1.029
0.845
0.692
0.574
0.485
0.425
0.389
0.374
0.377
0.394
0.422
0.455
0.492
0.530
0.564
0.594
0.616
0.629
0.633
0.628
0.612
0.586
0.553
0.514
0.470
0.422
0.373
0.324
0.277
0.233
0.193
0.157
0.126
0.099
0.076
0.058
0.044
0.032
0.023
0.017
0.012
0.008
0.005
0.004
0.002
0.002
0.001
0.001
0.000
0.000
0.000
0.000
0.000
-0.000
-0.000
-0.000
-0.000
0.000
0.000
0.000
0.000
0.000
0.000
0.000
0.000
0
0
0
0
0
0
0
0
0
0
0
0
0
0
0
0
0
0
0
0
0
0
0
0
0
0
0
0
0
0
0
0
0
0
0
0
0
0
0
0
0
0
0
0
0
0
0
0
0
0
0
0
0
0
0
0
0
0
0
0
0
0
0
0
0
0
0
0
0
0
0
0
0
0
0
0
0
0
0
0
0
0
0
0
0
0
0
0
0
0
0
0
0
0
0
0
0
0
0
0
0
0
0
0
0
0
0
0
0
0
0
0
0
0
0
0
0
0
0
0
0
0
0
0
0
0
0
0
0
0
0
0
0
0
0
0
0
0
0
0
0
0
0
0
0
0
0
0
0
0
0
0
0
0
0
0
0
0
0
0
0
0
0
0
0
0
0
0
0
0
0
0
0
0
0
0
0
0
0
0
0
0
0
0
0
0
0
0
0
0
0
0
0
0
0
0
0
0
0
0
0
0
0
0
0
0
0
0
0
0
0
0
0
0
0
0
0
0
0
0
0
0
0
0
0
0
0
0
0
0
0
0
0
0
0
0
0
0
0
0
0
0
0
0
0
0
0
0
0
0
0
0
0
0
0
0
0
0
0
0
0
0
0
0
0
0
0
0
0
0
0
0
0
0
0
0
0
0
0
0
0
0
0
0
0
0
0
0
0
0
0
0
0
0
0
0
0
0
0
0
0
0
0
0
0
0
0
0
0
0
0
0
0
0
0
0
0
0
0
0
0
0
0
0
0
0
0
0
0
0
0
0
0
0
0
0
0
0
0
0
0
0
0
0
0
0
0
0
0
0
0
0
0
0
0
0
0
0
0
0
0
0
0
0
0
0
0
0
0
0
0
0
0
0
0
0
0
0
0
0
0
0
0
0
0
0
0
0
0
0
0
0
0
0
0
0
0
0
0
0
0
0
0
0
0
0
0
0
0
0
0
0
0
0
0
0
0
0
0
0
0
0
0
0
0
0
0
0
0
0
0
0
0
0
0
0
0
0
0
0
0
0
0
0
0
0
0
0
0
0
0
0
0
0
0
0
0
0
0
0
0
0
0
0
0
0
0
0
0
0
0
0
0
0
0
0
0
0
0
0
0
0
0
0
0
0
0
0
0
0
0
0
0
0
0
0
0
0
0
0
0
0
0
0
0
0
0
0
0
0
0
0
0
0
0
0
0
0
0
0
0
0
0
0
0
0
0
0
0
0
0
0
0
0
0
0
0
0
0
0
0
0
0
0
0
0
0
0
0
0
0
0
0
0
0
0
0
0
0
0
0
0
0
0
0
0
0
0
0
0
0
0
0
0
0
0
0
0
0
0
0
0
0
0
0
0
0
0
0
0
0
0
0
0
0
0
0
0
0
0
0
0
0
0
0
0
0
0
0
0
0
0
0
0
0
0
0
0
0
0
0
0
0
0
0
0
0
0
0
0
0
0
0
0
0
0
0
0
0
0
0
0
0
0
0
0
0
0
0
0
0
0
0
0
0
0
0
0
0
0
0
0
0
0
0
0
0
0
0
0
0
0
0
0
0
0
0
0
0
0
0
0
0
0
0
0
0
0
0
0
0
0
0
0
0
0
0
0
0
0
0
0
0
0
0
0
0
0
0
0
0
0
0
0
0
0
0
0
0
0
0
0
0
0
0
0
0
0
0
0
0
0
0
0
0
0
0
0
0
0
0
0
0
0
0
0
0
0
0
0
0
0
0
0
0
0
0
0
0
0
0
0
0
0
0
0
0
0
0
0
0
0
0
0
0
0
0
0
0
0
0
0
0
0
0
0
0
0
0
0
0
0
0
0
0
0
0
0
0
0
0
0
0
0
0
0
0
0
0
0
0
0
0
0
0
0
0
0
0
0
0
0
0
0
0
0
0
0
0
0
0
0
0
0
0
0
0
0
0
0
0
0
0
0
0
0
0
0
0
0
0
0
0
0
0
0
0
0
0
0
0
0
0
0
0
0
0
0
0
0
0
0
0
0
0
0
0
0
0
0
0
0
0
0
0
0
0
0
0
0
0
0
0
0
0
0
0
0
0
0
0
$MCA_CAL:
3
-1.4656616 2.9313233 0.00000000000000
$ENER_FIT:
-1.4656616 2.9313233 0.00000000000000
$MCA_CAL_DATA:
3
298 872
597 1749
896 2625
$CAMBIO:
Parent file specification: C:\GADRAS-DRF\Temp\131I_150.0_300.0_lead_0.22_7.5.pcf
Successful read of spectrum: Yes
Error message: None
Warning: None
Information: None
Neutrons: 0
Number of spectral records in the parent file: 1
Record number of this spectrum in the parent file: 1
Date and time of acquisition read successfully from the original file: Yes
Live time read successfully from the original file: Yes
True time read successfully from the original file: Yes
GADRAS Tag character is:  
Version: 130122
Parent file type: Sandia GADRAS PCF
