$SPEC_ID:
131I,1uC{82,1.61}
$MEAS_TIM:
3600.00 3600.00
$DATE_MEA:
3/9/2018 5:22:25 PM
$DATA:
0 1193
152.190
139.961
127.100
123.694
105.502
88.445
72.915
61.953
54.704
48.697
45.768
43.706
41.242
40.503
39.785
38.909
38.467
38.072
38.367
39.824
41.701
43.920
46.135
48.305
50.352
51.893
52.316
50.846
48.621
46.483
45.848
45.636
46.019
46.661
47.385
47.991
48.461
48.935
49.016
48.998
48.944
48.876
48.820
48.926
49.237
49.496
50.948
53.022
55.531
59.409
64.499
70.159
75.033
77.739
78.159
76.585
73.573
69.860
65.915
62.072
58.565
55.401
52.581
50.183
48.266
46.819
45.709
44.784
43.877
42.791
41.383
39.620
37.723
35.975
34.093
31.858
29.687
27.831
26.157
24.601
23.187
21.920
20.797
19.810
18.950
18.214
17.612
17.193
17.012
17.104
17.485
18.099
18.867
19.705
20.515
21.129
21.364
21.169
20.569
19.660
18.590
17.496
16.495
15.669
15.023
14.546
14.207
13.970
13.818
13.753
13.812
14.096
14.733
15.960
18.040
21.232
25.783
31.825
39.198
47.644
56.391
64.363
70.550
74.080
74.177
70.871
64.704
56.345
46.797
37.120
28.106
20.279
14.074
9.450
6.170
3.988
2.630
1.822
1.357
1.116
0.988
0.914
0.873
0.844
0.819
0.796
0.772
0.747
0.722
0.698
0.675
0.651
0.627
0.605
0.585
0.567
0.553
0.541
0.533
0.528
0.527
0.529
0.535
0.544
0.556
0.569
0.583
0.598
0.610
0.617
0.619
0.613
0.601
0.582
0.559
0.532
0.503
0.472
0.441
0.412
0.387
0.364
0.345
0.329
0.316
0.306
0.297
0.290
0.284
0.279
0.274
0.271
0.268
0.266
0.265
0.267
0.271
0.279
0.293
0.316
0.351
0.400
0.466
0.556
0.672
0.816
0.988
1.189
1.417
1.667
1.927
2.189
2.443
2.674
2.866
3.005
3.080
3.091
3.038
2.921
2.746
2.527
2.277
2.008
1.734
1.466
1.214
0.989
0.796
0.635
0.506
0.409
0.342
0.300
0.281
0.280
0.295
0.321
0.356
0.396
0.439
0.481
0.520
0.553
0.577
0.592
0.597
0.591
0.574
0.547
0.512
0.470
0.424
0.375
0.325
0.277
0.232
0.190
0.153
0.121
0.093
0.071
0.053
0.039
0.028
0.019
0.013
0.009
0.006
0.004
0.003
0.002
0.001
0.001
0.000
0.000
0.000
0.000
-0.000
-0.000
-0.000
-0.000
0.000
0.000
0.000
0.000
0.000
-0.000
-0.000
-0.000
-0.000
0.000
0.000
0.000
0
0
0
0
0
0
0
0
0
0
0
0
0
0
0
0
0
0
0
0
0
0
0
0
0
0
0
0
0
0
0
0
0
0
0
0
0
0
0
0
0
0
0
0
0
0
0
0
0
0
0
0
0
0
0
0
0
0
0
0
0
0
0
0
0
0
0
0
0
0
0
0
0
0
0
0
0
0
0
0
0
0
0
0
0
0
0
0
0
0
0
0
0
0
0
0
0
0
0
0
0
0
0
0
0
0
0
0
0
0
0
0
0
0
0
0
0
0
0
0
0
0
0
0
0
0
0
0
0
0
0
0
0
0
0
0
0
0
0
0
0
0
0
0
0
0
0
0
0
0
0
0
0
0
0
0
0
0
0
0
0
0
0
0
0
0
0
0
0
0
0
0
0
0
0
0
0
0
0
0
0
0
0
0
0
0
0
0
0
0
0
0
0
0
0
0
0
0
0
0
0
0
0
0
0
0
0
0
0
0
0
0
0
0
0
0
0
0
0
0
0
0
0
0
0
0
0
0
0
0
0
0
0
0
0
0
0
0
0
0
0
0
0
0
0
0
0
0
0
0
0
0
0
0
0
0
0
0
0
0
0
0
0
0
0
0
0
0
0
0
0
0
0
0
0
0
0
0
0
0
0
0
0
0
0
0
0
0
0
0
0
0
0
0
0
0
0
0
0
0
0
0
0
0
0
0
0
0
0
0
0
0
0
0
0
0
0
0
0
0
0
0
0
0
0
0
0
0
0
0
0
0
0
0
0
0
0
0
0
0
0
0
0
0
0
0
0
0
0
0
0
0
0
0
0
0
0
0
0
0
0
0
0
0
0
0
0
0
0
0
0
0
0
0
0
0
0
0
0
0
0
0
0
0
0
0
0
0
0
0
0
0
0
0
0
0
0
0
0
0
0
0
0
0
0
0
0
0
0
0
0
0
0
0
0
0
0
0
0
0
0
0
0
0
0
0
0
0
0
0
0
0
0
0
0
0
0
0
0
0
0
0
0
0
0
0
0
0
0
0
0
0
0
0
0
0
0
0
0
0
0
0
0
0
0
0
0
0
0
0
0
0
0
0
0
0
0
0
0
0
0
0
0
0
0
0
0
0
0
0
0
0
0
0
0
0
0
0
0
0
0
0
0
0
0
0
0
0
0
0
0
0
0
0
0
0
0
0
0
0
0
0
0
0
0
0
0
0
0
0
0
0
0
0
0
0
0
0
0
0
0
0
0
0
0
0
0
0
0
0
0
0
0
0
0
0
0
0
0
0
0
0
0
0
0
0
0
0
0
0
0
0
0
0
0
0
0
0
0
0
0
0
0
0
0
0
0
0
0
0
0
0
0
0
0
0
0
0
0
0
0
0
0
0
0
0
0
0
0
0
0
0
0
0
0
0
0
0
0
0
0
0
0
0
0
0
0
0
0
0
0
0
0
0
0
0
0
0
0
0
0
0
0
0
0
0
0
0
0
0
0
0
0
0
0
0
0
0
0
0
0
0
0
0
0
0
0
0
0
0
0
0
0
0
0
0
0
0
0
0
0
0
0
0
0
0
0
0
0
0
0
0
0
0
0
0
0
0
0
0
0
0
0
0
0
0
0
0
0
0
0
0
0
0
0
0
0
0
0
0
0
0
0
0
0
0
0
0
0
0
0
0
0
0
0
0
0
0
0
0
0
0
0
0
0
0
0
0
0
0
0
0
0
0
0
0
0
0
0
0
0
0
0
0
0
0
0
0
0
0
0
0
0
0
0
0
0
0
0
0
0
0
0
0
0
0
0
0
0
0
0
0
0
0
0
0
0
0
0
0
0
0
0
0
0
0
0
0
0
0
0
0
0
0
0
0
0
0
0
0
0
0
0
0
0
0
0
0
0
0
0
0
0
0
0
0
0
0
0
0
0
0
0
0
0
0
0
0
0
0
0
0
0
0
0
0
0
0
0
0
0
0
0
0
0
0
0
0
0
0
0
0
0
0
0
0
0
0
0
0
0
0
0
0
0
0
0
0
0
0
0
0
0
0
0
0
0
0
0
0
$MCA_CAL:
3
-1.4656616 2.9313233 0.00000000000000
$ENER_FIT:
-1.4656616 2.9313233 0.00000000000000
$MCA_CAL_DATA:
3
298 872
597 1749
896 2625
$CAMBIO:
Parent file specification: C:\GADRAS-DRF\Temp\131I_75.0_300.0_lead_1.61_7.0.pcf
Successful read of spectrum: Yes
Error message: None
Warning: None
Information: None
Neutrons: 0
Number of spectral records in the parent file: 1
Record number of this spectrum in the parent file: 1
Date and time of acquisition read successfully from the original file: Yes
Live time read successfully from the original file: Yes
True time read successfully from the original file: Yes
GADRAS Tag character is:  
Version: 130122
Parent file type: Sandia GADRAS PCF
