$SPEC_ID:
131I,1uC{13,4.18}
$MEAS_TIM:
3600.00 3600.00
$DATE_MEA:
3/9/2018 5:22:25 PM
$DATA:
0 1193
127.497
118.920
108.021
159.699
134.728
111.917
92.705
79.414
71.398
65.543
62.904
60.698
58.345
57.776
57.364
56.809
57.335
58.775
61.347
65.786
70.680
75.301
78.947
80.568
83.497
86.788
89.429
86.662
80.683
75.123
72.720
72.370
72.766
72.918
73.103
73.228
73.283
73.274
72.539
71.711
70.855
70.045
69.229
68.492
68.281
68.396
69.591
71.838
74.014
78.188
83.731
90.072
95.662
98.564
98.752
96.219
91.628
86.021
80.133
74.382
69.002
64.150
59.974
56.474
53.603
51.363
49.685
48.397
47.213
45.876
44.186
42.041
39.653
37.328
34.834
32.173
29.853
28.000
26.496
25.263
24.238
23.365
22.611
21.960
21.410
20.965
20.643
20.463
20.446
20.647
21.181
22.050
23.129
24.316
25.529
26.517
26.922
26.639
25.734
24.379
22.810
21.253
19.917
18.881
18.119
17.585
17.215
16.957
16.775
16.647
16.574
16.598
16.886
17.654
19.235
22.007
26.295
32.386
40.322
49.809
60.236
70.063
77.639
81.850
81.888
77.628
69.859
59.538
48.010
36.700
26.569
18.206
11.965
7.588
4.701
2.939
1.940
1.391
1.121
0.988
0.913
0.874
0.852
0.839
0.825
0.807
0.786
0.766
0.747
0.727
0.707
0.686
0.665
0.645
0.627
0.612
0.599
0.588
0.580
0.575
0.574
0.576
0.581
0.590
0.602
0.616
0.632
0.648
0.662
0.671
0.673
0.668
0.655
0.636
0.611
0.582
0.551
0.518
0.488
0.460
0.436
0.415
0.399
0.385
0.375
0.366
0.359
0.353
0.348
0.344
0.340
0.336
0.333
0.330
0.327
0.326
0.326
0.328
0.334
0.346
0.366
0.397
0.443
0.509
0.599
0.718
0.866
1.045
1.255
1.490
1.743
2.005
2.265
2.504
2.705
2.849
2.928
2.939
2.878
2.746
2.557
2.323
2.059
1.780
1.500
1.235
0.996
0.788
0.613
0.473
0.366
0.289
0.239
0.212
0.204
0.212
0.234
0.265
0.303
0.347
0.392
0.437
0.478
0.514
0.541
0.556
0.561
0.554
0.535
0.506
0.468
0.424
0.376
0.326
0.277
0.229
0.186
0.148
0.115
0.088
0.065
0.047
0.034
0.023
0.016
0.011
0.007
0.004
0.003
0.002
0.001
0.001
0.000
0.000
0.000
0.000
0.000
-0.000
-0.000
-0.000
0.000
0.000
0.000
0
0
0
0
0
0
0
0
0
0
0
0
0
0
0
0
0
0
0
0
0
0
0
0
0
0
0
0
0
0
0
0
0
0
0
0
0
0
0
0
0
0
0
0
0
0
0
0
0
0
0
0
0
0
0
0
0
0
0
0
0
0
0
0
0
0
0
0
0
0
0
0
0
0
0
0
0
0
0
0
0
0
0
0
0
0
0
0
0
0
0
0
0
0
0
0
0
0
0
0
0
0
0
0
0
0
0
0
0
0
0
0
0
0
0
0
0
0
0
0
0
0
0
0
0
0
0
0
0
0
0
0
0
0
0
0
0
0
0
0
0
0
0
0
0
0
0
0
0
0
0
0
0
0
0
0
0
0
0
0
0
0
0
0
0
0
0
0
0
0
0
0
0
0
0
0
0
0
0
0
0
0
0
0
0
0
0
0
0
0
0
0
0
0
0
0
0
0
0
0
0
0
0
0
0
0
0
0
0
0
0
0
0
0
0
0
0
0
0
0
0
0
0
0
0
0
0
0
0
0
0
0
0
0
0
0
0
0
0
0
0
0
0
0
0
0
0
0
0
0
0
0
0
0
0
0
0
0
0
0
0
0
0
0
0
0
0
0
0
0
0
0
0
0
0
0
0
0
0
0
0
0
0
0
0
0
0
0
0
0
0
0
0
0
0
0
0
0
0
0
0
0
0
0
0
0
0
0
0
0
0
0
0
0
0
0
0
0
0
0
0
0
0
0
0
0
0
0
0
0
0
0
0
0
0
0
0
0
0
0
0
0
0
0
0
0
0
0
0
0
0
0
0
0
0
0
0
0
0
0
0
0
0
0
0
0
0
0
0
0
0
0
0
0
0
0
0
0
0
0
0
0
0
0
0
0
0
0
0
0
0
0
0
0
0
0
0
0
0
0
0
0
0
0
0
0
0
0
0
0
0
0
0
0
0
0
0
0
0
0
0
0
0
0
0
0
0
0
0
0
0
0
0
0
0
0
0
0
0
0
0
0
0
0
0
0
0
0
0
0
0
0
0
0
0
0
0
0
0
0
0
0
0
0
0
0
0
0
0
0
0
0
0
0
0
0
0
0
0
0
0
0
0
0
0
0
0
0
0
0
0
0
0
0
0
0
0
0
0
0
0
0
0
0
0
0
0
0
0
0
0
0
0
0
0
0
0
0
0
0
0
0
0
0
0
0
0
0
0
0
0
0
0
0
0
0
0
0
0
0
0
0
0
0
0
0
0
0
0
0
0
0
0
0
0
0
0
0
0
0
0
0
0
0
0
0
0
0
0
0
0
0
0
0
0
0
0
0
0
0
0
0
0
0
0
0
0
0
0
0
0
0
0
0
0
0
0
0
0
0
0
0
0
0
0
0
0
0
0
0
0
0
0
0
0
0
0
0
0
0
0
0
0
0
0
0
0
0
0
0
0
0
0
0
0
0
0
0
0
0
0
0
0
0
0
0
0
0
0
0
0
0
0
0
0
0
0
0
0
0
0
0
0
0
0
0
0
0
0
0
0
0
0
0
0
0
0
0
0
0
0
0
0
0
0
0
0
0
0
0
0
0
0
0
0
0
0
0
0
0
0
0
0
0
0
0
0
0
0
0
0
0
0
0
0
0
0
0
0
0
0
0
0
0
0
0
0
0
0
0
0
0
0
0
0
0
0
0
0
0
0
0
0
0
0
0
0
0
0
0
0
0
0
0
0
0
0
0
0
0
0
0
0
0
0
0
0
0
0
0
0
0
0
0
0
0
0
0
0
0
0
0
0
0
0
0
0
0
0
0
0
0
0
0
0
0
0
0
0
0
0
0
0
0
0
0
0
0
0
0
0
0
0
0
0
0
0
0
0
0
0
0
0
0
0
0
0
0
0
0
0
0
0
0
0
0
0
0
0
0
0
0
0
0
0
0
0
0
0
0
0
0
0
0
0
0
0
0
0
0
0
0
0
0
0
0
0
0
0
0
0
0
0
0
0
0
0
0
0
0
0
0
0
0
0
0
0
0
0
0
0
0
0
0
0
0
0
0
0
0
0
0
0
0
0
0
0
0
0
0
0
$MCA_CAL:
3
-1.4656616 2.9313233 0.00000000000000
$ENER_FIT:
-1.4656616 2.9313233 0.00000000000000
$MCA_CAL_DATA:
3
298 872
597 1749
896 2625
$CAMBIO:
Parent file specification: C:\GADRAS-DRF\Temp\131I_150.0_300.0_alum_4.18_6.5.pcf
Successful read of spectrum: Yes
Error message: None
Warning: None
Information: None
Neutrons: 0
Number of spectral records in the parent file: 1
Record number of this spectrum in the parent file: 1
Date and time of acquisition read successfully from the original file: Yes
Live time read successfully from the original file: Yes
True time read successfully from the original file: Yes
GADRAS Tag character is:  
Version: 130122
Parent file type: Sandia GADRAS PCF
