$SPEC_ID:
131I,1uC{82,1.61}
$MEAS_TIM:
3600.00 3600.00
$DATE_MEA:
3/9/2018 5:22:25 PM
$DATA:
0 1193
1208.916
1095.123
984.924
914.793
800.773
695.042
595.803
519.048
461.855
409.454
383.147
363.149
344.558
333.201
322.063
311.653
306.024
300.374
297.709
299.385
302.983
309.452
317.730
327.704
338.718
348.426
352.276
346.475
334.963
322.401
315.247
312.933
314.285
318.590
323.322
326.374
328.923
331.399
332.644
332.819
333.434
334.801
334.708
336.779
343.689
351.552
362.653
380.374
399.083
415.802
431.657
440.129
434.150
418.918
401.118
384.905
372.600
364.706
360.743
359.560
360.001
360.978
361.674
361.445
359.958
357.026
352.446
346.041
337.778
327.769
316.812
306.386
297.422
289.870
283.610
278.547
274.622
271.814
270.134
269.505
269.761
270.759
272.504
275.032
278.616
283.689
290.704
300.148
312.498
327.863
346.102
366.788
388.462
409.436
427.885
441.821
449.332
449.886
443.757
431.497
414.790
395.706
376.225
358.012
342.706
331.734
326.156
326.999
335.670
354.270
384.944
430.546
494.962
582.225
694.736
832.079
993.469
1175.560
1368.575
1561.667
1743.437
1899.355
2014.313
2074.354
2076.301
2021.949
1913.421
1758.495
1570.664
1363.837
1150.966
942.898
749.977
581.948
441.427
327.050
237.430
170.340
121.917
88.098
64.932
49.632
40.112
34.294
30.452
27.941
26.329
25.190
24.255
23.465
22.769
22.125
21.519
20.961
20.462
20.029
19.673
19.398
19.214
19.123
19.118
19.184
19.312
19.486
19.687
19.895
20.088
20.244
20.342
20.357
20.266
20.050
19.713
19.265
18.720
18.088
17.390
16.649
15.889
15.136
14.405
13.710
13.065
12.481
11.966
11.523
11.150
10.847
10.615
10.462
10.400
10.440
10.592
10.881
11.342
12.013
12.931
14.136
15.678
17.607
19.978
22.843
26.228
30.113
34.475
39.287
44.519
50.076
55.802
61.544
67.146
72.458
77.298
81.491
84.861
87.224
88.439
88.515
87.500
85.433
82.361
78.360
73.614
68.318
62.666
56.866
51.093
45.481
40.155
35.242
30.862
27.113
23.983
21.439
19.446
17.968
16.969
16.375
16.110
16.092
16.242
16.481
16.750
17.008
17.207
17.304
17.255
17.037
16.658
16.130
15.462
14.667
13.757
12.757
11.696
10.601
9.502
8.424
7.389
6.406
5.487
4.640
3.878
3.208
2.626
2.126
1.701
1.344
1.049
0.809
0.617
0.466
0.348
0.259
0.189
0.136
0.096
0.067
0.047
0.033
0.022
0.014
0.008
0.004
0.002
0.000
-0.001
-0.001
-0.001
-0.001
-0.000
-0.000
0.000
0.000
0.000
0.000
0.000
0.000
-0.000
-0.000
-0.000
-0.000
-0.000
-0.000
0.000
0.000
0.000
0
0
0
0
0
0
0
0
0
0
0
0
0
0
0
0
0
0
0
0
0
0
0
0
0
0
0
0
0
0
0
0
0
0
0
0
0
0
0
0
0
0
0
0
0
0
0
0
0
0
0
0
0
0
0
0
0
0
0
0
0
0
0
0
0
0
0
0
0
0
0
0
0
0
0
0
0
0
0
0
0
0
0
0
0
0
0
0
0
0
0
0
0
0
0
0
0
0
0
0
0
0
0
0
0
0
0
0
0
0
0
0
0
0
0
0
0
0
0
0
0
0
0
0
0
0
0
0
0
0
0
0
0
0
0
0
0
0
0
0
0
0
0
0
0
0
0
0
0
0
0
0
0
0
0
0
0
0
0
0
0
0
0
0
0
0
0
0
0
0
0
0
0
0
0
0
0
0
0
0
0
0
0
0
0
0
0
0
0
0
0
0
0
0
0
0
0
0
0
0
0
0
0
0
0
0
0
0
0
0
0
0
0
0
0
0
0
0
0
0
0
0
0
0
0
0
0
0
0
0
0
0
0
0
0
0
0
0
0
0
0
0
0
0
0
0
0
0
0
0
0
0
0
0
0
0
0
0
0
0
0
0
0
0
0
0
0
0
0
0
0
0
0
0
0
0
0
0
0
0
0
0
0
0
0
0
0
0
0
0
0
0
0
0
0
0
0
0
0
0
0
0
0
0
0
0
0
0
0
0
0
0
0
0
0
0
0
0
0
0
0
0
0
0
0
0
0
0
0
0
0
0
0
0
0
0
0
0
0
0
0
0
0
0
0
0
0
0
0
0
0
0
0
0
0
0
0
0
0
0
0
0
0
0
0
0
0
0
0
0
0
0
0
0
0
0
0
0
0
0
0
0
0
0
0
0
0
0
0
0
0
0
0
0
0
0
0
0
0
0
0
0
0
0
0
0
0
0
0
0
0
0
0
0
0
0
0
0
0
0
0
0
0
0
0
0
0
0
0
0
0
0
0
0
0
0
0
0
0
0
0
0
0
0
0
0
0
0
0
0
0
0
0
0
0
0
0
0
0
0
0
0
0
0
0
0
0
0
0
0
0
0
0
0
0
0
0
0
0
0
0
0
0
0
0
0
0
0
0
0
0
0
0
0
0
0
0
0
0
0
0
0
0
0
0
0
0
0
0
0
0
0
0
0
0
0
0
0
0
0
0
0
0
0
0
0
0
0
0
0
0
0
0
0
0
0
0
0
0
0
0
0
0
0
0
0
0
0
0
0
0
0
0
0
0
0
0
0
0
0
0
0
0
0
0
0
0
0
0
0
0
0
0
0
0
0
0
0
0
0
0
0
0
0
0
0
0
0
0
0
0
0
0
0
0
0
0
0
0
0
0
0
0
0
0
0
0
0
0
0
0
0
0
0
0
0
0
0
0
0
0
0
0
0
0
0
0
0
0
0
0
0
0
0
0
0
0
0
0
0
0
0
0
0
0
0
0
0
0
0
0
0
0
0
0
0
0
0
0
0
0
0
0
0
0
0
0
0
0
0
0
0
0
0
0
0
0
0
0
0
0
0
0
0
0
0
0
0
0
0
0
0
0
0
0
0
0
0
0
0
0
0
0
0
0
0
0
0
0
0
0
0
0
0
0
0
0
0
0
0
0
0
0
0
0
0
0
0
0
0
0
0
0
0
0
0
0
0
0
0
0
0
0
0
0
0
0
0
0
0
0
0
0
0
0
0
0
0
0
0
0
0
0
0
0
0
0
0
0
0
0
0
0
0
0
0
0
0
0
0
0
0
0
0
0
0
0
0
0
0
0
0
0
0
0
0
0
0
0
0
0
0
0
0
0
0
0
0
0
0
0
0
0
0
0
0
0
0
0
0
0
0
0
0
0
0
0
0
0
0
0
0
0
0
0
0
0
0
0
0
0
0
0
0
0
0
0
0
0
0
0
0
0
0
0
0
0
0
0
0
0
0
0
0
0
0
0
0
0
0
0
0
0
0
0
0
0
0
0
0
0
0
0
0
0
0
0
$MCA_CAL:
3
-1.4656616 2.9313233 0.00000000000000
$ENER_FIT:
-1.4656616 2.9313233 0.00000000000000
$MCA_CAL_DATA:
3
298 872
597 1749
896 2625
$CAMBIO:
Parent file specification: C:\GADRAS-DRF\Temp\131I_125.0_50.0_lead_1.61_9.0.pcf
Successful read of spectrum: Yes
Error message: None
Warning: None
Information: None
Neutrons: 0
Number of spectral records in the parent file: 1
Record number of this spectrum in the parent file: 1
Date and time of acquisition read successfully from the original file: Yes
Live time read successfully from the original file: Yes
True time read successfully from the original file: Yes
GADRAS Tag character is:  
Version: 130122
Parent file type: Sandia GADRAS PCF
