$SPEC_ID:
131I,1uC{82,0.92}
$MEAS_TIM:
3600.00 3600.00
$DATE_MEA:
3/9/2018 5:22:25 PM
$DATA:
0 1193
462.215
424.305
384.689
354.917
304.644
259.714
218.273
188.293
167.899
150.412
141.338
134.903
127.657
125.080
122.259
119.115
117.191
115.318
115.315
118.578
123.187
128.678
135.527
144.261
155.822
165.848
172.857
166.534
153.835
139.425
131.576
127.539
126.887
128.134
129.863
131.009
131.972
132.943
133.878
134.572
135.246
137.086
138.284
140.821
145.061
150.140
160.843
174.514
189.875
209.151
231.067
249.258
256.892
251.774
236.918
217.333
197.459
179.394
163.874
151.168
141.163
133.471
127.470
122.633
118.679
115.314
112.221
109.139
105.798
101.893
97.348
92.419
87.601
83.497
79.959
76.478
73.228
70.616
68.727
67.495
66.703
66.124
65.744
65.609
65.742
66.188
67.145
68.874
71.631
75.656
81.077
87.922
95.865
104.142
111.845
117.813
120.988
121.043
117.910
112.187
104.919
97.108
89.672
83.392
78.460
74.879
72.562
71.338
71.126
72.178
74.837
80.035
89.163
103.755
125.741
157.111
198.750
250.373
311.144
377.118
443.200
503.544
550.740
577.286
579.905
559.556
517.792
459.533
391.412
319.885
250.308
187.762
135.965
94.950
64.096
42.351
27.817
18.502
12.765
9.520
7.735
6.693
6.126
5.806
5.579
5.406
5.256
5.108
4.959
4.807
4.651
4.497
4.347
4.206
4.077
3.966
3.875
3.806
3.762
3.743
3.750
3.781
3.836
3.912
4.003
4.105
4.210
4.308
4.386
4.429
4.432
4.393
4.313
4.193
4.037
3.854
3.649
3.433
3.215
3.006
2.815
2.644
2.494
2.365
2.258
2.168
2.095
2.034
1.985
1.945
1.912
1.888
1.872
1.870
1.883
1.919
1.988
2.103
2.275
2.522
2.866
3.332
3.941
4.709
5.651
6.779
8.103
9.600
11.233
12.966
14.757
16.533
18.202
19.680
20.884
21.760
22.268
22.365
22.020
21.263
20.155
18.756
17.131
15.352
13.501
11.664
9.921
8.325
6.899
5.667
4.650
3.856
3.268
2.865
2.626
2.529
2.552
2.667
2.851
3.078
3.328
3.579
3.814
4.011
4.157
4.246
4.274
4.235
4.128
3.957
3.733
3.467
3.169
2.848
2.518
2.187
1.868
1.571
1.302
1.060
0.848
0.666
0.516
0.393
0.295
0.218
0.158
0.112
0.078
0.054
0.037
0.025
0.016
0.010
0.006
0.004
0.003
0.001
0.001
0.000
0.000
-0.000
-0.000
-0.000
-0.000
0.000
0.000
0.000
0.000
0.000
0.000
0.000
0.000
0
0
0
0
0
0
0
0
0
0
0
0
0
0
0
0
0
0
0
0
0
0
0
0
0
0
0
0
0
0
0
0
0
0
0
0
0
0
0
0
0
0
0
0
0
0
0
0
0
0
0
0
0
0
0
0
0
0
0
0
0
0
0
0
0
0
0
0
0
0
0
0
0
0
0
0
0
0
0
0
0
0
0
0
0
0
0
0
0
0
0
0
0
0
0
0
0
0
0
0
0
0
0
0
0
0
0
0
0
0
0
0
0
0
0
0
0
0
0
0
0
0
0
0
0
0
0
0
0
0
0
0
0
0
0
0
0
0
0
0
0
0
0
0
0
0
0
0
0
0
0
0
0
0
0
0
0
0
0
0
0
0
0
0
0
0
0
0
0
0
0
0
0
0
0
0
0
0
0
0
0
0
0
0
0
0
0
0
0
0
0
0
0
0
0
0
0
0
0
0
0
0
0
0
0
0
0
0
0
0
0
0
0
0
0
0
0
0
0
0
0
0
0
0
0
0
0
0
0
0
0
0
0
0
0
0
0
0
0
0
0
0
0
0
0
0
0
0
0
0
0
0
0
0
0
0
0
0
0
0
0
0
0
0
0
0
0
0
0
0
0
0
0
0
0
0
0
0
0
0
0
0
0
0
0
0
0
0
0
0
0
0
0
0
0
0
0
0
0
0
0
0
0
0
0
0
0
0
0
0
0
0
0
0
0
0
0
0
0
0
0
0
0
0
0
0
0
0
0
0
0
0
0
0
0
0
0
0
0
0
0
0
0
0
0
0
0
0
0
0
0
0
0
0
0
0
0
0
0
0
0
0
0
0
0
0
0
0
0
0
0
0
0
0
0
0
0
0
0
0
0
0
0
0
0
0
0
0
0
0
0
0
0
0
0
0
0
0
0
0
0
0
0
0
0
0
0
0
0
0
0
0
0
0
0
0
0
0
0
0
0
0
0
0
0
0
0
0
0
0
0
0
0
0
0
0
0
0
0
0
0
0
0
0
0
0
0
0
0
0
0
0
0
0
0
0
0
0
0
0
0
0
0
0
0
0
0
0
0
0
0
0
0
0
0
0
0
0
0
0
0
0
0
0
0
0
0
0
0
0
0
0
0
0
0
0
0
0
0
0
0
0
0
0
0
0
0
0
0
0
0
0
0
0
0
0
0
0
0
0
0
0
0
0
0
0
0
0
0
0
0
0
0
0
0
0
0
0
0
0
0
0
0
0
0
0
0
0
0
0
0
0
0
0
0
0
0
0
0
0
0
0
0
0
0
0
0
0
0
0
0
0
0
0
0
0
0
0
0
0
0
0
0
0
0
0
0
0
0
0
0
0
0
0
0
0
0
0
0
0
0
0
0
0
0
0
0
0
0
0
0
0
0
0
0
0
0
0
0
0
0
0
0
0
0
0
0
0
0
0
0
0
0
0
0
0
0
0
0
0
0
0
0
0
0
0
0
0
0
0
0
0
0
0
0
0
0
0
0
0
0
0
0
0
0
0
0
0
0
0
0
0
0
0
0
0
0
0
0
0
0
0
0
0
0
0
0
0
0
0
0
0
0
0
0
0
0
0
0
0
0
0
0
0
0
0
0
0
0
0
0
0
0
0
0
0
0
0
0
0
0
0
0
0
0
0
0
0
0
0
0
0
0
0
0
0
0
0
0
0
0
0
0
0
0
0
0
0
0
0
0
0
0
0
0
0
0
0
0
0
0
0
0
0
0
0
0
0
0
0
0
0
0
0
0
0
0
0
0
0
0
0
0
0
0
0
0
0
0
0
0
0
0
0
0
0
0
0
0
0
0
0
0
0
0
0
0
0
0
0
0
0
0
0
0
0
0
0
0
0
0
0
0
0
0
0
0
0
0
0
0
0
0
0
0
0
0
0
0
0
0
0
0
0
0
0
0
0
0
0
0
0
0
0
0
0
0
0
0
0
0
0
0
0
0
0
0
0
0
0
0
0
0
0
0
0
0
0
0
0
0
0
0
0
0
0
0
0
0
0
0
0
0
0
0
0
0
0
0
0
0
$MCA_CAL:
3
-1.4656616 2.9313233 0.00000000000000
$ENER_FIT:
-1.4656616 2.9313233 0.00000000000000
$MCA_CAL_DATA:
3
298 872
597 1749
896 2625
$CAMBIO:
Parent file specification: C:\GADRAS-DRF\Temp\131I_125.0_112.5_lead_0.92_7.5.pcf
Successful read of spectrum: Yes
Error message: None
Warning: None
Information: None
Neutrons: 0
Number of spectral records in the parent file: 1
Record number of this spectrum in the parent file: 1
Date and time of acquisition read successfully from the original file: Yes
Live time read successfully from the original file: Yes
True time read successfully from the original file: Yes
GADRAS Tag character is:  
Version: 130122
Parent file type: Sandia GADRAS PCF
