$SPEC_ID:
131I,1uC{26,6.28}
$MEAS_TIM:
3600.00 3600.00
$DATE_MEA:
3/9/2018 5:22:25 PM
$DATA:
0 1193
185.968
171.673
157.801
225.975
202.417
168.870
141.232
121.511
109.302
99.198
94.479
90.929
86.868
84.499
81.964
79.640
78.482
78.572
80.513
84.814
90.495
97.173
102.959
105.343
108.347
110.158
110.494
108.441
104.122
101.523
101.057
102.046
103.542
104.218
104.897
105.647
106.402
106.928
107.025
106.782
106.582
106.699
106.585
106.876
108.300
109.942
113.508
119.111
124.498
131.437
140.385
149.132
155.200
157.062
154.604
148.659
140.466
131.344
122.271
113.854
106.305
99.694
94.076
89.441
85.682
82.629
80.063
77.763
75.509
73.114
70.455
67.666
64.907
62.123
59.258
56.490
54.038
52.017
50.485
49.322
48.362
47.555
46.911
46.432
46.117
45.988
46.092
46.471
47.157
48.176
49.538
51.238
53.169
55.149
56.947
58.249
58.767
58.449
57.335
55.554
53.343
50.947
48.604
46.545
44.898
43.637
42.735
42.222
42.152
42.588
43.609
45.311
48.012
52.274
58.629
67.310
78.397
91.828
106.958
122.985
138.806
152.560
162.300
166.746
165.751
159.276
147.822
132.600
114.859
95.929
77.207
60.091
45.391
33.215
23.621
16.474
11.371
7.884
5.617
4.241
3.435
2.929
2.619
2.437
2.319
2.237
2.178
2.129
2.083
2.038
1.993
1.945
1.899
1.854
1.815
1.781
1.752
1.730
1.713
1.703
1.700
1.703
1.711
1.724
1.740
1.757
1.774
1.788
1.797
1.799
1.792
1.776
1.748
1.711
1.665
1.612
1.554
1.494
1.433
1.375
1.321
1.272
1.228
1.189
1.156
1.127
1.103
1.083
1.066
1.053
1.043
1.037
1.035
1.038
1.047
1.064
1.093
1.136
1.198
1.283
1.397
1.544
1.730
1.960
2.234
2.549
2.903
3.293
3.710
4.139
4.570
4.989
5.378
5.721
5.997
6.188
6.279
6.272
6.171
5.978
5.697
5.342
4.931
4.483
4.015
3.544
3.084
2.650
2.255
1.912
1.624
1.387
1.201
1.063
0.970
0.915
0.894
0.899
0.925
0.966
1.015
1.066
1.114
1.154
1.183
1.199
1.201
1.187
1.157
1.112
1.054
0.987
0.910
0.828
0.742
0.655
0.570
0.490
0.415
0.346
0.284
0.230
0.183
0.144
0.112
0.086
0.064
0.048
0.035
0.025
0.018
0.013
0.009
0.006
0.004
0.003
0.002
0.001
0.001
0.000
0.000
0.000
-0.000
-0.000
-0.000
-0.000
-0.000
0.000
0.000
0.000
0.000
0.000
0.000
-0.000
-0.000
-0.000
-0.000
-0.000
0.000
0.000
0.000
0
0
0
0
0
0
0
0
0
0
0
0
0
0
0
0
0
0
0
0
0
0
0
0
0
0
0
0
0
0
0
0
0
0
0
0
0
0
0
0
0
0
0
0
0
0
0
0
0
0
0
0
0
0
0
0
0
0
0
0
0
0
0
0
0
0
0
0
0
0
0
0
0
0
0
0
0
0
0
0
0
0
0
0
0
0
0
0
0
0
0
0
0
0
0
0
0
0
0
0
0
0
0
0
0
0
0
0
0
0
0
0
0
0
0
0
0
0
0
0
0
0
0
0
0
0
0
0
0
0
0
0
0
0
0
0
0
0
0
0
0
0
0
0
0
0
0
0
0
0
0
0
0
0
0
0
0
0
0
0
0
0
0
0
0
0
0
0
0
0
0
0
0
0
0
0
0
0
0
0
0
0
0
0
0
0
0
0
0
0
0
0
0
0
0
0
0
0
0
0
0
0
0
0
0
0
0
0
0
0
0
0
0
0
0
0
0
0
0
0
0
0
0
0
0
0
0
0
0
0
0
0
0
0
0
0
0
0
0
0
0
0
0
0
0
0
0
0
0
0
0
0
0
0
0
0
0
0
0
0
0
0
0
0
0
0
0
0
0
0
0
0
0
0
0
0
0
0
0
0
0
0
0
0
0
0
0
0
0
0
0
0
0
0
0
0
0
0
0
0
0
0
0
0
0
0
0
0
0
0
0
0
0
0
0
0
0
0
0
0
0
0
0
0
0
0
0
0
0
0
0
0
0
0
0
0
0
0
0
0
0
0
0
0
0
0
0
0
0
0
0
0
0
0
0
0
0
0
0
0
0
0
0
0
0
0
0
0
0
0
0
0
0
0
0
0
0
0
0
0
0
0
0
0
0
0
0
0
0
0
0
0
0
0
0
0
0
0
0
0
0
0
0
0
0
0
0
0
0
0
0
0
0
0
0
0
0
0
0
0
0
0
0
0
0
0
0
0
0
0
0
0
0
0
0
0
0
0
0
0
0
0
0
0
0
0
0
0
0
0
0
0
0
0
0
0
0
0
0
0
0
0
0
0
0
0
0
0
0
0
0
0
0
0
0
0
0
0
0
0
0
0
0
0
0
0
0
0
0
0
0
0
0
0
0
0
0
0
0
0
0
0
0
0
0
0
0
0
0
0
0
0
0
0
0
0
0
0
0
0
0
0
0
0
0
0
0
0
0
0
0
0
0
0
0
0
0
0
0
0
0
0
0
0
0
0
0
0
0
0
0
0
0
0
0
0
0
0
0
0
0
0
0
0
0
0
0
0
0
0
0
0
0
0
0
0
0
0
0
0
0
0
0
0
0
0
0
0
0
0
0
0
0
0
0
0
0
0
0
0
0
0
0
0
0
0
0
0
0
0
0
0
0
0
0
0
0
0
0
0
0
0
0
0
0
0
0
0
0
0
0
0
0
0
0
0
0
0
0
0
0
0
0
0
0
0
0
0
0
0
0
0
0
0
0
0
0
0
0
0
0
0
0
0
0
0
0
0
0
0
0
0
0
0
0
0
0
0
0
0
0
0
0
0
0
0
0
0
0
0
0
0
0
0
0
0
0
0
0
0
0
0
0
0
0
0
0
0
0
0
0
0
0
0
0
0
0
0
0
0
0
0
0
0
0
0
0
0
0
0
0
0
0
0
0
0
0
0
0
0
0
0
0
0
0
0
0
0
0
0
0
0
0
0
0
0
0
0
0
0
0
0
0
0
0
0
0
0
0
0
0
0
0
0
0
0
0
0
0
0
0
0
0
0
0
0
0
0
0
0
0
0
0
0
0
0
0
0
0
0
0
0
0
0
0
0
0
0
0
0
0
0
0
0
0
0
0
0
0
0
0
0
0
0
0
0
0
0
0
0
0
0
0
0
0
0
0
0
0
0
0
0
0
0
0
0
0
0
0
0
0
0
0
0
0
0
0
0
0
0
0
0
0
0
0
0
0
0
0
0
0
0
0
0
0
0
0
0
0
0
0
0
0
0
0
0
0
0
0
0
0
0
0
$MCA_CAL:
3
-1.4656616 2.9313233 0.00000000000000
$ENER_FIT:
-1.4656616 2.9313233 0.00000000000000
$MCA_CAL_DATA:
3
298 872
597 1749
896 2625
$CAMBIO:
Parent file specification: C:\GADRAS-DRF\Temp\131I_150.0_175.0_iron_6.28_8.0.pcf
Successful read of spectrum: Yes
Error message: None
Warning: None
Information: None
Neutrons: 0
Number of spectral records in the parent file: 1
Record number of this spectrum in the parent file: 1
Date and time of acquisition read successfully from the original file: Yes
Live time read successfully from the original file: Yes
True time read successfully from the original file: Yes
GADRAS Tag character is:  
Version: 130122
Parent file type: Sandia GADRAS PCF
