$SPEC_ID:
131I,1uC{13,7.49}
$MEAS_TIM:
3600.00 3600.00
$DATE_MEA:
3/9/2018 5:22:25 PM
$DATA:
0 1193
427.192
394.876
369.268
686.524
554.346
460.687
382.808
327.367
293.459
266.146
253.655
245.699
239.298
240.795
243.614
247.827
255.798
267.936
285.803
309.450
334.518
359.573
380.055
388.830
401.817
414.237
421.654
414.325
397.759
380.814
373.037
370.812
371.870
368.405
365.041
361.693
358.245
354.494
349.857
344.622
339.389
333.956
328.088
323.016
319.814
319.073
321.930
326.489
332.370
341.170
352.135
361.743
366.127
363.722
356.062
345.635
334.265
323.167
312.960
303.574
294.757
286.247
277.889
269.597
261.372
253.319
245.564
238.010
230.411
222.373
213.740
204.711
195.676
187.079
178.488
169.200
160.413
153.776
148.837
144.567
140.760
137.451
134.606
132.170
130.142
128.552
127.550
127.317
127.907
129.299
131.528
134.664
138.576
142.892
147.031
149.998
150.886
149.567
146.161
141.111
135.062
128.684
122.663
117.576
113.494
110.322
107.997
106.476
105.713
105.676
106.355
108.286
112.420
119.801
131.679
149.337
173.356
203.578
239.486
278.535
317.434
352.379
378.505
390.891
387.743
370.406
340.533
301.154
255.988
208.754
163.012
122.303
89.128
63.183
43.666
29.684
20.168
14.027
10.300
8.235
7.101
6.402
5.988
5.733
5.552
5.416
5.300
5.187
5.074
4.960
4.843
4.727
4.614
4.506
4.407
4.318
4.243
4.181
4.134
4.102
4.087
4.087
4.103
4.133
4.174
4.222
4.271
4.316
4.348
4.358
4.343
4.303
4.237
4.145
4.032
3.903
3.760
3.611
3.462
3.321
3.193
3.079
2.980
2.893
2.820
2.757
2.705
2.660
2.623
2.592
2.566
2.545
2.529
2.521
2.523
2.537
2.572
2.633
2.729
2.870
3.073
3.353
3.723
4.195
4.773
5.465
6.275
7.187
8.180
9.233
10.318
11.391
12.394
13.273
13.977
14.472
14.735
14.739
14.468
13.940
13.194
12.269
11.205
10.048
8.851
7.666
6.544
5.519
4.603
3.811
3.157
2.644
2.261
1.997
1.839
1.772
1.782
1.852
1.965
2.107
2.261
2.417
2.560
2.679
2.764
2.811
2.819
2.785
2.708
2.591
2.441
2.264
2.066
1.855
1.638
1.422
1.214
1.020
0.845
0.688
0.551
0.433
0.335
0.255
0.191
0.141
0.102
0.072
0.050
0.035
0.024
0.016
0.011
0.007
0.004
0.003
0.002
0.001
0.000
0.000
0.000
-0.000
-0.000
-0.000
-0.000
0.000
0.000
0.000
0.000
0.000
0.000
0.000
0.000
0
0
0
0
0
0
0
0
0
0
0
0
0
0
0
0
0
0
0
0
0
0
0
0
0
0
0
0
0
0
0
0
0
0
0
0
0
0
0
0
0
0
0
0
0
0
0
0
0
0
0
0
0
0
0
0
0
0
0
0
0
0
0
0
0
0
0
0
0
0
0
0
0
0
0
0
0
0
0
0
0
0
0
0
0
0
0
0
0
0
0
0
0
0
0
0
0
0
0
0
0
0
0
0
0
0
0
0
0
0
0
0
0
0
0
0
0
0
0
0
0
0
0
0
0
0
0
0
0
0
0
0
0
0
0
0
0
0
0
0
0
0
0
0
0
0
0
0
0
0
0
0
0
0
0
0
0
0
0
0
0
0
0
0
0
0
0
0
0
0
0
0
0
0
0
0
0
0
0
0
0
0
0
0
0
0
0
0
0
0
0
0
0
0
0
0
0
0
0
0
0
0
0
0
0
0
0
0
0
0
0
0
0
0
0
0
0
0
0
0
0
0
0
0
0
0
0
0
0
0
0
0
0
0
0
0
0
0
0
0
0
0
0
0
0
0
0
0
0
0
0
0
0
0
0
0
0
0
0
0
0
0
0
0
0
0
0
0
0
0
0
0
0
0
0
0
0
0
0
0
0
0
0
0
0
0
0
0
0
0
0
0
0
0
0
0
0
0
0
0
0
0
0
0
0
0
0
0
0
0
0
0
0
0
0
0
0
0
0
0
0
0
0
0
0
0
0
0
0
0
0
0
0
0
0
0
0
0
0
0
0
0
0
0
0
0
0
0
0
0
0
0
0
0
0
0
0
0
0
0
0
0
0
0
0
0
0
0
0
0
0
0
0
0
0
0
0
0
0
0
0
0
0
0
0
0
0
0
0
0
0
0
0
0
0
0
0
0
0
0
0
0
0
0
0
0
0
0
0
0
0
0
0
0
0
0
0
0
0
0
0
0
0
0
0
0
0
0
0
0
0
0
0
0
0
0
0
0
0
0
0
0
0
0
0
0
0
0
0
0
0
0
0
0
0
0
0
0
0
0
0
0
0
0
0
0
0
0
0
0
0
0
0
0
0
0
0
0
0
0
0
0
0
0
0
0
0
0
0
0
0
0
0
0
0
0
0
0
0
0
0
0
0
0
0
0
0
0
0
0
0
0
0
0
0
0
0
0
0
0
0
0
0
0
0
0
0
0
0
0
0
0
0
0
0
0
0
0
0
0
0
0
0
0
0
0
0
0
0
0
0
0
0
0
0
0
0
0
0
0
0
0
0
0
0
0
0
0
0
0
0
0
0
0
0
0
0
0
0
0
0
0
0
0
0
0
0
0
0
0
0
0
0
0
0
0
0
0
0
0
0
0
0
0
0
0
0
0
0
0
0
0
0
0
0
0
0
0
0
0
0
0
0
0
0
0
0
0
0
0
0
0
0
0
0
0
0
0
0
0
0
0
0
0
0
0
0
0
0
0
0
0
0
0
0
0
0
0
0
0
0
0
0
0
0
0
0
0
0
0
0
0
0
0
0
0
0
0
0
0
0
0
0
0
0
0
0
0
0
0
0
0
0
0
0
0
0
0
0
0
0
0
0
0
0
0
0
0
0
0
0
0
0
0
0
0
0
0
0
0
0
0
0
0
0
0
0
0
0
0
0
0
0
0
0
0
0
0
0
0
0
0
0
0
0
0
0
0
0
0
0
0
0
0
0
0
0
0
0
0
0
0
0
0
0
0
0
0
0
0
0
0
0
0
0
0
0
0
0
0
0
0
0
0
0
0
0
0
0
0
0
0
0
0
0
0
0
0
0
0
0
0
0
0
0
0
0
0
0
0
0
0
0
0
0
0
0
0
0
0
0
0
0
0
0
0
0
0
0
0
0
0
0
0
0
0
0
0
0
0
0
0
0
0
0
0
0
0
0
0
0
0
0
0
0
0
0
0
0
0
0
0
0
0
0
0
0
0
0
0
0
0
0
0
0
0
0
0
0
0
0
0
0
0
0
0
0
0
0
0
0
0
0
0
0
0
0
0
0
0
0
$MCA_CAL:
3
-1.4656616 2.9313233 0.00000000000000
$ENER_FIT:
-1.4656616 2.9313233 0.00000000000000
$MCA_CAL_DATA:
3
298 872
597 1749
896 2625
$CAMBIO:
Parent file specification: C:\GADRAS-DRF\Temp\131I_50.0_112.5_alum_7.49_7.5.pcf
Successful read of spectrum: Yes
Error message: None
Warning: None
Information: None
Neutrons: 0
Number of spectral records in the parent file: 1
Record number of this spectrum in the parent file: 1
Date and time of acquisition read successfully from the original file: Yes
Live time read successfully from the original file: Yes
True time read successfully from the original file: Yes
GADRAS Tag character is:  
Version: 130122
Parent file type: Sandia GADRAS PCF
