$SPEC_ID:
131I,1uC{0,0}
$MEAS_TIM:
3600.00 3600.00
$DATE_MEA:
3/9/2018 5:22:25 PM
$DATA:
0 1193
735.184
697.303
634.544
554.406
479.329
407.236
341.666
304.445
364.224
562.303
580.747
371.479
242.680
203.095
192.708
188.846
189.219
190.066
194.283
204.275
215.615
226.046
239.181
260.658
291.369
323.613
345.140
335.869
299.401
255.625
221.197
202.770
196.669
196.068
197.397
198.907
200.371
201.966
203.536
204.784
206.389
207.935
209.057
213.167
218.978
225.524
238.938
256.622
274.311
296.869
323.032
345.898
359.703
361.894
354.469
340.165
321.887
302.208
282.950
264.319
246.483
229.979
215.172
202.211
191.089
181.660
173.620
166.556
159.872
152.918
145.579
138.056
130.575
123.365
116.484
109.829
103.504
97.887
93.248
89.573
86.798
84.806
83.482
82.811
82.843
83.690
85.553
88.639
93.148
99.262
106.903
115.768
125.388
134.839
143.108
149.318
152.680
152.627
149.379
143.372
135.310
126.270
117.324
109.153
102.238
96.987
93.573
92.112
92.868
96.428
103.421
114.827
132.048
156.509
189.175
230.613
281.237
339.650
403.062
468.490
531.283
585.479
625.283
647.202
649.670
631.248
593.351
540.287
476.458
406.496
335.266
267.692
207.600
156.063
113.681
80.806
56.379
38.834
26.621
18.467
13.336
10.194
8.216
7.039
6.367
5.923
5.593
5.345
5.150
4.983
4.834
4.694
4.554
4.417
4.290
4.180
4.093
4.031
3.993
3.980
3.992
4.024
4.073
4.137
4.210
4.286
4.359
4.423
4.471
4.495
4.487
4.442
4.362
4.249
4.107
3.940
3.755
3.559
3.358
3.160
2.968
2.788
2.624
2.480
2.354
2.247
2.156
2.082
2.024
1.982
1.956
1.948
1.962
2.004
2.081
2.199
2.368
2.604
2.921
3.333
3.854
4.496
5.269
6.184
7.251
8.458
9.783
11.206
12.707
14.249
15.780
17.244
18.581
19.738
20.675
21.357
21.748
21.815
21.545
20.965
20.114
19.028
17.744
16.310
14.783
13.223
11.685
10.226
8.875
7.652
6.575
5.664
4.930
4.365
3.950
3.670
3.507
3.444
3.460
3.533
3.643
3.769
3.891
4.000
4.084
4.135
4.141
4.098
4.007
3.872
3.698
3.489
3.250
2.989
2.713
2.432
2.152
1.882
1.625
1.384
1.163
0.964
0.789
0.638
0.510
0.403
0.314
0.241
0.182
0.136
0.101
0.074
0.053
0.038
0.026
0.018
0.012
0.008
0.006
0.004
0.002
0.001
0.000
0.000
-0.000
-0.000
-0.000
-0.000
-0.000
0.000
0.000
0.000
0.000
0.000
0.000
-0.000
-0.000
-0.000
-0.000
-0.000
-0.000
0.000
0.000
0.000
0
0
0
0
0
0
0
0
0
0
0
0
0
0
0
0
0
0
0
0
0
0
0
0
0
0
0
0
0
0
0
0
0
0
0
0
0
0
0
0
0
0
0
0
0
0
0
0
0
0
0
0
0
0
0
0
0
0
0
0
0
0
0
0
0
0
0
0
0
0
0
0
0
0
0
0
0
0
0
0
0
0
0
0
0
0
0
0
0
0
0
0
0
0
0
0
0
0
0
0
0
0
0
0
0
0
0
0
0
0
0
0
0
0
0
0
0
0
0
0
0
0
0
0
0
0
0
0
0
0
0
0
0
0
0
0
0
0
0
0
0
0
0
0
0
0
0
0
0
0
0
0
0
0
0
0
0
0
0
0
0
0
0
0
0
0
0
0
0
0
0
0
0
0
0
0
0
0
0
0
0
0
0
0
0
0
0
0
0
0
0
0
0
0
0
0
0
0
0
0
0
0
0
0
0
0
0
0
0
0
0
0
0
0
0
0
0
0
0
0
0
0
0
0
0
0
0
0
0
0
0
0
0
0
0
0
0
0
0
0
0
0
0
0
0
0
0
0
0
0
0
0
0
0
0
0
0
0
0
0
0
0
0
0
0
0
0
0
0
0
0
0
0
0
0
0
0
0
0
0
0
0
0
0
0
0
0
0
0
0
0
0
0
0
0
0
0
0
0
0
0
0
0
0
0
0
0
0
0
0
0
0
0
0
0
0
0
0
0
0
0
0
0
0
0
0
0
0
0
0
0
0
0
0
0
0
0
0
0
0
0
0
0
0
0
0
0
0
0
0
0
0
0
0
0
0
0
0
0
0
0
0
0
0
0
0
0
0
0
0
0
0
0
0
0
0
0
0
0
0
0
0
0
0
0
0
0
0
0
0
0
0
0
0
0
0
0
0
0
0
0
0
0
0
0
0
0
0
0
0
0
0
0
0
0
0
0
0
0
0
0
0
0
0
0
0
0
0
0
0
0
0
0
0
0
0
0
0
0
0
0
0
0
0
0
0
0
0
0
0
0
0
0
0
0
0
0
0
0
0
0
0
0
0
0
0
0
0
0
0
0
0
0
0
0
0
0
0
0
0
0
0
0
0
0
0
0
0
0
0
0
0
0
0
0
0
0
0
0
0
0
0
0
0
0
0
0
0
0
0
0
0
0
0
0
0
0
0
0
0
0
0
0
0
0
0
0
0
0
0
0
0
0
0
0
0
0
0
0
0
0
0
0
0
0
0
0
0
0
0
0
0
0
0
0
0
0
0
0
0
0
0
0
0
0
0
0
0
0
0
0
0
0
0
0
0
0
0
0
0
0
0
0
0
0
0
0
0
0
0
0
0
0
0
0
0
0
0
0
0
0
0
0
0
0
0
0
0
0
0
0
0
0
0
0
0
0
0
0
0
0
0
0
0
0
0
0
0
0
0
0
0
0
0
0
0
0
0
0
0
0
0
0
0
0
0
0
0
0
0
0
0
0
0
0
0
0
0
0
0
0
0
0
0
0
0
0
0
0
0
0
0
0
0
0
0
0
0
0
0
0
0
0
0
0
0
0
0
0
0
0
0
0
0
0
0
0
0
0
0
0
0
0
0
0
0
0
0
0
0
0
0
0
0
0
0
0
0
0
0
0
0
0
0
0
0
0
0
0
0
0
0
0
0
0
0
0
0
0
0
0
0
0
0
0
0
0
0
0
0
0
0
0
0
0
0
0
0
0
0
0
0
0
0
0
0
0
0
0
0
0
0
0
0
0
0
0
0
0
0
0
0
0
0
0
0
0
0
0
0
0
0
0
0
0
0
0
0
0
0
0
0
0
0
0
0
0
0
0
0
0
0
0
0
0
0
0
0
0
0
0
0
0
0
0
0
0
0
0
0
0
0
0
0
0
0
0
0
0
0
0
0
0
0
0
0
0
0
0
0
0
0
0
0
0
0
0
0
0
0
0
0
0
0
0
0
0
0
0
0
0
0
0
0
0
0
0
0
0
0
0
0
0
0
0
0
0
0
0
0
$MCA_CAL:
3
-1.4656616 2.9313233 0.00000000000000
$ENER_FIT:
-1.4656616 2.9313233 0.00000000000000
$MCA_CAL_DATA:
3
298 872
597 1749
896 2625
$CAMBIO:
Parent file specification: C:\GADRAS-DRF\Temp\131I_75.0_112.5_none_0_8.5.pcf
Successful read of spectrum: Yes
Error message: None
Warning: None
Information: None
Neutrons: 0
Number of spectral records in the parent file: 1
Record number of this spectrum in the parent file: 1
Date and time of acquisition read successfully from the original file: Yes
Live time read successfully from the original file: Yes
True time read successfully from the original file: Yes
GADRAS Tag character is:  
Version: 130122
Parent file type: Sandia GADRAS PCF
