$SPEC_ID:
131I,1uC{0,0}
$MEAS_TIM:
3600.00 3600.00
$DATE_MEA:
3/9/2018 5:22:25 PM
$DATA:
0 1193
294.167
281.226
253.756
221.491
190.306
159.841
132.344
113.439
112.214
174.825
180.811
110.816
85.018
78.448
76.879
75.306
75.414
75.837
76.714
81.342
86.947
90.641
93.770
99.069
107.929
119.980
131.481
125.678
107.281
88.790
80.522
77.532
77.300
78.024
79.137
80.137
81.063
81.952
82.629
83.202
83.704
84.090
84.453
84.965
85.906
86.906
89.481
94.057
98.151
107.432
120.299
134.948
148.253
155.628
157.282
153.234
145.350
135.734
125.888
116.671
108.269
100.583
93.748
88.053
83.551
80.099
77.591
75.882
74.416
72.577
69.784
65.687
61.235
56.957
52.024
46.947
42.436
38.481
35.176
32.568
30.391
28.605
27.320
26.339
25.504
24.859
24.504
24.538
24.938
25.818
27.567
30.290
33.806
37.887
42.135
45.546
47.226
46.888
44.643
41.055
36.864
32.915
29.690
27.374
25.884
24.988
24.462
24.101
23.833
23.640
23.533
23.568
24.026
25.336
28.295
33.897
43.357
57.945
78.146
103.808
132.991
162.062
186.681
201.610
203.411
192.629
170.924
142.221
110.903
80.729
55.058
35.372
21.398
12.452
7.166
4.192
2.686
1.976
1.655
1.528
1.458
1.415
1.385
1.358
1.328
1.293
1.254
1.214
1.173
1.132
1.090
1.047
1.004
0.962
0.925
0.894
0.869
0.849
0.835
0.827
0.826
0.832
0.848
0.874
0.909
0.953
1.001
1.051
1.098
1.134
1.151
1.146
1.120
1.075
1.015
0.944
0.867
0.789
0.716
0.653
0.600
0.557
0.523
0.497
0.477
0.462
0.450
0.440
0.431
0.422
0.415
0.407
0.400
0.393
0.387
0.383
0.380
0.379
0.385
0.399
0.425
0.473
0.549
0.664
0.832
1.066
1.379
1.777
2.262
2.837
3.480
4.162
4.855
5.513
6.080
6.502
6.745
6.797
6.650
6.307
5.807
5.193
4.508
3.796
3.099
2.461
1.903
1.432
1.052
0.764
0.556
0.417
0.334
0.298
0.303
0.339
0.401
0.484
0.584
0.698
0.818
0.938
1.050
1.148
1.224
1.274
1.289
1.272
1.225
1.149
1.051
0.937
0.814
0.689
0.569
0.457
0.358
0.273
0.203
0.148
0.104
0.072
0.048
0.031
0.020
0.012
0.007
0.004
0.003
0.001
0.001
0.000
0.000
0.000
0.000
-0.000
-0.000
-0.000
-0.000
0.000
0.000
0.000
0
0
0
0
0
0
0
0
0
0
0
0
0
0
0
0
0
0
0
0
0
0
0
0
0
0
0
0
0
0
0
0
0
0
0
0
0
0
0
0
0
0
0
0
0
0
0
0
0
0
0
0
0
0
0
0
0
0
0
0
0
0
0
0
0
0
0
0
0
0
0
0
0
0
0
0
0
0
0
0
0
0
0
0
0
0
0
0
0
0
0
0
0
0
0
0
0
0
0
0
0
0
0
0
0
0
0
0
0
0
0
0
0
0
0
0
0
0
0
0
0
0
0
0
0
0
0
0
0
0
0
0
0
0
0
0
0
0
0
0
0
0
0
0
0
0
0
0
0
0
0
0
0
0
0
0
0
0
0
0
0
0
0
0
0
0
0
0
0
0
0
0
0
0
0
0
0
0
0
0
0
0
0
0
0
0
0
0
0
0
0
0
0
0
0
0
0
0
0
0
0
0
0
0
0
0
0
0
0
0
0
0
0
0
0
0
0
0
0
0
0
0
0
0
0
0
0
0
0
0
0
0
0
0
0
0
0
0
0
0
0
0
0
0
0
0
0
0
0
0
0
0
0
0
0
0
0
0
0
0
0
0
0
0
0
0
0
0
0
0
0
0
0
0
0
0
0
0
0
0
0
0
0
0
0
0
0
0
0
0
0
0
0
0
0
0
0
0
0
0
0
0
0
0
0
0
0
0
0
0
0
0
0
0
0
0
0
0
0
0
0
0
0
0
0
0
0
0
0
0
0
0
0
0
0
0
0
0
0
0
0
0
0
0
0
0
0
0
0
0
0
0
0
0
0
0
0
0
0
0
0
0
0
0
0
0
0
0
0
0
0
0
0
0
0
0
0
0
0
0
0
0
0
0
0
0
0
0
0
0
0
0
0
0
0
0
0
0
0
0
0
0
0
0
0
0
0
0
0
0
0
0
0
0
0
0
0
0
0
0
0
0
0
0
0
0
0
0
0
0
0
0
0
0
0
0
0
0
0
0
0
0
0
0
0
0
0
0
0
0
0
0
0
0
0
0
0
0
0
0
0
0
0
0
0
0
0
0
0
0
0
0
0
0
0
0
0
0
0
0
0
0
0
0
0
0
0
0
0
0
0
0
0
0
0
0
0
0
0
0
0
0
0
0
0
0
0
0
0
0
0
0
0
0
0
0
0
0
0
0
0
0
0
0
0
0
0
0
0
0
0
0
0
0
0
0
0
0
0
0
0
0
0
0
0
0
0
0
0
0
0
0
0
0
0
0
0
0
0
0
0
0
0
0
0
0
0
0
0
0
0
0
0
0
0
0
0
0
0
0
0
0
0
0
0
0
0
0
0
0
0
0
0
0
0
0
0
0
0
0
0
0
0
0
0
0
0
0
0
0
0
0
0
0
0
0
0
0
0
0
0
0
0
0
0
0
0
0
0
0
0
0
0
0
0
0
0
0
0
0
0
0
0
0
0
0
0
0
0
0
0
0
0
0
0
0
0
0
0
0
0
0
0
0
0
0
0
0
0
0
0
0
0
0
0
0
0
0
0
0
0
0
0
0
0
0
0
0
0
0
0
0
0
0
0
0
0
0
0
0
0
0
0
0
0
0
0
0
0
0
0
0
0
0
0
0
0
0
0
0
0
0
0
0
0
0
0
0
0
0
0
0
0
0
0
0
0
0
0
0
0
0
0
0
0
0
0
0
0
0
0
0
0
0
0
0
0
0
0
0
0
0
0
0
0
0
0
0
0
0
0
0
0
0
0
0
0
0
0
0
0
0
0
0
0
0
0
0
0
0
0
0
0
0
0
0
0
0
0
0
0
0
0
0
0
0
0
0
0
0
0
0
0
0
0
0
0
0
0
0
0
0
0
0
0
0
0
0
0
0
0
0
0
0
0
0
0
0
0
0
0
0
0
0
0
0
0
0
0
0
0
0
0
0
0
0
0
0
0
0
0
0
0
0
0
0
0
0
0
0
0
0
0
0
0
0
0
0
0
0
0
0
0
0
0
0
0
0
0
0
0
0
0
0
0
0
0
0
0
0
0
0
0
0
0
0
0
0
0
0
0
0
$MCA_CAL:
3
-1.4656616 2.9313233 0.00000000000000
$ENER_FIT:
-1.4656616 2.9313233 0.00000000000000
$MCA_CAL_DATA:
3
298 872
597 1749
896 2625
$CAMBIO:
Parent file specification: C:\GADRAS-DRF\Temp\131I_100.0_237.5_none_0_6.0.pcf
Successful read of spectrum: Yes
Error message: None
Warning: None
Information: None
Neutrons: 0
Number of spectral records in the parent file: 1
Record number of this spectrum in the parent file: 1
Date and time of acquisition read successfully from the original file: Yes
Live time read successfully from the original file: Yes
True time read successfully from the original file: Yes
GADRAS Tag character is:  
Version: 130122
Parent file type: Sandia GADRAS PCF
