$SPEC_ID:
131I,1uC{0,0}
$MEAS_TIM:
3600.00 3600.00
$DATE_MEA:
3/9/2018 5:22:25 PM
$DATA:
0 1193
200.886
191.576
175.757
153.871
133.050
112.189
93.247
81.627
85.596
105.485
106.148
79.928
61.375
55.504
53.519
52.432
52.559
52.825
54.056
56.705
59.571
62.671
65.936
70.216
75.087
79.657
81.470
78.649
72.490
65.106
59.484
56.411
55.286
55.304
55.808
56.384
56.982
57.563
58.022
58.393
58.717
59.040
59.471
60.372
61.882
63.592
66.049
69.955
74.685
80.081
86.640
93.375
98.762
102.067
102.938
101.406
97.823
92.857
87.072
80.941
74.933
69.492
64.783
60.821
57.542
54.844
52.612
50.722
48.971
47.110
45.073
42.977
40.850
38.547
35.985
33.319
30.741
28.350
26.201
24.325
22.720
21.383
20.307
19.481
18.899
18.558
18.459
18.617
19.050
19.744
20.663
21.755
22.919
24.037
24.995
25.680
25.985
25.882
25.393
24.554
23.466
22.252
21.027
19.876
18.885
18.121
17.624
17.431
17.598
18.210
19.356
21.150
23.736
27.268
31.829
37.391
43.908
51.238
59.001
66.771
74.094
80.349
84.880
87.086
86.857
84.307
79.566
72.970
65.065
56.415
47.543
38.889
30.870
23.880
18.030
13.266
9.537
6.754
4.751
3.357
2.403
1.772
1.380
1.141
0.984
0.884
0.820
0.777
0.743
0.714
0.690
0.668
0.648
0.629
0.613
0.599
0.587
0.578
0.573
0.570
0.571
0.574
0.579
0.585
0.593
0.601
0.608
0.614
0.618
0.620
0.617
0.610
0.599
0.585
0.567
0.545
0.522
0.497
0.471
0.446
0.421
0.398
0.376
0.356
0.339
0.324
0.311
0.301
0.294
0.289
0.287
0.288
0.293
0.303
0.318
0.340
0.370
0.410
0.461
0.525
0.604
0.698
0.809
0.937
1.080
1.238
1.410
1.593
1.782
1.972
2.157
2.332
2.493
2.632
2.744
2.823
2.864
2.869
2.837
2.771
2.672
2.543
2.389
2.217
2.033
1.844
1.656
1.473
1.300
1.140
0.997
0.874
0.772
0.689
0.623
0.574
0.541
0.522
0.513
0.512
0.516
0.524
0.532
0.541
0.547
0.550
0.549
0.542
0.530
0.514
0.493
0.467
0.438
0.407
0.373
0.338
0.303
0.269
0.236
0.204
0.175
0.148
0.124
0.102
0.084
0.068
0.054
0.043
0.033
0.026
0.020
0.015
0.011
0.008
0.006
0.004
0.003
0.002
0.002
0.001
0.001
0.000
0.000
0.000
0.000
0.000
-0.000
-0.000
-0.000
-0.000
-0.000
-0.000
0.000
0.000
0.000
0.000
0.000
0.000
-0.000
-0.000
-0.000
-0.000
-0.000
-0.000
0.000
0.000
0.000
0
0
0
0
0
0
0
0
0
0
0
0
0
0
0
0
0
0
0
0
0
0
0
0
0
0
0
0
0
0
0
0
0
0
0
0
0
0
0
0
0
0
0
0
0
0
0
0
0
0
0
0
0
0
0
0
0
0
0
0
0
0
0
0
0
0
0
0
0
0
0
0
0
0
0
0
0
0
0
0
0
0
0
0
0
0
0
0
0
0
0
0
0
0
0
0
0
0
0
0
0
0
0
0
0
0
0
0
0
0
0
0
0
0
0
0
0
0
0
0
0
0
0
0
0
0
0
0
0
0
0
0
0
0
0
0
0
0
0
0
0
0
0
0
0
0
0
0
0
0
0
0
0
0
0
0
0
0
0
0
0
0
0
0
0
0
0
0
0
0
0
0
0
0
0
0
0
0
0
0
0
0
0
0
0
0
0
0
0
0
0
0
0
0
0
0
0
0
0
0
0
0
0
0
0
0
0
0
0
0
0
0
0
0
0
0
0
0
0
0
0
0
0
0
0
0
0
0
0
0
0
0
0
0
0
0
0
0
0
0
0
0
0
0
0
0
0
0
0
0
0
0
0
0
0
0
0
0
0
0
0
0
0
0
0
0
0
0
0
0
0
0
0
0
0
0
0
0
0
0
0
0
0
0
0
0
0
0
0
0
0
0
0
0
0
0
0
0
0
0
0
0
0
0
0
0
0
0
0
0
0
0
0
0
0
0
0
0
0
0
0
0
0
0
0
0
0
0
0
0
0
0
0
0
0
0
0
0
0
0
0
0
0
0
0
0
0
0
0
0
0
0
0
0
0
0
0
0
0
0
0
0
0
0
0
0
0
0
0
0
0
0
0
0
0
0
0
0
0
0
0
0
0
0
0
0
0
0
0
0
0
0
0
0
0
0
0
0
0
0
0
0
0
0
0
0
0
0
0
0
0
0
0
0
0
0
0
0
0
0
0
0
0
0
0
0
0
0
0
0
0
0
0
0
0
0
0
0
0
0
0
0
0
0
0
0
0
0
0
0
0
0
0
0
0
0
0
0
0
0
0
0
0
0
0
0
0
0
0
0
0
0
0
0
0
0
0
0
0
0
0
0
0
0
0
0
0
0
0
0
0
0
0
0
0
0
0
0
0
0
0
0
0
0
0
0
0
0
0
0
0
0
0
0
0
0
0
0
0
0
0
0
0
0
0
0
0
0
0
0
0
0
0
0
0
0
0
0
0
0
0
0
0
0
0
0
0
0
0
0
0
0
0
0
0
0
0
0
0
0
0
0
0
0
0
0
0
0
0
0
0
0
0
0
0
0
0
0
0
0
0
0
0
0
0
0
0
0
0
0
0
0
0
0
0
0
0
0
0
0
0
0
0
0
0
0
0
0
0
0
0
0
0
0
0
0
0
0
0
0
0
0
0
0
0
0
0
0
0
0
0
0
0
0
0
0
0
0
0
0
0
0
0
0
0
0
0
0
0
0
0
0
0
0
0
0
0
0
0
0
0
0
0
0
0
0
0
0
0
0
0
0
0
0
0
0
0
0
0
0
0
0
0
0
0
0
0
0
0
0
0
0
0
0
0
0
0
0
0
0
0
0
0
0
0
0
0
0
0
0
0
0
0
0
0
0
0
0
0
0
0
0
0
0
0
0
0
0
0
0
0
0
0
0
0
0
0
0
0
0
0
0
0
0
0
0
0
0
0
0
0
0
0
0
0
0
0
0
0
0
0
0
0
0
0
0
0
0
0
0
0
0
0
0
0
0
0
0
0
0
0
0
0
0
0
0
0
0
0
0
0
0
0
0
0
0
0
0
0
0
0
0
0
0
0
0
0
0
0
0
0
0
0
0
0
0
0
0
0
0
0
0
0
0
0
0
0
0
0
0
0
0
0
0
0
0
0
0
0
0
0
0
0
0
0
0
0
0
0
0
0
0
0
0
0
0
0
0
0
0
0
0
0
0
0
0
0
0
0
0
0
0
0
0
0
0
0
0
0
0
0
0
0
0
0
0
0
$MCA_CAL:
3
-1.4656616 2.9313233 0.00000000000000
$ENER_FIT:
-1.4656616 2.9313233 0.00000000000000
$MCA_CAL_DATA:
3
298 872
597 1749
896 2625
$CAMBIO:
Parent file specification: C:\GADRAS-DRF\Temp\131I_125.0_300.0_none_0_9.0.pcf
Successful read of spectrum: Yes
Error message: None
Warning: None
Information: None
Neutrons: 0
Number of spectral records in the parent file: 1
Record number of this spectrum in the parent file: 1
Date and time of acquisition read successfully from the original file: Yes
Live time read successfully from the original file: Yes
True time read successfully from the original file: Yes
GADRAS Tag character is:  
Version: 130122
Parent file type: Sandia GADRAS PCF
