$SPEC_ID:
131I,1uC{26,11.02}
$MEAS_TIM:
3600.00 3600.00
$DATE_MEA:
3/9/2018 5:22:25 PM
$DATA:
0 1193
85.754
79.070
71.339
142.233
119.509
99.418
82.950
71.617
64.895
59.614
56.990
54.879
52.540
51.095
49.609
48.147
47.500
47.827
49.416
52.356
56.447
60.941
64.421
64.476
64.894
64.915
65.045
63.268
61.240
60.208
61.046
62.259
63.619
64.190
64.748
65.283
65.802
66.234
65.660
64.995
64.308
63.693
63.040
62.410
62.305
62.662
63.878
65.812
67.706
71.038
75.351
80.309
84.711
86.948
86.938
84.785
81.020
76.409
71.564
66.859
62.528
58.704
55.413
52.594
50.192
48.228
46.645
45.312
44.035
42.659
41.077
39.245
37.304
35.438
33.502
31.508
29.818
28.541
27.608
26.883
26.264
25.727
25.260
24.855
24.508
24.223
24.013
23.894
23.880
24.013
24.389
25.002
25.740
26.539
27.375
28.061
28.302
28.020
27.280
26.213
24.984
23.766
22.729
21.929
21.335
20.907
20.597
20.374
20.223
20.119
20.017
19.925
20.007
20.478
21.627
23.769
27.171
32.064
38.494
46.249
54.819
62.807
68.723
71.683
71.136
67.062
60.150
51.208
41.328
31.658
22.995
15.858
10.558
6.858
4.418
2.923
2.071
1.600
1.366
1.249
1.183
1.146
1.124
1.108
1.091
1.072
1.051
1.030
1.009
0.988
0.967
0.944
0.922
0.901
0.882
0.865
0.850
0.838
0.828
0.821
0.817
0.817
0.819
0.825
0.834
0.844
0.856
0.869
0.880
0.886
0.885
0.878
0.863
0.843
0.818
0.788
0.757
0.724
0.693
0.666
0.642
0.622
0.606
0.592
0.581
0.572
0.564
0.558
0.552
0.547
0.542
0.537
0.533
0.529
0.526
0.523
0.522
0.523
0.527
0.537
0.555
0.584
0.626
0.689
0.775
0.890
1.033
1.205
1.404
1.627
1.866
2.114
2.360
2.586
2.774
2.905
2.972
2.972
2.903
2.766
2.573
2.337
2.073
1.794
1.515
1.251
1.015
0.810
0.637
0.498
0.392
0.315
0.265
0.238
0.230
0.238
0.259
0.290
0.327
0.370
0.414
0.459
0.499
0.534
0.559
0.574
0.576
0.567
0.547
0.517
0.478
0.432
0.383
0.332
0.281
0.233
0.189
0.150
0.117
0.089
0.066
0.048
0.034
0.024
0.016
0.011
0.007
0.004
0.003
0.002
0.001
0.001
0.000
0.000
0.000
0.000
0.000
-0.000
-0.000
-0.000
0.000
0.000
0.000
0
0
0
0
0
0
0
0
0
0
0
0
0
0
0
0
0
0
0
0
0
0
0
0
0
0
0
0
0
0
0
0
0
0
0
0
0
0
0
0
0
0
0
0
0
0
0
0
0
0
0
0
0
0
0
0
0
0
0
0
0
0
0
0
0
0
0
0
0
0
0
0
0
0
0
0
0
0
0
0
0
0
0
0
0
0
0
0
0
0
0
0
0
0
0
0
0
0
0
0
0
0
0
0
0
0
0
0
0
0
0
0
0
0
0
0
0
0
0
0
0
0
0
0
0
0
0
0
0
0
0
0
0
0
0
0
0
0
0
0
0
0
0
0
0
0
0
0
0
0
0
0
0
0
0
0
0
0
0
0
0
0
0
0
0
0
0
0
0
0
0
0
0
0
0
0
0
0
0
0
0
0
0
0
0
0
0
0
0
0
0
0
0
0
0
0
0
0
0
0
0
0
0
0
0
0
0
0
0
0
0
0
0
0
0
0
0
0
0
0
0
0
0
0
0
0
0
0
0
0
0
0
0
0
0
0
0
0
0
0
0
0
0
0
0
0
0
0
0
0
0
0
0
0
0
0
0
0
0
0
0
0
0
0
0
0
0
0
0
0
0
0
0
0
0
0
0
0
0
0
0
0
0
0
0
0
0
0
0
0
0
0
0
0
0
0
0
0
0
0
0
0
0
0
0
0
0
0
0
0
0
0
0
0
0
0
0
0
0
0
0
0
0
0
0
0
0
0
0
0
0
0
0
0
0
0
0
0
0
0
0
0
0
0
0
0
0
0
0
0
0
0
0
0
0
0
0
0
0
0
0
0
0
0
0
0
0
0
0
0
0
0
0
0
0
0
0
0
0
0
0
0
0
0
0
0
0
0
0
0
0
0
0
0
0
0
0
0
0
0
0
0
0
0
0
0
0
0
0
0
0
0
0
0
0
0
0
0
0
0
0
0
0
0
0
0
0
0
0
0
0
0
0
0
0
0
0
0
0
0
0
0
0
0
0
0
0
0
0
0
0
0
0
0
0
0
0
0
0
0
0
0
0
0
0
0
0
0
0
0
0
0
0
0
0
0
0
0
0
0
0
0
0
0
0
0
0
0
0
0
0
0
0
0
0
0
0
0
0
0
0
0
0
0
0
0
0
0
0
0
0
0
0
0
0
0
0
0
0
0
0
0
0
0
0
0
0
0
0
0
0
0
0
0
0
0
0
0
0
0
0
0
0
0
0
0
0
0
0
0
0
0
0
0
0
0
0
0
0
0
0
0
0
0
0
0
0
0
0
0
0
0
0
0
0
0
0
0
0
0
0
0
0
0
0
0
0
0
0
0
0
0
0
0
0
0
0
0
0
0
0
0
0
0
0
0
0
0
0
0
0
0
0
0
0
0
0
0
0
0
0
0
0
0
0
0
0
0
0
0
0
0
0
0
0
0
0
0
0
0
0
0
0
0
0
0
0
0
0
0
0
0
0
0
0
0
0
0
0
0
0
0
0
0
0
0
0
0
0
0
0
0
0
0
0
0
0
0
0
0
0
0
0
0
0
0
0
0
0
0
0
0
0
0
0
0
0
0
0
0
0
0
0
0
0
0
0
0
0
0
0
0
0
0
0
0
0
0
0
0
0
0
0
0
0
0
0
0
0
0
0
0
0
0
0
0
0
0
0
0
0
0
0
0
0
0
0
0
0
0
0
0
0
0
0
0
0
0
0
0
0
0
0
0
0
0
0
0
0
0
0
0
0
0
0
0
0
0
0
0
0
0
0
0
0
0
0
0
0
0
0
0
0
0
0
0
0
0
0
0
0
0
0
0
0
0
0
0
0
0
0
0
0
0
0
0
0
0
0
0
0
0
0
0
0
0
0
0
0
0
0
0
0
0
0
0
0
0
0
0
0
0
0
0
0
0
0
0
0
0
0
0
0
0
0
0
0
0
0
0
0
0
0
0
0
0
0
0
0
0
0
0
0
0
0
0
0
0
0
0
0
0
0
0
0
0
0
0
0
0
0
0
0
0
0
0
0
0
0
0
0
0
0
0
0
0
0
0
0
0
0
$MCA_CAL:
3
-1.4656616 2.9313233 0.00000000000000
$ENER_FIT:
-1.4656616 2.9313233 0.00000000000000
$MCA_CAL_DATA:
3
298 872
597 1749
896 2625
$CAMBIO:
Parent file specification: C:\GADRAS-DRF\Temp\131I_150.0_237.5_iron_11.02_6.5.pcf
Successful read of spectrum: Yes
Error message: None
Warning: None
Information: None
Neutrons: 0
Number of spectral records in the parent file: 1
Record number of this spectrum in the parent file: 1
Date and time of acquisition read successfully from the original file: Yes
Live time read successfully from the original file: Yes
True time read successfully from the original file: Yes
GADRAS Tag character is:  
Version: 130122
Parent file type: Sandia GADRAS PCF
