$SPEC_ID:
131I,1uC{13,13.16}
$MEAS_TIM:
3600.00 3600.00
$DATE_MEA:
3/9/2018 5:22:25 PM
$DATA:
0 1193
56.314
52.394
50.165
150.061
118.726
97.736
81.282
69.654
62.766
57.349
55.110
53.767
53.140
53.606
54.372
55.402
57.114
60.151
64.487
69.845
74.973
80.423
83.844
84.710
85.390
85.773
85.352
83.934
81.858
80.404
79.705
79.562
79.473
78.354
77.285
76.213
75.195
74.007
72.275
70.423
68.558
66.702
64.896
63.057
61.676
61.230
61.365
61.673
62.024
62.852
64.144
65.465
66.390
66.626
66.094
64.835
62.973
60.700
58.206
55.627
53.096
50.745
48.600
46.581
44.679
42.933
41.332
39.829
38.363
36.864
35.319
33.742
32.136
30.496
28.832
27.166
25.592
24.296
23.362
22.623
21.917
21.243
20.642
20.122
19.668
19.274
18.948
18.697
18.513
18.386
18.305
18.260
18.242
18.247
18.270
18.271
18.177
17.936
17.568
17.112
16.600
16.066
15.538
15.041
14.595
14.219
13.922
13.709
13.586
13.561
13.637
13.851
14.269
14.962
15.971
17.313
18.999
20.985
23.185
25.501
27.710
29.496
30.554
30.763
30.153
28.759
26.679
24.075
21.109
17.960
14.821
11.889
9.313
7.122
5.323
3.916
2.860
2.098
1.571
1.228
1.015
0.884
0.794
0.733
0.692
0.665
0.646
0.631
0.619
0.608
0.596
0.585
0.574
0.563
0.553
0.544
0.535
0.528
0.523
0.518
0.514
0.512
0.511
0.510
0.510
0.510
0.511
0.511
0.510
0.507
0.504
0.498
0.491
0.482
0.472
0.461
0.449
0.437
0.425
0.413
0.402
0.391
0.382
0.373
0.366
0.359
0.354
0.349
0.344
0.341
0.339
0.337
0.337
0.338
0.340
0.345
0.351
0.361
0.375
0.394
0.419
0.449
0.486
0.531
0.583
0.642
0.706
0.775
0.846
0.919
0.990
1.058
1.118
1.169
1.209
1.236
1.247
1.242
1.220
1.181
1.130
1.066
0.993
0.914
0.830
0.745
0.661
0.582
0.509
0.442
0.384
0.334
0.294
0.263
0.241
0.225
0.216
0.212
0.212
0.216
0.221
0.227
0.232
0.237
0.240
0.242
0.241
0.237
0.230
0.222
0.211
0.198
0.184
0.169
0.154
0.137
0.122
0.106
0.092
0.078
0.065
0.054
0.044
0.036
0.029
0.023
0.018
0.013
0.010
0.008
0.006
0.004
0.003
0.002
0.001
0.001
0.001
0.000
0.000
0.000
0.000
0.000
0.000
0.000
-0.000
-0.000
-0.000
-0.000
-0.000
0.000
0.000
0.000
0.000
0.000
0.000
-0.000
-0.000
-0.000
-0.000
-0.000
-0.000
0.000
0.000
0.000
0
0
0
0
0
0
0
0
0
0
0
0
0
0
0
0
0
0
0
0
0
0
0
0
0
0
0
0
0
0
0
0
0
0
0
0
0
0
0
0
0
0
0
0
0
0
0
0
0
0
0
0
0
0
0
0
0
0
0
0
0
0
0
0
0
0
0
0
0
0
0
0
0
0
0
0
0
0
0
0
0
0
0
0
0
0
0
0
0
0
0
0
0
0
0
0
0
0
0
0
0
0
0
0
0
0
0
0
0
0
0
0
0
0
0
0
0
0
0
0
0
0
0
0
0
0
0
0
0
0
0
0
0
0
0
0
0
0
0
0
0
0
0
0
0
0
0
0
0
0
0
0
0
0
0
0
0
0
0
0
0
0
0
0
0
0
0
0
0
0
0
0
0
0
0
0
0
0
0
0
0
0
0
0
0
0
0
0
0
0
0
0
0
0
0
0
0
0
0
0
0
0
0
0
0
0
0
0
0
0
0
0
0
0
0
0
0
0
0
0
0
0
0
0
0
0
0
0
0
0
0
0
0
0
0
0
0
0
0
0
0
0
0
0
0
0
0
0
0
0
0
0
0
0
0
0
0
0
0
0
0
0
0
0
0
0
0
0
0
0
0
0
0
0
0
0
0
0
0
0
0
0
0
0
0
0
0
0
0
0
0
0
0
0
0
0
0
0
0
0
0
0
0
0
0
0
0
0
0
0
0
0
0
0
0
0
0
0
0
0
0
0
0
0
0
0
0
0
0
0
0
0
0
0
0
0
0
0
0
0
0
0
0
0
0
0
0
0
0
0
0
0
0
0
0
0
0
0
0
0
0
0
0
0
0
0
0
0
0
0
0
0
0
0
0
0
0
0
0
0
0
0
0
0
0
0
0
0
0
0
0
0
0
0
0
0
0
0
0
0
0
0
0
0
0
0
0
0
0
0
0
0
0
0
0
0
0
0
0
0
0
0
0
0
0
0
0
0
0
0
0
0
0
0
0
0
0
0
0
0
0
0
0
0
0
0
0
0
0
0
0
0
0
0
0
0
0
0
0
0
0
0
0
0
0
0
0
0
0
0
0
0
0
0
0
0
0
0
0
0
0
0
0
0
0
0
0
0
0
0
0
0
0
0
0
0
0
0
0
0
0
0
0
0
0
0
0
0
0
0
0
0
0
0
0
0
0
0
0
0
0
0
0
0
0
0
0
0
0
0
0
0
0
0
0
0
0
0
0
0
0
0
0
0
0
0
0
0
0
0
0
0
0
0
0
0
0
0
0
0
0
0
0
0
0
0
0
0
0
0
0
0
0
0
0
0
0
0
0
0
0
0
0
0
0
0
0
0
0
0
0
0
0
0
0
0
0
0
0
0
0
0
0
0
0
0
0
0
0
0
0
0
0
0
0
0
0
0
0
0
0
0
0
0
0
0
0
0
0
0
0
0
0
0
0
0
0
0
0
0
0
0
0
0
0
0
0
0
0
0
0
0
0
0
0
0
0
0
0
0
0
0
0
0
0
0
0
0
0
0
0
0
0
0
0
0
0
0
0
0
0
0
0
0
0
0
0
0
0
0
0
0
0
0
0
0
0
0
0
0
0
0
0
0
0
0
0
0
0
0
0
0
0
0
0
0
0
0
0
0
0
0
0
0
0
0
0
0
0
0
0
0
0
0
0
0
0
0
0
0
0
0
0
0
0
0
0
0
0
0
0
0
0
0
0
0
0
0
0
0
0
0
0
0
0
0
0
0
0
0
0
0
0
0
0
0
0
0
0
0
0
0
0
0
0
0
0
0
0
0
0
0
0
0
0
0
0
0
0
0
0
0
0
0
0
0
0
0
0
0
0
0
0
0
0
0
0
0
0
0
0
0
0
0
0
0
0
0
0
0
0
0
0
0
0
0
0
0
0
0
0
0
0
0
0
0
0
0
0
0
0
0
0
0
0
0
0
0
0
0
0
0
0
0
0
0
0
0
0
0
0
0
0
0
0
0
0
0
0
0
0
0
0
0
0
0
0
0
0
0
$MCA_CAL:
3
-1.4656616 2.9313233 0.00000000000000
$ENER_FIT:
-1.4656616 2.9313233 0.00000000000000
$MCA_CAL_DATA:
3
298 872
597 1749
896 2625
$CAMBIO:
Parent file specification: C:\GADRAS-DRF\Temp\131I_125.0_300.0_alum_13.16_8.5.pcf
Successful read of spectrum: Yes
Error message: None
Warning: None
Information: None
Neutrons: 0
Number of spectral records in the parent file: 1
Record number of this spectrum in the parent file: 1
Date and time of acquisition read successfully from the original file: Yes
Live time read successfully from the original file: Yes
True time read successfully from the original file: Yes
GADRAS Tag character is:  
Version: 130122
Parent file type: Sandia GADRAS PCF
