$SPEC_ID:
131I,1uC{26,1.53}
$MEAS_TIM:
3600.00 3600.00
$DATE_MEA:
3/9/2018 5:22:25 PM
$DATA:
0 1193
438.855
406.920
372.784
395.076
333.202
279.060
231.046
197.380
175.867
158.396
150.150
144.585
137.429
135.263
132.833
130.205
129.428
129.226
131.433
137.469
144.855
152.351
159.874
167.430
177.352
185.867
191.622
184.920
171.545
157.212
150.024
147.143
147.492
148.781
150.497
151.605
152.496
153.080
152.810
151.913
151.039
150.221
149.289
149.308
150.192
151.638
156.465
162.960
170.769
181.957
195.941
209.943
220.339
224.207
221.811
214.830
204.908
193.702
182.561
172.138
162.832
154.885
148.304
143.000
138.836
135.677
133.353
131.509
129.678
127.285
124.043
120.095
115.738
111.331
106.725
101.574
96.336
91.700
87.675
84.045
80.682
77.498
74.514
71.776
69.302
67.125
65.411
64.374
64.123
64.704
66.138
68.415
71.363
74.600
77.652
79.864
80.640
79.827
77.426
73.757
69.351
64.724
60.351
56.636
53.665
51.423
49.854
48.865
48.400
48.540
49.407
51.405
55.157
61.355
70.862
84.574
102.870
125.593
152.346
181.393
210.508
237.053
257.529
268.381
268.183
257.645
237.729
210.657
179.294
146.446
114.548
85.941
62.328
43.676
29.643
19.719
13.056
8.769
6.123
4.619
3.783
3.285
3.003
2.835
2.711
2.614
2.530
2.450
2.371
2.293
2.214
2.136
2.062
1.992
1.928
1.872
1.825
1.787
1.760
1.744
1.738
1.744
1.759
1.785
1.817
1.853
1.892
1.928
1.956
1.970
1.967
1.948
1.911
1.858
1.791
1.712
1.624
1.532
1.439
1.351
1.270
1.198
1.135
1.081
1.035
0.998
0.967
0.941
0.920
0.903
0.889
0.879
0.872
0.870
0.875
0.889
0.917
0.963
1.032
1.131
1.270
1.459
1.706
2.018
2.400
2.858
3.395
4.002
4.664
5.366
6.092
6.811
7.487
8.084
8.569
8.921
9.123
9.158
9.013
8.700
8.245
7.672
7.007
6.280
5.524
4.773
4.061
3.410
2.828
2.325
1.909
1.584
1.343
1.178
1.079
1.038
1.046
1.091
1.165
1.256
1.356
1.457
1.551
1.631
1.689
1.724
1.734
1.718
1.674
1.604
1.513
1.405
1.284
1.154
1.020
0.886
0.757
0.636
0.527
0.429
0.343
0.270
0.209
0.159
0.119
0.088
0.064
0.045
0.032
0.022
0.015
0.010
0.006
0.004
0.003
0.002
0.001
0.001
0.000
0.000
0.000
-0.000
-0.000
-0.000
-0.000
0.000
0.000
0.000
0.000
0.000
0.000
0.000
0.000
0
0
0
0
0
0
0
0
0
0
0
0
0
0
0
0
0
0
0
0
0
0
0
0
0
0
0
0
0
0
0
0
0
0
0
0
0
0
0
0
0
0
0
0
0
0
0
0
0
0
0
0
0
0
0
0
0
0
0
0
0
0
0
0
0
0
0
0
0
0
0
0
0
0
0
0
0
0
0
0
0
0
0
0
0
0
0
0
0
0
0
0
0
0
0
0
0
0
0
0
0
0
0
0
0
0
0
0
0
0
0
0
0
0
0
0
0
0
0
0
0
0
0
0
0
0
0
0
0
0
0
0
0
0
0
0
0
0
0
0
0
0
0
0
0
0
0
0
0
0
0
0
0
0
0
0
0
0
0
0
0
0
0
0
0
0
0
0
0
0
0
0
0
0
0
0
0
0
0
0
0
0
0
0
0
0
0
0
0
0
0
0
0
0
0
0
0
0
0
0
0
0
0
0
0
0
0
0
0
0
0
0
0
0
0
0
0
0
0
0
0
0
0
0
0
0
0
0
0
0
0
0
0
0
0
0
0
0
0
0
0
0
0
0
0
0
0
0
0
0
0
0
0
0
0
0
0
0
0
0
0
0
0
0
0
0
0
0
0
0
0
0
0
0
0
0
0
0
0
0
0
0
0
0
0
0
0
0
0
0
0
0
0
0
0
0
0
0
0
0
0
0
0
0
0
0
0
0
0
0
0
0
0
0
0
0
0
0
0
0
0
0
0
0
0
0
0
0
0
0
0
0
0
0
0
0
0
0
0
0
0
0
0
0
0
0
0
0
0
0
0
0
0
0
0
0
0
0
0
0
0
0
0
0
0
0
0
0
0
0
0
0
0
0
0
0
0
0
0
0
0
0
0
0
0
0
0
0
0
0
0
0
0
0
0
0
0
0
0
0
0
0
0
0
0
0
0
0
0
0
0
0
0
0
0
0
0
0
0
0
0
0
0
0
0
0
0
0
0
0
0
0
0
0
0
0
0
0
0
0
0
0
0
0
0
0
0
0
0
0
0
0
0
0
0
0
0
0
0
0
0
0
0
0
0
0
0
0
0
0
0
0
0
0
0
0
0
0
0
0
0
0
0
0
0
0
0
0
0
0
0
0
0
0
0
0
0
0
0
0
0
0
0
0
0
0
0
0
0
0
0
0
0
0
0
0
0
0
0
0
0
0
0
0
0
0
0
0
0
0
0
0
0
0
0
0
0
0
0
0
0
0
0
0
0
0
0
0
0
0
0
0
0
0
0
0
0
0
0
0
0
0
0
0
0
0
0
0
0
0
0
0
0
0
0
0
0
0
0
0
0
0
0
0
0
0
0
0
0
0
0
0
0
0
0
0
0
0
0
0
0
0
0
0
0
0
0
0
0
0
0
0
0
0
0
0
0
0
0
0
0
0
0
0
0
0
0
0
0
0
0
0
0
0
0
0
0
0
0
0
0
0
0
0
0
0
0
0
0
0
0
0
0
0
0
0
0
0
0
0
0
0
0
0
0
0
0
0
0
0
0
0
0
0
0
0
0
0
0
0
0
0
0
0
0
0
0
0
0
0
0
0
0
0
0
0
0
0
0
0
0
0
0
0
0
0
0
0
0
0
0
0
0
0
0
0
0
0
0
0
0
0
0
0
0
0
0
0
0
0
0
0
0
0
0
0
0
0
0
0
0
0
0
0
0
0
0
0
0
0
0
0
0
0
0
0
0
0
0
0
0
0
0
0
0
0
0
0
0
0
0
0
0
0
0
0
0
0
0
0
0
0
0
0
0
0
0
0
0
0
0
0
0
0
0
0
0
0
0
0
0
0
0
0
0
0
0
0
0
0
0
0
0
0
0
0
0
0
0
0
0
0
0
0
0
0
0
0
0
0
0
0
0
0
0
0
0
0
0
0
0
0
0
0
0
0
0
0
0
0
0
0
0
0
0
0
0
0
0
0
0
0
0
0
0
0
0
0
0
0
0
0
0
0
0
0
0
0
0
0
0
0
0
0
0
0
0
0
0
0
0
0
0
0
0
0
0
0
0
0
0
$MCA_CAL:
3
-1.4656616 2.9313233 0.00000000000000
$ENER_FIT:
-1.4656616 2.9313233 0.00000000000000
$MCA_CAL_DATA:
3
298 872
597 1749
896 2625
$CAMBIO:
Parent file specification: C:\GADRAS-DRF\Temp\131I_50.0_175.0_iron_1.53_7.5.pcf
Successful read of spectrum: Yes
Error message: None
Warning: None
Information: None
Neutrons: 0
Number of spectral records in the parent file: 1
Record number of this spectrum in the parent file: 1
Date and time of acquisition read successfully from the original file: Yes
Live time read successfully from the original file: Yes
True time read successfully from the original file: Yes
GADRAS Tag character is:  
Version: 130122
Parent file type: Sandia GADRAS PCF
