$SPEC_ID:
131I,1uC{13,4.18}
$MEAS_TIM:
3600.00 3600.00
$DATE_MEA:
3/9/2018 5:22:25 PM
$DATA:
0 1193
427.818
396.946
367.056
475.832
430.946
361.514
302.788
260.346
233.211
212.059
202.896
194.312
185.937
183.164
181.679
181.961
185.475
191.674
201.841
216.208
231.785
248.927
264.570
276.486
293.057
309.352
317.776
312.138
295.151
275.532
261.609
255.727
254.008
252.873
252.375
252.011
251.749
251.414
250.603
249.368
248.568
248.377
247.458
247.992
251.788
256.967
264.333
275.355
288.010
301.362
316.004
328.422
333.978
331.540
321.821
307.460
290.855
273.852
257.552
242.480
228.880
216.853
206.504
197.902
190.731
184.487
178.832
173.535
168.306
162.824
157.088
151.412
145.959
140.606
135.309
130.337
126.010
122.452
119.698
117.653
116.078
114.788
113.816
113.231
113.098
113.478
114.441
116.080
118.489
121.669
125.564
130.054
134.787
139.364
143.318
146.099
147.177
146.436
143.997
140.050
135.015
129.401
123.697
118.328
113.719
110.211
108.009
107.298
108.302
111.324
116.666
124.842
136.671
153.018
174.392
200.705
231.786
266.965
304.301
341.643
376.694
406.375
427.457
436.980
434.501
420.739
396.474
363.366
323.959
280.869
236.594
193.417
153.551
119.074
90.457
67.276
49.100
35.394
25.416
18.404
13.610
10.474
8.545
7.376
6.596
6.078
5.740
5.504
5.316
5.163
5.031
4.909
4.793
4.685
4.587
4.502
4.430
4.372
4.331
4.305
4.295
4.297
4.311
4.333
4.360
4.389
4.415
4.435
4.444
4.438
4.413
4.366
4.297
4.208
4.103
3.982
3.849
3.710
3.568
3.429
3.295
3.168
3.050
2.944
2.850
2.768
2.699
2.643
2.598
2.568
2.553
2.556
2.579
2.626
2.702
2.813
2.966
3.167
3.424
3.748
4.148
4.634
5.210
5.872
6.614
7.432
8.318
9.256
10.220
11.185
12.124
13.014
13.822
14.517
15.071
15.450
15.631
15.616
15.413
15.030
14.477
13.766
12.929
11.999
11.009
9.994
8.983
8.000
7.067
6.206
5.440
4.784
4.237
3.793
3.443
3.183
3.005
2.896
2.844
2.835
2.854
2.890
2.931
2.971
3.000
3.013
3.000
2.958
2.889
2.794
2.676
2.536
2.377
2.204
2.020
1.830
1.640
1.454
1.275
1.105
0.946
0.800
0.668
0.552
0.452
0.366
0.293
0.231
0.181
0.139
0.106
0.080
0.060
0.045
0.033
0.023
0.017
0.012
0.008
0.006
0.004
0.002
0.001
0.001
0.000
0.000
-0.000
-0.000
-0.000
-0.000
-0.000
-0.000
0.000
0.000
0.000
0.000
0.000
0.000
-0.000
-0.000
-0.000
-0.000
-0.000
-0.000
0.000
0.000
0.000
0
0
0
0
0
0
0
0
0
0
0
0
0
0
0
0
0
0
0
0
0
0
0
0
0
0
0
0
0
0
0
0
0
0
0
0
0
0
0
0
0
0
0
0
0
0
0
0
0
0
0
0
0
0
0
0
0
0
0
0
0
0
0
0
0
0
0
0
0
0
0
0
0
0
0
0
0
0
0
0
0
0
0
0
0
0
0
0
0
0
0
0
0
0
0
0
0
0
0
0
0
0
0
0
0
0
0
0
0
0
0
0
0
0
0
0
0
0
0
0
0
0
0
0
0
0
0
0
0
0
0
0
0
0
0
0
0
0
0
0
0
0
0
0
0
0
0
0
0
0
0
0
0
0
0
0
0
0
0
0
0
0
0
0
0
0
0
0
0
0
0
0
0
0
0
0
0
0
0
0
0
0
0
0
0
0
0
0
0
0
0
0
0
0
0
0
0
0
0
0
0
0
0
0
0
0
0
0
0
0
0
0
0
0
0
0
0
0
0
0
0
0
0
0
0
0
0
0
0
0
0
0
0
0
0
0
0
0
0
0
0
0
0
0
0
0
0
0
0
0
0
0
0
0
0
0
0
0
0
0
0
0
0
0
0
0
0
0
0
0
0
0
0
0
0
0
0
0
0
0
0
0
0
0
0
0
0
0
0
0
0
0
0
0
0
0
0
0
0
0
0
0
0
0
0
0
0
0
0
0
0
0
0
0
0
0
0
0
0
0
0
0
0
0
0
0
0
0
0
0
0
0
0
0
0
0
0
0
0
0
0
0
0
0
0
0
0
0
0
0
0
0
0
0
0
0
0
0
0
0
0
0
0
0
0
0
0
0
0
0
0
0
0
0
0
0
0
0
0
0
0
0
0
0
0
0
0
0
0
0
0
0
0
0
0
0
0
0
0
0
0
0
0
0
0
0
0
0
0
0
0
0
0
0
0
0
0
0
0
0
0
0
0
0
0
0
0
0
0
0
0
0
0
0
0
0
0
0
0
0
0
0
0
0
0
0
0
0
0
0
0
0
0
0
0
0
0
0
0
0
0
0
0
0
0
0
0
0
0
0
0
0
0
0
0
0
0
0
0
0
0
0
0
0
0
0
0
0
0
0
0
0
0
0
0
0
0
0
0
0
0
0
0
0
0
0
0
0
0
0
0
0
0
0
0
0
0
0
0
0
0
0
0
0
0
0
0
0
0
0
0
0
0
0
0
0
0
0
0
0
0
0
0
0
0
0
0
0
0
0
0
0
0
0
0
0
0
0
0
0
0
0
0
0
0
0
0
0
0
0
0
0
0
0
0
0
0
0
0
0
0
0
0
0
0
0
0
0
0
0
0
0
0
0
0
0
0
0
0
0
0
0
0
0
0
0
0
0
0
0
0
0
0
0
0
0
0
0
0
0
0
0
0
0
0
0
0
0
0
0
0
0
0
0
0
0
0
0
0
0
0
0
0
0
0
0
0
0
0
0
0
0
0
0
0
0
0
0
0
0
0
0
0
0
0
0
0
0
0
0
0
0
0
0
0
0
0
0
0
0
0
0
0
0
0
0
0
0
0
0
0
0
0
0
0
0
0
0
0
0
0
0
0
0
0
0
0
0
0
0
0
0
0
0
0
0
0
0
0
0
0
0
0
0
0
0
0
0
0
0
0
0
0
0
0
0
0
0
0
0
0
0
0
0
0
0
0
0
0
0
0
0
0
0
0
0
0
0
0
0
0
0
0
0
0
0
0
0
0
0
0
0
0
0
0
0
0
0
0
0
0
0
0
0
0
0
0
0
0
0
0
0
0
0
0
0
0
0
0
0
0
0
0
0
0
0
0
0
0
0
0
0
0
0
0
0
0
0
0
0
0
0
0
0
0
0
0
0
0
0
0
0
0
0
0
0
0
0
0
0
0
0
0
0
0
0
0
0
0
0
0
0
0
0
0
0
0
0
0
0
0
0
0
0
0
0
0
0
0
0
0
0
0
0
0
0
0
0
0
0
0
0
0
0
0
0
0
$MCA_CAL:
3
-1.4656616 2.9313233 0.00000000000000
$ENER_FIT:
-1.4656616 2.9313233 0.00000000000000
$MCA_CAL_DATA:
3
298 872
597 1749
896 2625
$CAMBIO:
Parent file specification: C:\GADRAS-DRF\Temp\131I_100.0_112.5_alum_4.18_9.0.pcf
Successful read of spectrum: Yes
Error message: None
Warning: None
Information: None
Neutrons: 0
Number of spectral records in the parent file: 1
Record number of this spectrum in the parent file: 1
Date and time of acquisition read successfully from the original file: Yes
Live time read successfully from the original file: Yes
True time read successfully from the original file: Yes
GADRAS Tag character is:  
Version: 130122
Parent file type: Sandia GADRAS PCF
