$SPEC_ID:
131I,1uC{0,0}
$MEAS_TIM:
3600.00 3600.00
$DATE_MEA:
3/9/2018 5:22:25 PM
$DATA:
0 1193
1879.334
1777.727
1563.484
1331.308
1145.357
993.641
851.647
757.518
999.803
2430.169
2647.825
1249.405
653.300
485.876
459.783
455.349
460.372
458.353
445.519
443.234
455.454
477.421
515.208
583.845
709.670
898.280
1073.505
1071.354
870.580
626.047
483.332
430.907
422.681
428.755
436.125
440.451
442.645
445.356
445.565
444.897
444.136
443.948
442.152
441.636
446.489
449.799
470.101
502.479
536.950
574.995
614.827
631.755
615.519
578.788
539.392
508.923
491.614
485.626
487.635
493.554
499.074
501.546
500.179
495.985
490.395
484.414
477.964
469.789
458.273
443.329
425.394
405.355
387.277
375.780
367.073
357.355
349.879
346.272
344.327
343.073
342.883
343.640
344.950
346.557
348.405
351.139
355.845
364.535
379.656
404.297
441.253
491.073
552.669
619.810
684.268
735.733
763.649
763.705
735.317
684.149
620.753
554.821
494.722
446.370
410.385
386.208
371.406
363.131
360.099
362.135
371.380
393.518
435.858
511.463
634.820
820.638
1083.688
1431.533
1854.334
2336.855
2837.409
3298.822
3666.677
3892.046
3930.864
3781.640
3469.985
3029.898
2518.450
1996.601
1509.176
1084.806
747.302
495.044
316.026
197.366
124.014
80.665
55.943
43.314
36.775
33.197
31.382
30.265
29.411
28.633
27.785
26.880
25.974
25.103
24.249
23.389
22.517
21.677
20.921
20.285
19.775
19.393
19.144
19.042
19.103
19.331
19.714
20.234
20.868
21.581
22.333
23.075
23.718
24.155
24.290
24.104
23.615
22.846
21.838
20.648
19.336
17.964
16.600
15.314
14.164
13.165
12.315
11.612
11.043
10.582
10.204
9.888
9.624
9.403
9.217
9.064
8.946
8.864
8.833
8.891
9.081
9.451
10.088
11.105
12.618
14.754
17.682
21.576
26.611
32.878
40.386
49.147
59.128
70.026
81.427
92.921
104.029
114.130
122.574
128.701
132.099
132.717
130.547
125.577
118.099
108.680
97.906
86.349
74.527
62.938
52.064
42.362
34.005
27.017
21.417
17.212
14.293
12.494
11.651
11.600
12.195
13.298
14.772
16.479
18.294
20.090
21.744
23.139
24.193
24.860
25.094
24.853
24.139
23.018
21.554
19.814
17.870
15.806
13.712
11.673
9.765
8.019
6.453
5.087
3.936
2.994
2.234
1.635
1.171
0.821
0.565
0.384
0.257
0.167
0.106
0.066
0.042
0.026
0.014
0.007
0.002
0.000
-0.001
-0.001
-0.001
-0.000
0.000
0.000
0.000
0.000
0.000
-0.000
-0.000
-0.000
-0.000
0.000
0.000
0.000
0
0
0
0
0
0
0
0
0
0
0
0
0
0
0
0
0
0
0
0
0
0
0
0
0
0
0
0
0
0
0
0
0
0
0
0
0
0
0
0
0
0
0
0
0
0
0
0
0
0
0
0
0
0
0
0
0
0
0
0
0
0
0
0
0
0
0
0
0
0
0
0
0
0
0
0
0
0
0
0
0
0
0
0
0
0
0
0
0
0
0
0
0
0
0
0
0
0
0
0
0
0
0
0
0
0
0
0
0
0
0
0
0
0
0
0
0
0
0
0
0
0
0
0
0
0
0
0
0
0
0
0
0
0
0
0
0
0
0
0
0
0
0
0
0
0
0
0
0
0
0
0
0
0
0
0
0
0
0
0
0
0
0
0
0
0
0
0
0
0
0
0
0
0
0
0
0
0
0
0
0
0
0
0
0
0
0
0
0
0
0
0
0
0
0
0
0
0
0
0
0
0
0
0
0
0
0
0
0
0
0
0
0
0
0
0
0
0
0
0
0
0
0
0
0
0
0
0
0
0
0
0
0
0
0
0
0
0
0
0
0
0
0
0
0
0
0
0
0
0
0
0
0
0
0
0
0
0
0
0
0
0
0
0
0
0
0
0
0
0
0
0
0
0
0
0
0
0
0
0
0
0
0
0
0
0
0
0
0
0
0
0
0
0
0
0
0
0
0
0
0
0
0
0
0
0
0
0
0
0
0
0
0
0
0
0
0
0
0
0
0
0
0
0
0
0
0
0
0
0
0
0
0
0
0
0
0
0
0
0
0
0
0
0
0
0
0
0
0
0
0
0
0
0
0
0
0
0
0
0
0
0
0
0
0
0
0
0
0
0
0
0
0
0
0
0
0
0
0
0
0
0
0
0
0
0
0
0
0
0
0
0
0
0
0
0
0
0
0
0
0
0
0
0
0
0
0
0
0
0
0
0
0
0
0
0
0
0
0
0
0
0
0
0
0
0
0
0
0
0
0
0
0
0
0
0
0
0
0
0
0
0
0
0
0
0
0
0
0
0
0
0
0
0
0
0
0
0
0
0
0
0
0
0
0
0
0
0
0
0
0
0
0
0
0
0
0
0
0
0
0
0
0
0
0
0
0
0
0
0
0
0
0
0
0
0
0
0
0
0
0
0
0
0
0
0
0
0
0
0
0
0
0
0
0
0
0
0
0
0
0
0
0
0
0
0
0
0
0
0
0
0
0
0
0
0
0
0
0
0
0
0
0
0
0
0
0
0
0
0
0
0
0
0
0
0
0
0
0
0
0
0
0
0
0
0
0
0
0
0
0
0
0
0
0
0
0
0
0
0
0
0
0
0
0
0
0
0
0
0
0
0
0
0
0
0
0
0
0
0
0
0
0
0
0
0
0
0
0
0
0
0
0
0
0
0
0
0
0
0
0
0
0
0
0
0
0
0
0
0
0
0
0
0
0
0
0
0
0
0
0
0
0
0
0
0
0
0
0
0
0
0
0
0
0
0
0
0
0
0
0
0
0
0
0
0
0
0
0
0
0
0
0
0
0
0
0
0
0
0
0
0
0
0
0
0
0
0
0
0
0
0
0
0
0
0
0
0
0
0
0
0
0
0
0
0
0
0
0
0
0
0
0
0
0
0
0
0
0
0
0
0
0
0
0
0
0
0
0
0
0
0
0
0
0
0
0
0
0
0
0
0
0
0
0
0
0
0
0
0
0
0
0
0
0
0
0
0
0
0
0
0
0
0
0
0
0
0
0
0
0
0
0
0
0
0
0
0
0
0
0
0
0
0
0
0
0
0
0
0
0
0
0
0
0
0
0
0
0
0
0
0
0
0
0
0
0
0
0
0
0
0
0
0
0
0
0
0
0
0
0
0
0
0
0
0
0
0
0
0
0
0
0
0
0
0
0
0
0
0
0
0
0
0
0
0
0
0
0
0
0
0
0
0
0
0
0
0
0
0
0
0
0
0
0
0
0
0
0
0
0
0
0
0
0
0
0
0
0
0
0
0
0
0
0
0
0
0
0
0
0
0
0
0
0
0
0
0
0
0
$MCA_CAL:
3
-1.4656616 2.9313233 0.00000000000000
$ENER_FIT:
-1.4656616 2.9313233 0.00000000000000
$MCA_CAL_DATA:
3
298 872
597 1749
896 2625
$CAMBIO:
Parent file specification: C:\GADRAS-DRF\Temp\131I_125.0_50.0_none_0_7.0.pcf
Successful read of spectrum: Yes
Error message: None
Warning: None
Information: None
Neutrons: 0
Number of spectral records in the parent file: 1
Record number of this spectrum in the parent file: 1
Date and time of acquisition read successfully from the original file: Yes
Live time read successfully from the original file: Yes
True time read successfully from the original file: Yes
GADRAS Tag character is:  
Version: 130122
Parent file type: Sandia GADRAS PCF
