$SPEC_ID:
131I,1uC{13,4.18}
$MEAS_TIM:
3600.00 3600.00
$DATE_MEA:
3/9/2018 5:22:25 PM
$DATA:
0 1193
1281.157
1169.502
1061.808
1242.711
1117.624
955.690
813.098
705.085
633.452
578.775
552.154
520.547
490.863
479.303
475.877
482.402
498.474
520.769
546.827
580.679
619.276
666.567
717.669
769.201
840.481
915.593
963.402
957.014
898.385
824.246
769.734
746.699
743.200
745.269
749.646
753.306
756.749
760.143
762.306
763.343
765.058
767.835
768.922
772.295
780.866
790.065
802.813
823.427
845.612
865.730
884.537
894.528
887.286
866.499
838.829
811.188
787.682
769.123
755.056
744.196
735.084
726.330
717.461
708.456
699.042
688.805
677.466
664.862
650.831
635.259
618.809
602.910
588.401
575.058
562.752
551.896
542.996
536.141
531.247
528.004
525.865
524.400
523.691
523.913
525.478
528.960
534.909
543.799
556.086
571.877
591.067
613.201
636.578
659.225
678.845
692.736
698.293
694.914
683.170
663.951
639.340
611.846
583.901
557.643
535.204
518.324
508.040
505.321
511.294
527.452
555.292
597.410
658.018
741.553
850.671
984.993
1143.732
1323.498
1514.335
1705.183
1884.322
2036.347
2145.158
2195.984
2186.371
2119.572
1999.138
1833.347
1635.212
1418.127
1194.860
976.984
775.720
601.593
457.016
339.865
247.996
178.714
128.283
92.839
68.610
52.756
43.009
37.102
33.169
30.559
28.863
27.674
26.730
25.959
25.295
24.680
24.097
23.554
23.064
22.634
22.272
21.984
21.776
21.650
21.599
21.614
21.684
21.799
21.940
22.087
22.221
22.323
22.370
22.342
22.218
21.981
21.635
21.189
20.655
20.044
19.375
18.671
17.955
17.251
16.572
15.930
15.336
14.797
14.322
13.909
13.560
13.272
13.047
12.892
12.817
12.832
12.947
13.182
13.565
14.127
14.898
15.912
17.213
18.849
20.871
23.326
26.239
29.585
33.340
37.473
41.953
46.697
51.573
56.453
61.206
65.705
69.792
73.313
76.115
78.037
78.956
78.882
77.862
75.933
73.140
69.551
65.324
60.627
55.624
50.492
45.383
40.416
35.701
31.352
27.479
24.165
21.400
19.152
17.386
16.071
15.170
14.621
14.357
14.309
14.409
14.589
14.798
14.998
15.149
15.213
15.149
14.939
14.590
14.112
13.515
12.810
12.008
11.130
10.201
9.245
8.284
7.344
6.440
5.581
4.778
4.040
3.375
2.790
2.283
1.848
1.479
1.169
0.913
0.704
0.537
0.406
0.304
0.225
0.165
0.119
0.084
0.059
0.041
0.028
0.019
0.012
0.007
0.004
0.001
0.000
-0.001
-0.001
-0.001
-0.001
-0.000
-0.000
0.000
0.000
0.000
0.000
0.000
0.000
-0.000
-0.000
-0.000
-0.000
-0.000
-0.000
0.000
0.000
0.000
0
0
0
0
0
0
0
0
0
0
0
0
0
0
0
0
0
0
0
0
0
0
0
0
0
0
0
0
0
0
0
0
0
0
0
0
0
0
0
0
0
0
0
0
0
0
0
0
0
0
0
0
0
0
0
0
0
0
0
0
0
0
0
0
0
0
0
0
0
0
0
0
0
0
0
0
0
0
0
0
0
0
0
0
0
0
0
0
0
0
0
0
0
0
0
0
0
0
0
0
0
0
0
0
0
0
0
0
0
0
0
0
0
0
0
0
0
0
0
0
0
0
0
0
0
0
0
0
0
0
0
0
0
0
0
0
0
0
0
0
0
0
0
0
0
0
0
0
0
0
0
0
0
0
0
0
0
0
0
0
0
0
0
0
0
0
0
0
0
0
0
0
0
0
0
0
0
0
0
0
0
0
0
0
0
0
0
0
0
0
0
0
0
0
0
0
0
0
0
0
0
0
0
0
0
0
0
0
0
0
0
0
0
0
0
0
0
0
0
0
0
0
0
0
0
0
0
0
0
0
0
0
0
0
0
0
0
0
0
0
0
0
0
0
0
0
0
0
0
0
0
0
0
0
0
0
0
0
0
0
0
0
0
0
0
0
0
0
0
0
0
0
0
0
0
0
0
0
0
0
0
0
0
0
0
0
0
0
0
0
0
0
0
0
0
0
0
0
0
0
0
0
0
0
0
0
0
0
0
0
0
0
0
0
0
0
0
0
0
0
0
0
0
0
0
0
0
0
0
0
0
0
0
0
0
0
0
0
0
0
0
0
0
0
0
0
0
0
0
0
0
0
0
0
0
0
0
0
0
0
0
0
0
0
0
0
0
0
0
0
0
0
0
0
0
0
0
0
0
0
0
0
0
0
0
0
0
0
0
0
0
0
0
0
0
0
0
0
0
0
0
0
0
0
0
0
0
0
0
0
0
0
0
0
0
0
0
0
0
0
0
0
0
0
0
0
0
0
0
0
0
0
0
0
0
0
0
0
0
0
0
0
0
0
0
0
0
0
0
0
0
0
0
0
0
0
0
0
0
0
0
0
0
0
0
0
0
0
0
0
0
0
0
0
0
0
0
0
0
0
0
0
0
0
0
0
0
0
0
0
0
0
0
0
0
0
0
0
0
0
0
0
0
0
0
0
0
0
0
0
0
0
0
0
0
0
0
0
0
0
0
0
0
0
0
0
0
0
0
0
0
0
0
0
0
0
0
0
0
0
0
0
0
0
0
0
0
0
0
0
0
0
0
0
0
0
0
0
0
0
0
0
0
0
0
0
0
0
0
0
0
0
0
0
0
0
0
0
0
0
0
0
0
0
0
0
0
0
0
0
0
0
0
0
0
0
0
0
0
0
0
0
0
0
0
0
0
0
0
0
0
0
0
0
0
0
0
0
0
0
0
0
0
0
0
0
0
0
0
0
0
0
0
0
0
0
0
0
0
0
0
0
0
0
0
0
0
0
0
0
0
0
0
0
0
0
0
0
0
0
0
0
0
0
0
0
0
0
0
0
0
0
0
0
0
0
0
0
0
0
0
0
0
0
0
0
0
0
0
0
0
0
0
0
0
0
0
0
0
0
0
0
0
0
0
0
0
0
0
0
0
0
0
0
0
0
0
0
0
0
0
0
0
0
0
0
0
0
0
0
0
0
0
0
0
0
0
0
0
0
0
0
0
0
0
0
0
0
0
0
0
0
0
0
0
0
0
0
0
0
0
0
0
0
0
0
0
0
0
0
0
0
0
0
0
0
0
0
0
0
0
0
0
0
0
0
0
0
0
0
0
0
0
0
0
0
0
0
0
0
0
0
0
0
0
0
0
0
0
0
0
0
0
0
0
0
0
0
0
0
0
0
0
0
0
0
0
0
0
0
0
0
0
0
0
0
0
0
0
0
0
0
0
0
0
0
0
0
0
0
0
0
0
0
0
0
0
0
0
0
0
0
0
0
0
0
0
0
0
0
0
0
0
0
0
0
0
0
0
0
0
0
0
0
0
0
0
$MCA_CAL:
3
-1.4656616 2.9313233 0.00000000000000
$ENER_FIT:
-1.4656616 2.9313233 0.00000000000000
$MCA_CAL_DATA:
3
298 872
597 1749
896 2625
$CAMBIO:
Parent file specification: C:\GADRAS-DRF\Temp\131I_100.0_50.0_alum_4.18_9.0.pcf
Successful read of spectrum: Yes
Error message: None
Warning: None
Information: None
Neutrons: 0
Number of spectral records in the parent file: 1
Record number of this spectrum in the parent file: 1
Date and time of acquisition read successfully from the original file: Yes
Live time read successfully from the original file: Yes
True time read successfully from the original file: Yes
GADRAS Tag character is:  
Version: 130122
Parent file type: Sandia GADRAS PCF
