$SPEC_ID:
131I,1uC{0,0}
$MEAS_TIM:
3600.00 3600.00
$DATE_MEA:
3/9/2018 5:22:25 PM
$DATA:
0 1193
1841.450
1748.307
1520.505
1292.051
1109.001
963.300
826.840
726.571
857.161
2502.722
2784.746
1159.264
611.299
463.134
442.194
435.840
445.860
449.704
431.460
424.098
435.403
454.159
488.906
547.357
658.787
864.808
1111.771
1132.192
858.100
564.674
434.676
403.312
403.413
411.887
421.157
424.805
426.767
429.040
429.300
428.766
427.873
427.157
425.092
423.214
424.367
424.945
438.135
469.667
500.515
541.692
587.021
605.377
581.996
535.949
495.107
468.160
457.871
461.494
473.118
486.690
496.817
500.523
498.285
492.925
487.300
482.812
478.287
471.148
460.413
445.526
426.144
403.120
384.167
372.895
362.622
353.355
346.962
342.924
340.985
340.849
341.570
342.689
344.162
345.552
346.603
347.544
349.238
353.145
361.690
378.692
410.005
460.085
530.999
617.509
708.794
785.428
828.953
828.247
783.013
707.204
617.832
533.345
464.490
415.778
385.528
368.627
359.901
354.635
351.212
349.405
349.472
352.692
365.486
397.600
467.466
598.049
817.667
1156.057
1624.181
2218.015
2892.504
3563.946
4135.275
4492.776
4559.260
4338.071
3859.216
3214.527
2508.235
1826.995
1246.768
801.256
484.481
281.301
161.108
93.700
59.802
43.888
36.675
33.830
32.289
31.371
30.729
30.154
29.509
28.734
27.879
26.996
26.096
25.181
24.247
23.296
22.334
21.410
20.583
19.890
19.326
18.888
18.579
18.406
18.383
18.542
18.916
19.514
20.321
21.315
22.426
23.571
24.639
25.461
25.861
25.758
25.181
24.169
22.803
21.191
19.443
17.681
16.032
14.597
13.392
12.414
11.648
11.058
10.606
10.255
9.977
9.745
9.539
9.350
9.170
8.996
8.830
8.676
8.539
8.429
8.354
8.346
8.465
8.772
9.375
10.451
12.184
14.797
18.601
23.918
31.021
40.042
51.076
64.131
78.727
94.237
109.978
124.913
137.798
147.390
152.927
154.146
150.822
143.057
131.727
117.802
102.266
86.098
70.285
55.801
43.152
32.461
23.840
17.295
12.579
9.415
7.533
6.726
6.819
7.637
9.038
10.924
13.204
15.778
18.505
21.221
23.766
25.985
27.729
28.849
29.213
28.825
27.748
26.050
23.824
21.231
18.442
15.624
12.904
10.368
8.105
6.188
4.612
3.347
2.363
1.624
1.089
0.713
0.454
0.279
0.167
0.100
0.059
0.032
0.017
0.009
0.005
0.002
0.001
-0.000
-0.000
-0.000
-0.000
0.000
0.000
0.000
0
0
0
0
0
0
0
0
0
0
0
0
0
0
0
0
0
0
0
0
0
0
0
0
0
0
0
0
0
0
0
0
0
0
0
0
0
0
0
0
0
0
0
0
0
0
0
0
0
0
0
0
0
0
0
0
0
0
0
0
0
0
0
0
0
0
0
0
0
0
0
0
0
0
0
0
0
0
0
0
0
0
0
0
0
0
0
0
0
0
0
0
0
0
0
0
0
0
0
0
0
0
0
0
0
0
0
0
0
0
0
0
0
0
0
0
0
0
0
0
0
0
0
0
0
0
0
0
0
0
0
0
0
0
0
0
0
0
0
0
0
0
0
0
0
0
0
0
0
0
0
0
0
0
0
0
0
0
0
0
0
0
0
0
0
0
0
0
0
0
0
0
0
0
0
0
0
0
0
0
0
0
0
0
0
0
0
0
0
0
0
0
0
0
0
0
0
0
0
0
0
0
0
0
0
0
0
0
0
0
0
0
0
0
0
0
0
0
0
0
0
0
0
0
0
0
0
0
0
0
0
0
0
0
0
0
0
0
0
0
0
0
0
0
0
0
0
0
0
0
0
0
0
0
0
0
0
0
0
0
0
0
0
0
0
0
0
0
0
0
0
0
0
0
0
0
0
0
0
0
0
0
0
0
0
0
0
0
0
0
0
0
0
0
0
0
0
0
0
0
0
0
0
0
0
0
0
0
0
0
0
0
0
0
0
0
0
0
0
0
0
0
0
0
0
0
0
0
0
0
0
0
0
0
0
0
0
0
0
0
0
0
0
0
0
0
0
0
0
0
0
0
0
0
0
0
0
0
0
0
0
0
0
0
0
0
0
0
0
0
0
0
0
0
0
0
0
0
0
0
0
0
0
0
0
0
0
0
0
0
0
0
0
0
0
0
0
0
0
0
0
0
0
0
0
0
0
0
0
0
0
0
0
0
0
0
0
0
0
0
0
0
0
0
0
0
0
0
0
0
0
0
0
0
0
0
0
0
0
0
0
0
0
0
0
0
0
0
0
0
0
0
0
0
0
0
0
0
0
0
0
0
0
0
0
0
0
0
0
0
0
0
0
0
0
0
0
0
0
0
0
0
0
0
0
0
0
0
0
0
0
0
0
0
0
0
0
0
0
0
0
0
0
0
0
0
0
0
0
0
0
0
0
0
0
0
0
0
0
0
0
0
0
0
0
0
0
0
0
0
0
0
0
0
0
0
0
0
0
0
0
0
0
0
0
0
0
0
0
0
0
0
0
0
0
0
0
0
0
0
0
0
0
0
0
0
0
0
0
0
0
0
0
0
0
0
0
0
0
0
0
0
0
0
0
0
0
0
0
0
0
0
0
0
0
0
0
0
0
0
0
0
0
0
0
0
0
0
0
0
0
0
0
0
0
0
0
0
0
0
0
0
0
0
0
0
0
0
0
0
0
0
0
0
0
0
0
0
0
0
0
0
0
0
0
0
0
0
0
0
0
0
0
0
0
0
0
0
0
0
0
0
0
0
0
0
0
0
0
0
0
0
0
0
0
0
0
0
0
0
0
0
0
0
0
0
0
0
0
0
0
0
0
0
0
0
0
0
0
0
0
0
0
0
0
0
0
0
0
0
0
0
0
0
0
0
0
0
0
0
0
0
0
0
0
0
0
0
0
0
0
0
0
0
0
0
0
0
0
0
0
0
0
0
0
0
0
0
0
0
0
0
0
0
0
0
0
0
0
0
0
0
0
0
0
0
0
0
0
0
0
0
0
0
0
0
0
0
0
0
0
0
0
0
0
0
0
0
0
0
0
0
0
0
0
0
0
0
0
0
0
0
0
0
0
0
0
0
0
0
0
0
0
0
0
0
0
0
0
0
0
0
0
0
0
0
0
0
0
0
0
0
0
0
0
0
0
0
0
0
0
0
0
0
0
0
0
0
0
0
0
0
0
0
0
0
0
0
0
0
0
0
0
0
0
0
0
0
0
0
0
0
0
0
0
0
0
0
0
0
0
0
0
0
0
0
0
0
0
0
0
0
0
0
0
0
0
0
0
0
0
0
0
0
0
0
0
0
0
0
0
0
$MCA_CAL:
3
-1.4656616 2.9313233 0.00000000000000
$ENER_FIT:
-1.4656616 2.9313233 0.00000000000000
$MCA_CAL_DATA:
3
298 872
597 1749
896 2625
$CAMBIO:
Parent file specification: C:\GADRAS-DRF\Temp\131I_150.0_50.0_none_0_6.0.pcf
Successful read of spectrum: Yes
Error message: None
Warning: None
Information: None
Neutrons: 0
Number of spectral records in the parent file: 1
Record number of this spectrum in the parent file: 1
Date and time of acquisition read successfully from the original file: Yes
Live time read successfully from the original file: Yes
True time read successfully from the original file: Yes
GADRAS Tag character is:  
Version: 130122
Parent file type: Sandia GADRAS PCF
