$SPEC_ID:
131I,1uC{0,0}
$MEAS_TIM:
3600.00 3600.00
$DATE_MEA:
3/9/2018 5:22:25 PM
$DATA:
0 1193
346.412
327.436
297.856
260.103
223.595
187.706
155.092
133.758
138.232
181.038
182.204
129.523
98.606
89.689
86.823
85.128
85.334
85.644
87.097
91.277
95.880
100.384
105.324
112.375
121.451
129.715
133.460
128.458
115.958
102.703
93.359
89.236
88.491
89.094
90.209
91.024
91.548
91.939
91.946
91.573
91.207
90.944
90.722
91.189
92.504
93.345
96.399
102.159
107.631
115.088
125.303
135.815
143.974
148.184
148.306
144.795
138.492
130.617
122.196
113.990
106.427
99.798
94.356
90.199
87.213
85.213
83.963
83.141
82.375
81.297
79.633
77.567
75.336
72.800
69.821
66.662
63.642
60.846
58.293
55.989
53.934
52.082
50.381
48.812
47.393
46.157
45.164
44.479
44.183
44.341
44.956
46.000
47.330
48.716
49.910
50.630
50.618
49.801
48.178
45.868
43.139
40.264
37.477
34.996
32.951
31.346
30.179
29.452
29.170
29.392
30.302
32.112
35.131
39.782
46.460
55.373
66.625
80.174
95.375
111.421
127.252
141.165
151.383
156.677
156.746
151.380
140.987
126.782
110.024
92.024
74.127
57.675
43.472
31.675
22.393
15.518
10.627
7.273
5.057
3.682
2.864
2.358
2.059
1.886
1.769
1.681
1.612
1.553
1.500
1.449
1.399
1.348
1.298
1.250
1.207
1.170
1.137
1.109
1.087
1.071
1.060
1.056
1.057
1.062
1.071
1.082
1.093
1.102
1.107
1.107
1.100
1.085
1.060
1.028
0.988
0.942
0.892
0.840
0.787
0.735
0.687
0.643
0.603
0.568
0.538
0.512
0.491
0.473
0.459
0.448
0.439
0.434
0.432
0.436
0.445
0.461
0.488
0.528
0.585
0.663
0.764
0.895
1.058
1.259
1.497
1.772
2.082
2.427
2.797
3.181
3.567
3.942
4.293
4.603
4.857
5.038
5.135
5.148
5.079
4.931
4.705
4.414
4.075
3.702
3.313
2.921
2.537
2.175
1.844
1.556
1.312
1.111
0.953
0.836
0.759
0.714
0.698
0.705
0.728
0.763
0.805
0.849
0.891
0.927
0.954
0.970
0.975
0.966
0.944
0.909
0.863
0.809
0.747
0.680
0.610
0.539
0.469
0.403
0.342
0.285
0.234
0.190
0.151
0.119
0.093
0.071
0.053
0.040
0.029
0.021
0.015
0.010
0.007
0.005
0.003
0.002
0.001
0.001
0.001
0.000
0.000
0.000
-0.000
-0.000
-0.000
-0.000
-0.000
0.000
0.000
0.000
0.000
0.000
0.000
0.000
0.000
0.000
0
0
0
0
0
0
0
0
0
0
0
0
0
0
0
0
0
0
0
0
0
0
0
0
0
0
0
0
0
0
0
0
0
0
0
0
0
0
0
0
0
0
0
0
0
0
0
0
0
0
0
0
0
0
0
0
0
0
0
0
0
0
0
0
0
0
0
0
0
0
0
0
0
0
0
0
0
0
0
0
0
0
0
0
0
0
0
0
0
0
0
0
0
0
0
0
0
0
0
0
0
0
0
0
0
0
0
0
0
0
0
0
0
0
0
0
0
0
0
0
0
0
0
0
0
0
0
0
0
0
0
0
0
0
0
0
0
0
0
0
0
0
0
0
0
0
0
0
0
0
0
0
0
0
0
0
0
0
0
0
0
0
0
0
0
0
0
0
0
0
0
0
0
0
0
0
0
0
0
0
0
0
0
0
0
0
0
0
0
0
0
0
0
0
0
0
0
0
0
0
0
0
0
0
0
0
0
0
0
0
0
0
0
0
0
0
0
0
0
0
0
0
0
0
0
0
0
0
0
0
0
0
0
0
0
0
0
0
0
0
0
0
0
0
0
0
0
0
0
0
0
0
0
0
0
0
0
0
0
0
0
0
0
0
0
0
0
0
0
0
0
0
0
0
0
0
0
0
0
0
0
0
0
0
0
0
0
0
0
0
0
0
0
0
0
0
0
0
0
0
0
0
0
0
0
0
0
0
0
0
0
0
0
0
0
0
0
0
0
0
0
0
0
0
0
0
0
0
0
0
0
0
0
0
0
0
0
0
0
0
0
0
0
0
0
0
0
0
0
0
0
0
0
0
0
0
0
0
0
0
0
0
0
0
0
0
0
0
0
0
0
0
0
0
0
0
0
0
0
0
0
0
0
0
0
0
0
0
0
0
0
0
0
0
0
0
0
0
0
0
0
0
0
0
0
0
0
0
0
0
0
0
0
0
0
0
0
0
0
0
0
0
0
0
0
0
0
0
0
0
0
0
0
0
0
0
0
0
0
0
0
0
0
0
0
0
0
0
0
0
0
0
0
0
0
0
0
0
0
0
0
0
0
0
0
0
0
0
0
0
0
0
0
0
0
0
0
0
0
0
0
0
0
0
0
0
0
0
0
0
0
0
0
0
0
0
0
0
0
0
0
0
0
0
0
0
0
0
0
0
0
0
0
0
0
0
0
0
0
0
0
0
0
0
0
0
0
0
0
0
0
0
0
0
0
0
0
0
0
0
0
0
0
0
0
0
0
0
0
0
0
0
0
0
0
0
0
0
0
0
0
0
0
0
0
0
0
0
0
0
0
0
0
0
0
0
0
0
0
0
0
0
0
0
0
0
0
0
0
0
0
0
0
0
0
0
0
0
0
0
0
0
0
0
0
0
0
0
0
0
0
0
0
0
0
0
0
0
0
0
0
0
0
0
0
0
0
0
0
0
0
0
0
0
0
0
0
0
0
0
0
0
0
0
0
0
0
0
0
0
0
0
0
0
0
0
0
0
0
0
0
0
0
0
0
0
0
0
0
0
0
0
0
0
0
0
0
0
0
0
0
0
0
0
0
0
0
0
0
0
0
0
0
0
0
0
0
0
0
0
0
0
0
0
0
0
0
0
0
0
0
0
0
0
0
0
0
0
0
0
0
0
0
0
0
0
0
0
0
0
0
0
0
0
0
0
0
0
0
0
0
0
0
0
0
0
0
0
0
0
0
0
0
0
0
0
0
0
0
0
0
0
0
0
0
0
0
0
0
0
0
0
0
0
0
0
0
0
0
0
0
0
0
0
0
0
0
0
0
0
0
0
0
0
0
0
0
0
0
0
0
0
0
0
0
0
0
0
0
0
0
0
0
0
0
0
0
0
0
0
0
0
0
0
0
0
0
0
0
0
0
0
0
0
0
0
0
0
0
0
0
0
0
0
0
0
0
0
0
0
0
0
0
0
0
0
0
0
0
0
0
0
0
0
0
0
0
0
0
0
0
0
0
0
0
0
0
0
0
0
0
0
0
0
0
0
0
0
0
0
0
0
0
0
0
0
0
0
$MCA_CAL:
3
-1.4656616 2.9313233 0.00000000000000
$ENER_FIT:
-1.4656616 2.9313233 0.00000000000000
$MCA_CAL_DATA:
3
298 872
597 1749
896 2625
$CAMBIO:
Parent file specification: C:\GADRAS-DRF\Temp\131I_50.0_237.5_none_0_8.0.pcf
Successful read of spectrum: Yes
Error message: None
Warning: None
Information: None
Neutrons: 0
Number of spectral records in the parent file: 1
Record number of this spectrum in the parent file: 1
Date and time of acquisition read successfully from the original file: Yes
Live time read successfully from the original file: Yes
True time read successfully from the original file: Yes
GADRAS Tag character is:  
Version: 130122
Parent file type: Sandia GADRAS PCF
