$SPEC_ID:
131I,1uC{82,0.22}
$MEAS_TIM:
3600.00 3600.00
$DATE_MEA:
3/9/2018 5:22:25 PM
$DATA:
0 1193
1692.950
1538.132
1379.238
1215.407
1048.319
908.356
776.455
676.203
603.878
539.569
505.723
479.444
452.927
436.629
423.773
415.414
414.482
409.968
403.455
403.069
410.745
428.228
460.364
514.045
594.854
688.041
756.413
746.262
657.643
543.542
454.929
408.981
394.736
395.825
401.348
404.684
407.158
409.688
410.308
409.687
409.406
408.903
407.406
409.451
413.421
418.415
433.521
456.302
479.384
501.393
520.232
531.483
526.505
505.390
483.020
466.597
456.875
453.375
454.778
458.575
462.561
465.367
466.249
465.053
461.958
457.311
450.912
442.275
431.233
417.892
403.125
388.257
374.737
364.006
355.970
349.117
342.842
337.779
334.396
332.569
332.090
332.722
334.278
336.919
341.039
347.339
356.960
371.062
390.780
417.156
450.079
488.437
530.356
571.802
608.339
635.983
651.059
650.885
636.399
609.528
573.408
532.878
492.742
456.118
425.245
402.042
387.356
381.780
386.617
404.716
439.124
494.590
577.910
695.988
853.552
1053.461
1297.825
1579.894
1886.109
2202.013
2505.437
2768.162
2962.745
3072.303
3088.830
3004.926
2827.136
2576.165
2273.169
1940.381
1601.130
1279.016
992.385
746.426
544.068
387.049
270.352
186.519
128.178
89.253
64.769
49.787
40.342
34.708
31.482
29.342
27.746
26.545
25.592
24.775
24.042
23.352
22.665
21.989
21.362
20.819
20.391
20.081
19.894
19.829
19.881
20.035
20.275
20.584
20.939
21.309
21.665
21.977
22.208
22.322
22.281
22.058
21.661
21.105
20.406
19.586
18.676
17.710
16.724
15.748
14.807
13.922
13.116
12.404
11.786
11.257
10.811
10.444
10.155
9.947
9.820
9.779
9.845
10.050
10.426
11.006
11.840
13.001
14.561
16.591
19.160
22.324
26.137
30.653
35.916
41.869
48.407
55.430
62.830
70.441
77.991
85.208
91.802
97.509
102.129
105.488
107.417
107.744
106.404
103.541
99.336
93.971
87.633
80.554
73.014
65.309
57.718
50.514
43.846
37.809
32.493
27.993
24.372
21.582
19.538
18.156
17.355
17.045
17.125
17.491
18.037
18.659
19.265
19.803
20.221
20.470
20.503
20.287
19.834
19.167
18.306
17.271
16.089
14.796
13.432
12.038
10.653
9.315
8.044
6.853
5.758
4.770
3.905
3.160
2.527
1.995
1.553
1.193
0.903
0.675
0.499
0.365
0.264
0.188
0.131
0.090
0.061
0.042
0.028
0.018
0.010
0.005
0.002
0.000
-0.001
-0.001
-0.001
-0.001
-0.000
0.000
0.000
0.000
0.000
0.000
0.000
-0.000
-0.000
-0.000
-0.000
-0.000
-0.000
0.000
0.000
0.000
0
0
0
0
0
0
0
0
0
0
0
0
0
0
0
0
0
0
0
0
0
0
0
0
0
0
0
0
0
0
0
0
0
0
0
0
0
0
0
0
0
0
0
0
0
0
0
0
0
0
0
0
0
0
0
0
0
0
0
0
0
0
0
0
0
0
0
0
0
0
0
0
0
0
0
0
0
0
0
0
0
0
0
0
0
0
0
0
0
0
0
0
0
0
0
0
0
0
0
0
0
0
0
0
0
0
0
0
0
0
0
0
0
0
0
0
0
0
0
0
0
0
0
0
0
0
0
0
0
0
0
0
0
0
0
0
0
0
0
0
0
0
0
0
0
0
0
0
0
0
0
0
0
0
0
0
0
0
0
0
0
0
0
0
0
0
0
0
0
0
0
0
0
0
0
0
0
0
0
0
0
0
0
0
0
0
0
0
0
0
0
0
0
0
0
0
0
0
0
0
0
0
0
0
0
0
0
0
0
0
0
0
0
0
0
0
0
0
0
0
0
0
0
0
0
0
0
0
0
0
0
0
0
0
0
0
0
0
0
0
0
0
0
0
0
0
0
0
0
0
0
0
0
0
0
0
0
0
0
0
0
0
0
0
0
0
0
0
0
0
0
0
0
0
0
0
0
0
0
0
0
0
0
0
0
0
0
0
0
0
0
0
0
0
0
0
0
0
0
0
0
0
0
0
0
0
0
0
0
0
0
0
0
0
0
0
0
0
0
0
0
0
0
0
0
0
0
0
0
0
0
0
0
0
0
0
0
0
0
0
0
0
0
0
0
0
0
0
0
0
0
0
0
0
0
0
0
0
0
0
0
0
0
0
0
0
0
0
0
0
0
0
0
0
0
0
0
0
0
0
0
0
0
0
0
0
0
0
0
0
0
0
0
0
0
0
0
0
0
0
0
0
0
0
0
0
0
0
0
0
0
0
0
0
0
0
0
0
0
0
0
0
0
0
0
0
0
0
0
0
0
0
0
0
0
0
0
0
0
0
0
0
0
0
0
0
0
0
0
0
0
0
0
0
0
0
0
0
0
0
0
0
0
0
0
0
0
0
0
0
0
0
0
0
0
0
0
0
0
0
0
0
0
0
0
0
0
0
0
0
0
0
0
0
0
0
0
0
0
0
0
0
0
0
0
0
0
0
0
0
0
0
0
0
0
0
0
0
0
0
0
0
0
0
0
0
0
0
0
0
0
0
0
0
0
0
0
0
0
0
0
0
0
0
0
0
0
0
0
0
0
0
0
0
0
0
0
0
0
0
0
0
0
0
0
0
0
0
0
0
0
0
0
0
0
0
0
0
0
0
0
0
0
0
0
0
0
0
0
0
0
0
0
0
0
0
0
0
0
0
0
0
0
0
0
0
0
0
0
0
0
0
0
0
0
0
0
0
0
0
0
0
0
0
0
0
0
0
0
0
0
0
0
0
0
0
0
0
0
0
0
0
0
0
0
0
0
0
0
0
0
0
0
0
0
0
0
0
0
0
0
0
0
0
0
0
0
0
0
0
0
0
0
0
0
0
0
0
0
0
0
0
0
0
0
0
0
0
0
0
0
0
0
0
0
0
0
0
0
0
0
0
0
0
0
0
0
0
0
0
0
0
0
0
0
0
0
0
0
0
0
0
0
0
0
0
0
0
0
0
0
0
0
0
0
0
0
0
0
0
0
0
0
0
0
0
0
0
0
0
0
0
0
0
0
0
0
0
0
0
0
0
0
0
0
0
0
0
0
0
0
0
0
0
0
0
0
0
0
0
0
0
0
0
0
0
0
0
0
0
0
0
0
0
0
0
0
0
0
0
0
0
0
0
0
0
0
0
0
0
0
0
0
0
0
0
0
0
0
0
0
0
0
0
0
0
0
0
0
0
0
0
0
0
0
0
0
0
0
0
0
0
0
0
0
0
0
0
0
0
0
0
0
0
0
0
0
0
0
0
0
0
0
0
0
0
0
0
0
0
0
0
0
0
0
0
0
0
0
0
0
0
0
0
0
0
0
0
0
0
$MCA_CAL:
3
-1.4656616 2.9313233 0.00000000000000
$ENER_FIT:
-1.4656616 2.9313233 0.00000000000000
$MCA_CAL_DATA:
3
298 872
597 1749
896 2625
$CAMBIO:
Parent file specification: C:\GADRAS-DRF\Temp\131I_150.0_50.0_lead_0.22_8.5.pcf
Successful read of spectrum: Yes
Error message: None
Warning: None
Information: None
Neutrons: 0
Number of spectral records in the parent file: 1
Record number of this spectrum in the parent file: 1
Date and time of acquisition read successfully from the original file: Yes
Live time read successfully from the original file: Yes
True time read successfully from the original file: Yes
GADRAS Tag character is:  
Version: 130122
Parent file type: Sandia GADRAS PCF
