$SPEC_ID:
131I,1uC{13,4.18}
$MEAS_TIM:
3600.00 3600.00
$DATE_MEA:
3/9/2018 5:22:25 PM
$DATA:
0 1193
302.858
281.799
255.500
371.046
313.162
260.611
216.182
185.220
166.373
152.813
146.628
141.128
135.470
134.205
133.469
132.599
134.370
138.158
144.401
154.973
166.699
177.466
186.152
190.520
198.383
207.819
215.697
209.490
193.786
178.785
172.022
170.800
171.543
171.502
171.514
171.438
171.245
170.938
169.274
167.398
165.461
163.505
161.405
159.598
159.023
159.042
161.490
166.459
171.222
180.234
192.051
204.776
214.725
218.135
215.773
208.632
198.704
188.149
177.961
168.504
159.861
152.076
145.288
139.298
133.925
129.375
125.602
122.332
119.120
115.523
111.175
105.892
100.290
95.176
89.716
83.720
78.459
74.216
70.670
67.700
65.214
63.087
61.234
59.608
58.224
57.120
56.341
55.935
55.968
56.613
58.205
60.772
63.992
67.571
71.219
74.205
75.521
74.841
72.317
68.447
63.930
59.438
55.593
52.628
50.472
48.985
47.973
47.285
46.819
46.513
46.353
46.462
47.346
49.653
54.387
62.671
75.486
93.708
117.459
145.830
176.987
206.391
229.176
242.019
242.464
230.098
207.248
176.733
142.567
109.006
78.927
54.082
35.541
22.533
13.955
8.719
5.753
4.121
3.316
2.920
2.697
2.581
2.518
2.478
2.437
2.383
2.323
2.263
2.206
2.147
2.086
2.024
1.962
1.904
1.851
1.805
1.766
1.735
1.712
1.698
1.693
1.699
1.716
1.742
1.777
1.819
1.866
1.914
1.957
1.984
1.991
1.975
1.938
1.881
1.808
1.723
1.629
1.533
1.441
1.359
1.287
1.227
1.178
1.138
1.106
1.080
1.060
1.043
1.028
1.014
1.002
0.990
0.980
0.972
0.964
0.959
0.959
0.966
0.984
1.019
1.079
1.171
1.308
1.502
1.770
2.122
2.562
3.093
3.716
4.416
5.167
5.945
6.716
7.427
8.023
8.452
8.687
8.718
8.538
8.148
7.586
6.893
6.111
5.283
4.452
3.663
2.954
2.338
1.819
1.401
1.084
0.857
0.708
0.628
0.604
0.629
0.692
0.785
0.899
1.027
1.161
1.295
1.418
1.524
1.603
1.650
1.663
1.642
1.587
1.500
1.388
1.258
1.116
0.968
0.821
0.680
0.552
0.439
0.342
0.260
0.193
0.140
0.100
0.069
0.047
0.031
0.020
0.013
0.008
0.005
0.003
0.002
0.001
0.001
0.000
0.000
0.000
-0.000
-0.000
-0.000
0.000
0.000
0.000
0
0
0
0
0
0
0
0
0
0
0
0
0
0
0
0
0
0
0
0
0
0
0
0
0
0
0
0
0
0
0
0
0
0
0
0
0
0
0
0
0
0
0
0
0
0
0
0
0
0
0
0
0
0
0
0
0
0
0
0
0
0
0
0
0
0
0
0
0
0
0
0
0
0
0
0
0
0
0
0
0
0
0
0
0
0
0
0
0
0
0
0
0
0
0
0
0
0
0
0
0
0
0
0
0
0
0
0
0
0
0
0
0
0
0
0
0
0
0
0
0
0
0
0
0
0
0
0
0
0
0
0
0
0
0
0
0
0
0
0
0
0
0
0
0
0
0
0
0
0
0
0
0
0
0
0
0
0
0
0
0
0
0
0
0
0
0
0
0
0
0
0
0
0
0
0
0
0
0
0
0
0
0
0
0
0
0
0
0
0
0
0
0
0
0
0
0
0
0
0
0
0
0
0
0
0
0
0
0
0
0
0
0
0
0
0
0
0
0
0
0
0
0
0
0
0
0
0
0
0
0
0
0
0
0
0
0
0
0
0
0
0
0
0
0
0
0
0
0
0
0
0
0
0
0
0
0
0
0
0
0
0
0
0
0
0
0
0
0
0
0
0
0
0
0
0
0
0
0
0
0
0
0
0
0
0
0
0
0
0
0
0
0
0
0
0
0
0
0
0
0
0
0
0
0
0
0
0
0
0
0
0
0
0
0
0
0
0
0
0
0
0
0
0
0
0
0
0
0
0
0
0
0
0
0
0
0
0
0
0
0
0
0
0
0
0
0
0
0
0
0
0
0
0
0
0
0
0
0
0
0
0
0
0
0
0
0
0
0
0
0
0
0
0
0
0
0
0
0
0
0
0
0
0
0
0
0
0
0
0
0
0
0
0
0
0
0
0
0
0
0
0
0
0
0
0
0
0
0
0
0
0
0
0
0
0
0
0
0
0
0
0
0
0
0
0
0
0
0
0
0
0
0
0
0
0
0
0
0
0
0
0
0
0
0
0
0
0
0
0
0
0
0
0
0
0
0
0
0
0
0
0
0
0
0
0
0
0
0
0
0
0
0
0
0
0
0
0
0
0
0
0
0
0
0
0
0
0
0
0
0
0
0
0
0
0
0
0
0
0
0
0
0
0
0
0
0
0
0
0
0
0
0
0
0
0
0
0
0
0
0
0
0
0
0
0
0
0
0
0
0
0
0
0
0
0
0
0
0
0
0
0
0
0
0
0
0
0
0
0
0
0
0
0
0
0
0
0
0
0
0
0
0
0
0
0
0
0
0
0
0
0
0
0
0
0
0
0
0
0
0
0
0
0
0
0
0
0
0
0
0
0
0
0
0
0
0
0
0
0
0
0
0
0
0
0
0
0
0
0
0
0
0
0
0
0
0
0
0
0
0
0
0
0
0
0
0
0
0
0
0
0
0
0
0
0
0
0
0
0
0
0
0
0
0
0
0
0
0
0
0
0
0
0
0
0
0
0
0
0
0
0
0
0
0
0
0
0
0
0
0
0
0
0
0
0
0
0
0
0
0
0
0
0
0
0
0
0
0
0
0
0
0
0
0
0
0
0
0
0
0
0
0
0
0
0
0
0
0
0
0
0
0
0
0
0
0
0
0
0
0
0
0
0
0
0
0
0
0
0
0
0
0
0
0
0
0
0
0
0
0
0
0
0
0
0
0
0
0
0
0
0
0
0
0
0
0
0
0
0
0
0
0
0
0
0
0
0
0
0
0
0
0
0
0
0
0
0
0
0
0
0
0
0
0
0
0
0
0
0
0
0
0
0
0
0
0
0
0
0
0
0
0
0
0
0
0
0
0
0
0
0
0
0
0
0
0
0
0
0
0
0
0
0
0
0
0
0
0
0
0
0
0
0
0
0
0
0
0
0
0
0
0
0
0
0
0
0
0
0
0
0
0
0
0
0
0
0
0
0
0
0
0
0
0
0
0
0
0
0
0
0
0
0
0
0
0
0
0
0
0
0
0
0
0
0
0
0
0
0
0
0
0
0
0
0
0
0
0
0
0
0
0
0
0
0
0
0
0
0
0
$MCA_CAL:
3
-1.4656616 2.9313233 0.00000000000000
$ENER_FIT:
-1.4656616 2.9313233 0.00000000000000
$MCA_CAL_DATA:
3
298 872
597 1749
896 2625
$CAMBIO:
Parent file specification: C:\GADRAS-DRF\Temp\131I_75.0_175.0_alum_4.18_6.5.pcf
Successful read of spectrum: Yes
Error message: None
Warning: None
Information: None
Neutrons: 0
Number of spectral records in the parent file: 1
Record number of this spectrum in the parent file: 1
Date and time of acquisition read successfully from the original file: Yes
Live time read successfully from the original file: Yes
True time read successfully from the original file: Yes
GADRAS Tag character is:  
Version: 130122
Parent file type: Sandia GADRAS PCF
