$SPEC_ID:
131I,1uC{82,0.92}
$MEAS_TIM:
3600.00 3600.00
$DATE_MEA:
3/9/2018 5:22:25 PM
$DATA:
0 1193
154.933
143.433
131.205
121.488
105.483
88.642
73.347
62.508
55.346
49.424
46.797
45.167
42.910
42.186
41.264
40.211
39.819
39.490
39.813
41.388
43.348
45.707
48.222
50.862
53.589
55.492
55.988
54.430
51.367
48.492
46.505
45.689
45.730
46.110
46.676
47.254
47.798
48.296
48.686
48.970
49.233
49.509
49.763
50.322
51.284
52.026
53.973
57.357
60.595
65.008
71.048
77.358
82.523
85.598
86.292
84.757
81.414
76.908
71.817
66.611
61.608
57.045
53.081
49.770
47.042
44.819
43.019
41.499
40.076
38.566
36.830
34.978
33.136
31.187
29.020
26.794
24.714
22.835
21.175
19.739
18.530
17.530
16.712
16.066
15.590
15.286
15.158
15.217
15.483
15.972
16.673
17.561
18.565
19.578
20.484
21.149
21.452
21.365
20.895
20.100
19.102
18.024
16.968
16.029
15.265
14.676
14.262
14.031
13.993
14.183
14.692
15.624
17.134
19.437
22.733
27.127
32.669
39.340
46.823
54.724
62.518
69.364
74.382
76.964
76.972
74.310
69.183
62.186
53.937
45.080
36.277
28.189
21.212
15.420
10.864
7.490
5.092
3.451
2.372
1.708
1.317
1.077
0.938
0.860
0.809
0.772
0.745
0.722
0.701
0.681
0.661
0.640
0.619
0.599
0.582
0.567
0.556
0.547
0.541
0.538
0.538
0.542
0.549
0.557
0.567
0.578
0.589
0.598
0.605
0.608
0.608
0.602
0.592
0.576
0.556
0.533
0.507
0.480
0.453
0.426
0.401
0.378
0.357
0.339
0.324
0.311
0.300
0.291
0.284
0.278
0.274
0.272
0.271
0.274
0.279
0.289
0.304
0.327
0.359
0.402
0.460
0.533
0.625
0.738
0.873
1.027
1.202
1.396
1.604
1.819
2.036
2.246
2.443
2.617
2.759
2.860
2.913
2.920
2.880
2.794
2.666
2.501
2.309
2.098
1.878
1.656
1.439
1.234
1.047
0.884
0.747
0.633
0.544
0.479
0.435
0.410
0.402
0.405
0.419
0.439
0.463
0.489
0.513
0.533
0.548
0.557
0.560
0.555
0.541
0.521
0.495
0.464
0.428
0.390
0.350
0.309
0.269
0.231
0.196
0.163
0.134
0.109
0.087
0.068
0.053
0.041
0.031
0.023
0.017
0.012
0.008
0.006
0.004
0.003
0.002
0.001
0.001
0.001
0.000
0.000
0.000
0.000
-0.000
-0.000
-0.000
-0.000
-0.000
0.000
0.000
0.000
0.000
0.000
0.000
-0.000
-0.000
-0.000
-0.000
-0.000
0.000
0.000
0.000
0
0
0
0
0
0
0
0
0
0
0
0
0
0
0
0
0
0
0
0
0
0
0
0
0
0
0
0
0
0
0
0
0
0
0
0
0
0
0
0
0
0
0
0
0
0
0
0
0
0
0
0
0
0
0
0
0
0
0
0
0
0
0
0
0
0
0
0
0
0
0
0
0
0
0
0
0
0
0
0
0
0
0
0
0
0
0
0
0
0
0
0
0
0
0
0
0
0
0
0
0
0
0
0
0
0
0
0
0
0
0
0
0
0
0
0
0
0
0
0
0
0
0
0
0
0
0
0
0
0
0
0
0
0
0
0
0
0
0
0
0
0
0
0
0
0
0
0
0
0
0
0
0
0
0
0
0
0
0
0
0
0
0
0
0
0
0
0
0
0
0
0
0
0
0
0
0
0
0
0
0
0
0
0
0
0
0
0
0
0
0
0
0
0
0
0
0
0
0
0
0
0
0
0
0
0
0
0
0
0
0
0
0
0
0
0
0
0
0
0
0
0
0
0
0
0
0
0
0
0
0
0
0
0
0
0
0
0
0
0
0
0
0
0
0
0
0
0
0
0
0
0
0
0
0
0
0
0
0
0
0
0
0
0
0
0
0
0
0
0
0
0
0
0
0
0
0
0
0
0
0
0
0
0
0
0
0
0
0
0
0
0
0
0
0
0
0
0
0
0
0
0
0
0
0
0
0
0
0
0
0
0
0
0
0
0
0
0
0
0
0
0
0
0
0
0
0
0
0
0
0
0
0
0
0
0
0
0
0
0
0
0
0
0
0
0
0
0
0
0
0
0
0
0
0
0
0
0
0
0
0
0
0
0
0
0
0
0
0
0
0
0
0
0
0
0
0
0
0
0
0
0
0
0
0
0
0
0
0
0
0
0
0
0
0
0
0
0
0
0
0
0
0
0
0
0
0
0
0
0
0
0
0
0
0
0
0
0
0
0
0
0
0
0
0
0
0
0
0
0
0
0
0
0
0
0
0
0
0
0
0
0
0
0
0
0
0
0
0
0
0
0
0
0
0
0
0
0
0
0
0
0
0
0
0
0
0
0
0
0
0
0
0
0
0
0
0
0
0
0
0
0
0
0
0
0
0
0
0
0
0
0
0
0
0
0
0
0
0
0
0
0
0
0
0
0
0
0
0
0
0
0
0
0
0
0
0
0
0
0
0
0
0
0
0
0
0
0
0
0
0
0
0
0
0
0
0
0
0
0
0
0
0
0
0
0
0
0
0
0
0
0
0
0
0
0
0
0
0
0
0
0
0
0
0
0
0
0
0
0
0
0
0
0
0
0
0
0
0
0
0
0
0
0
0
0
0
0
0
0
0
0
0
0
0
0
0
0
0
0
0
0
0
0
0
0
0
0
0
0
0
0
0
0
0
0
0
0
0
0
0
0
0
0
0
0
0
0
0
0
0
0
0
0
0
0
0
0
0
0
0
0
0
0
0
0
0
0
0
0
0
0
0
0
0
0
0
0
0
0
0
0
0
0
0
0
0
0
0
0
0
0
0
0
0
0
0
0
0
0
0
0
0
0
0
0
0
0
0
0
0
0
0
0
0
0
0
0
0
0
0
0
0
0
0
0
0
0
0
0
0
0
0
0
0
0
0
0
0
0
0
0
0
0
0
0
0
0
0
0
0
0
0
0
0
0
0
0
0
0
0
0
0
0
0
0
0
0
0
0
0
0
0
0
0
0
0
0
0
0
0
0
0
0
0
0
0
0
0
0
0
0
0
0
0
0
0
0
0
0
0
0
0
0
0
0
0
0
0
0
0
0
0
0
0
0
0
0
0
0
0
0
0
0
0
0
0
0
0
0
0
0
0
0
0
0
0
0
0
0
0
0
0
0
0
0
0
0
0
0
0
0
0
0
0
0
0
0
0
0
0
0
0
0
0
0
0
0
0
0
0
0
0
0
0
0
0
0
0
0
0
0
0
0
0
0
0
0
0
0
0
0
0
0
0
0
0
0
0
0
0
0
0
0
0
0
0
0
0
0
0
0
0
$MCA_CAL:
3
-1.4656616 2.9313233 0.00000000000000
$ENER_FIT:
-1.4656616 2.9313233 0.00000000000000
$MCA_CAL_DATA:
3
298 872
597 1749
896 2625
$CAMBIO:
Parent file specification: C:\GADRAS-DRF\Temp\131I_125.0_300.0_lead_0.92_8.0.pcf
Successful read of spectrum: Yes
Error message: None
Warning: None
Information: None
Neutrons: 0
Number of spectral records in the parent file: 1
Record number of this spectrum in the parent file: 1
Date and time of acquisition read successfully from the original file: Yes
Live time read successfully from the original file: Yes
True time read successfully from the original file: Yes
GADRAS Tag character is:  
Version: 130122
Parent file type: Sandia GADRAS PCF
