$SPEC_ID:
137CS,1uC{13,7.49}
$MEAS_TIM:
3600.00 3600.00
$DATE_MEA:
3/9/2018 5:22:25 PM
$DATA:
0 1193
195.281
177.519
161.148
312.372
257.090
219.252
188.448
161.016
139.685
126.550
117.748
109.946
105.884
104.777
104.369
104.953
108.041
112.367
118.332
125.376
133.228
141.347
147.920
151.587
155.352
159.052
162.262
165.250
168.274
171.185
173.916
176.690
179.174
178.706
178.419
178.080
177.980
178.067
177.349
176.403
175.155
173.769
172.425
170.929
169.628
169.547
169.756
169.994
170.315
170.620
171.144
171.856
172.308
172.103
171.604
170.876
170.456
171.429
172.681
173.847
176.006
178.832
181.272
182.041
180.574
176.784
170.984
164.005
156.831
149.857
143.175
136.615
129.990
123.230
116.859
111.381
106.767
102.764
98.958
95.457
92.778
90.667
88.481
86.178
83.974
81.992
80.277
78.667
76.996
75.349
73.838
72.369
70.847
69.472
68.487
67.774
67.081
66.351
65.619
64.901
64.181
63.454
62.726
61.996
61.271
60.553
59.841
59.133
58.429
57.736
57.070
56.474
55.967
55.512
55.050
54.577
54.117
53.687
53.269
52.835
52.408
52.019
51.686
51.370
51.034
50.696
50.414
50.223
50.079
49.934
49.779
49.654
49.591
49.574
49.566
49.544
49.522
49.517
49.533
49.550
49.553
49.536
49.506
49.465
49.394
49.262
49.048
48.767
48.437
48.062
47.584
46.938
46.099
45.128
44.104
43.067
41.982
40.803
39.519
38.188
36.887
35.669
34.549
33.534
32.628
31.819
31.093
30.438
29.844
29.305
28.814
28.363
27.941
27.538
27.149
26.773
26.406
26.051
25.711
25.391
25.093
24.813
24.549
24.291
24.040
23.796
23.560
23.333
23.114
22.902
22.697
22.496
22.297
22.100
21.903
21.709
21.520
21.341
21.176
21.028
20.907
20.823
20.810
20.906
21.149
21.617
22.425
23.691
25.538
28.124
31.622
36.208
42.029
49.164
57.681
67.642
78.952
91.271
104.242
117.488
130.437
142.310
152.333
159.748
164.158
165.443
163.455
158.110
149.760
138.999
126.409
112.584
98.128
83.663
69.798
57.105
45.806
35.940
27.554
20.676
15.197
10.929
7.681
5.268
3.528
2.325
1.520
0.976
0.604
0.363
0.216
0.127
0.068
0.031
0.010
0.001
-0.004
-0.004
-0.003
-0.001
0.001
0.001
0.001
0.000
-0.000
-0.000
-0.000
-0.000
-0.000
0.000
0.000
0
0
0
0
0
0
0
0
0
0
0
0
0
0
0
0
0
0
0
0
0
0
0
0
0
0
0
0
0
0
0
0
0
0
0
0
0
0
0
0
0
0
0
0
0
0
0
0
0
0
0
0
0
0
0
0
0
0
0
0
0
0
0
0
0
0
0
0
0
0
0
0
0
0
0
0
0
0
0
0
0
0
0
0
0
0
0
0
0
0
0
0
0
0
0
0
0
0
0
0
0
0
0
0
0
0
0
0
0
0
0
0
0
0
0
0
0
0
0
0
0
0
0
0
0
0
0
0
0
0
0
0
0
0
0
0
0
0
0
0
0
0
0
0
0
0
0
0
0
0
0
0
0
0
0
0
0
0
0
0
0
0
0
0
0
0
0
0
0
0
0
0
0
0
0
0
0
0
0
0
0
0
0
0
0
0
0
0
0
0
0
0
0
0
0
0
0
0
0
0
0
0
0
0
0
0
0
0
0
0
0
0
0
0
0
0
0
0
0
0
0
0
0
0
0
0
0
0
0
0
0
0
0
0
0
0
0
0
0
0
0
0
0
0
0
0
0
0
0
0
0
0
0
0
0
0
0
0
0
0
0
0
0
0
0
0
0
0
0
0
0
0
0
0
0
0
0
0
0
0
0
0
0
0
0
0
0
0
0
0
0
0
0
0
0
0
0
0
0
0
0
0
0
0
0
0
0
0
0
0
0
0
0
0
0
0
0
0
0
0
0
0
0
0
0
0
0
0
0
0
0
0
0
0
0
0
0
0
0
0
0
0
0
0
0
0
0
0
0
0
0
0
0
0
0
0
0
0
0
0
0
0
0
0
0
0
0
0
0
0
0
0
0
0
0
0
0
0
0
0
0
0
0
0
0
0
0
0
0
0
0
0
0
0
0
0
0
0
0
0
0
0
0
0
0
0
0
0
0
0
0
0
0
0
0
0
0
0
0
0
0
0
0
0
0
0
0
0
0
0
0
0
0
0
0
0
0
0
0
0
0
0
0
0
0
0
0
0
0
0
0
0
0
0
0
0
0
0
0
0
0
0
0
0
0
0
0
0
0
0
0
0
0
0
0
0
0
0
0
0
0
0
0
0
0
0
0
0
0
0
0
0
0
0
0
0
0
0
0
0
0
0
0
0
0
0
0
0
0
0
0
0
0
0
0
0
0
0
0
0
0
0
0
0
0
0
0
0
0
0
0
0
0
0
0
0
0
0
0
0
0
0
0
0
0
0
0
0
0
0
0
0
0
0
0
0
0
0
0
0
0
0
0
0
0
0
0
0
0
0
0
0
0
0
0
0
0
0
0
0
0
0
0
0
0
0
0
0
0
0
0
0
0
0
0
0
0
0
0
0
0
0
0
0
0
0
0
0
0
0
0
0
0
0
0
0
0
0
0
0
0
0
0
0
0
0
0
0
0
0
0
0
0
0
0
0
0
0
0
0
0
0
0
0
0
0
0
0
0
0
0
0
0
0
0
0
0
0
0
0
0
0
0
0
0
0
0
0
0
0
0
0
0
0
0
0
0
0
0
0
0
0
0
0
0
0
0
0
0
0
0
0
0
0
0
0
0
0
0
0
0
0
0
0
0
0
0
0
0
0
0
0
0
0
0
0
0
0
0
0
0
0
0
0
0
0
0
0
0
0
0
0
0
0
0
0
0
0
0
0
0
0
0
0
0
0
0
0
0
0
0
0
0
0
0
0
0
0
0
0
0
0
0
0
0
0
0
0
0
0
0
0
0
0
0
0
0
0
0
0
0
0
0
0
0
0
0
0
0
0
0
0
0
0
0
0
0
0
0
0
0
0
0
0
0
0
0
0
0
0
0
0
0
0
0
0
0
0
0
0
0
0
0
0
0
0
0
0
0
0
0
0
0
0
0
0
0
0
0
0
0
0
0
0
0
0
0
0
0
0
0
0
0
0
0
0
0
0
0
0
0
0
0
0
0
0
0
0
0
0
0
0
0
0
0
0
0
0
0
0
0
0
0
0
0
0
0
0
0
0
0
0
0
0
0
0
0
0
0
0
0
0
0
0
0
0
0
0
0
0
0
0
0
0
0
0
0
0
0
0
0
0
0
$MCA_CAL:
3
-1.4656616 2.9313233 0.00000000000000
$ENER_FIT:
-1.4656616 2.9313233 0.00000000000000
$MCA_CAL_DATA:
3
298 872
597 1749
896 2625
$CAMBIO:
Parent file specification: C:\GADRAS-DRF\Temp\137CS_100.0_112.5_alum_7.49_7.0.pcf
Successful read of spectrum: Yes
Error message: None
Warning: None
Information: None
Neutrons: 0
Number of spectral records in the parent file: 1
Record number of this spectrum in the parent file: 1
Date and time of acquisition read successfully from the original file: Yes
Live time read successfully from the original file: Yes
True time read successfully from the original file: Yes
GADRAS Tag character is:  
Version: 130122
Parent file type: Sandia GADRAS PCF
