$SPEC_ID:
137CS,1uC{13,13.16}
$MEAS_TIM:
3600.00 3600.00
$DATE_MEA:
3/9/2018 5:22:25 PM
$DATA:
0 1193
49.978
45.590
43.364
143.136
114.263
95.971
81.088
68.487
59.462
53.316
49.466
46.459
45.582
45.973
46.668
47.687
49.462
52.175
55.718
59.817
63.861
68.064
71.049
72.515
73.885
75.248
75.958
76.485
77.067
77.616
78.097
78.695
78.995
78.254
77.480
76.707
75.992
75.152
73.894
72.555
71.208
69.871
68.550
67.052
65.898
65.519
65.202
64.769
64.367
63.958
63.531
63.105
62.637
62.093
61.488
60.878
60.338
59.873
59.468
59.107
58.810
58.655
58.493
57.969
57.057
55.975
54.790
53.471
52.018
50.451
48.797
47.088
45.349
43.600
41.844
40.068
38.345
36.855
35.683
34.668
33.648
32.605
31.564
30.540
29.542
28.572
27.620
26.675
25.743
24.828
23.921
22.993
22.049
21.181
20.491
19.968
19.503
19.010
18.497
17.996
17.521
17.065
16.620
16.186
15.766
15.361
14.964
14.566
14.167
13.791
13.463
13.188
12.945
12.714
12.487
12.272
12.075
11.895
11.723
11.551
11.379
11.212
11.056
10.910
10.771
10.636
10.506
10.387
10.286
10.206
10.141
10.086
10.036
9.988
9.942
9.896
9.851
9.807
9.767
9.730
9.691
9.647
9.597
9.542
9.482
9.420
9.353
9.282
9.204
9.117
9.016
8.898
8.758
8.598
8.426
8.248
8.069
7.888
7.704
7.517
7.327
7.140
6.962
6.799
6.651
6.515
6.390
6.273
6.163
6.060
5.964
5.874
5.790
5.709
5.630
5.554
5.481
5.411
5.347
5.288
5.234
5.183
5.135
5.088
5.042
4.997
4.953
4.910
4.867
4.827
4.788
4.751
4.716
4.682
4.650
4.618
4.588
4.564
4.548
4.543
4.553
4.586
4.647
4.745
4.886
5.083
5.351
5.705
6.159
6.723
7.396
8.176
9.062
10.051
11.130
12.279
13.481
14.717
15.959
17.158
18.260
19.214
19.968
20.490
20.765
20.783
20.527
19.991
19.198
18.189
17.003
15.680
14.259
12.783
11.293
9.832
8.441
7.154
5.981
4.925
3.991
3.185
2.506
1.942
1.483
1.114
0.824
0.600
0.431
0.308
0.219
0.156
0.108
0.073
0.048
0.031
0.020
0.012
0.006
0.003
0.001
0.000
-0.000
-0.000
-0.000
-0.000
-0.000
0.000
0.000
0.000
0.000
0.000
0.000
-0.000
-0.000
-0.000
-0.000
-0.000
0.000
0.000
0.000
0
0
0
0
0
0
0
0
0
0
0
0
0
0
0
0
0
0
0
0
0
0
0
0
0
0
0
0
0
0
0
0
0
0
0
0
0
0
0
0
0
0
0
0
0
0
0
0
0
0
0
0
0
0
0
0
0
0
0
0
0
0
0
0
0
0
0
0
0
0
0
0
0
0
0
0
0
0
0
0
0
0
0
0
0
0
0
0
0
0
0
0
0
0
0
0
0
0
0
0
0
0
0
0
0
0
0
0
0
0
0
0
0
0
0
0
0
0
0
0
0
0
0
0
0
0
0
0
0
0
0
0
0
0
0
0
0
0
0
0
0
0
0
0
0
0
0
0
0
0
0
0
0
0
0
0
0
0
0
0
0
0
0
0
0
0
0
0
0
0
0
0
0
0
0
0
0
0
0
0
0
0
0
0
0
0
0
0
0
0
0
0
0
0
0
0
0
0
0
0
0
0
0
0
0
0
0
0
0
0
0
0
0
0
0
0
0
0
0
0
0
0
0
0
0
0
0
0
0
0
0
0
0
0
0
0
0
0
0
0
0
0
0
0
0
0
0
0
0
0
0
0
0
0
0
0
0
0
0
0
0
0
0
0
0
0
0
0
0
0
0
0
0
0
0
0
0
0
0
0
0
0
0
0
0
0
0
0
0
0
0
0
0
0
0
0
0
0
0
0
0
0
0
0
0
0
0
0
0
0
0
0
0
0
0
0
0
0
0
0
0
0
0
0
0
0
0
0
0
0
0
0
0
0
0
0
0
0
0
0
0
0
0
0
0
0
0
0
0
0
0
0
0
0
0
0
0
0
0
0
0
0
0
0
0
0
0
0
0
0
0
0
0
0
0
0
0
0
0
0
0
0
0
0
0
0
0
0
0
0
0
0
0
0
0
0
0
0
0
0
0
0
0
0
0
0
0
0
0
0
0
0
0
0
0
0
0
0
0
0
0
0
0
0
0
0
0
0
0
0
0
0
0
0
0
0
0
0
0
0
0
0
0
0
0
0
0
0
0
0
0
0
0
0
0
0
0
0
0
0
0
0
0
0
0
0
0
0
0
0
0
0
0
0
0
0
0
0
0
0
0
0
0
0
0
0
0
0
0
0
0
0
0
0
0
0
0
0
0
0
0
0
0
0
0
0
0
0
0
0
0
0
0
0
0
0
0
0
0
0
0
0
0
0
0
0
0
0
0
0
0
0
0
0
0
0
0
0
0
0
0
0
0
0
0
0
0
0
0
0
0
0
0
0
0
0
0
0
0
0
0
0
0
0
0
0
0
0
0
0
0
0
0
0
0
0
0
0
0
0
0
0
0
0
0
0
0
0
0
0
0
0
0
0
0
0
0
0
0
0
0
0
0
0
0
0
0
0
0
0
0
0
0
0
0
0
0
0
0
0
0
0
0
0
0
0
0
0
0
0
0
0
0
0
0
0
0
0
0
0
0
0
0
0
0
0
0
0
0
0
0
0
0
0
0
0
0
0
0
0
0
0
0
0
0
0
0
0
0
0
0
0
0
0
0
0
0
0
0
0
0
0
0
0
0
0
0
0
0
0
0
0
0
0
0
0
0
0
0
0
0
0
0
0
0
0
0
0
0
0
0
0
0
0
0
0
0
0
0
0
0
0
0
0
0
0
0
0
0
0
0
0
0
0
0
0
0
0
0
0
0
0
0
0
0
0
0
0
0
0
0
0
0
0
0
0
0
0
0
0
0
0
0
0
0
0
0
0
0
0
0
0
0
0
0
0
0
0
0
0
0
0
0
0
0
0
0
0
0
0
0
0
0
0
0
0
0
0
0
0
0
0
0
0
0
0
0
0
0
0
0
0
0
0
0
0
0
0
0
0
0
0
0
0
0
0
0
0
0
0
0
0
0
0
0
0
0
0
0
0
0
0
0
0
0
0
0
0
0
0
0
0
0
0
0
0
0
0
0
0
0
0
0
0
0
0
0
0
0
0
0
0
0
0
0
0
0
0
0
0
0
0
0
0
0
0
0
0
0
0
0
0
0
0
0
0
0
0
0
0
0
0
0
0
0
0
0
0
0
0
0
0
0
$MCA_CAL:
3
-1.4656616 2.9313233 0.00000000000000
$ENER_FIT:
-1.4656616 2.9313233 0.00000000000000
$MCA_CAL_DATA:
3
298 872
597 1749
896 2625
$CAMBIO:
Parent file specification: C:\GADRAS-DRF\Temp\137CS_100.0_237.5_alum_13.16_8.5.pcf
Successful read of spectrum: Yes
Error message: None
Warning: None
Information: None
Neutrons: 0
Number of spectral records in the parent file: 1
Record number of this spectrum in the parent file: 1
Date and time of acquisition read successfully from the original file: Yes
Live time read successfully from the original file: Yes
True time read successfully from the original file: Yes
GADRAS Tag character is:  
Version: 130122
Parent file type: Sandia GADRAS PCF
