$SPEC_ID:
137CS,1uC{26,6.28}
$MEAS_TIM:
3600.00 3600.00
$DATE_MEA:
3/9/2018 5:22:25 PM
$DATA:
0 1193
746.161
674.001
599.239
790.305
683.453
589.782
519.221
452.773
395.056
361.425
334.446
309.158
292.088
281.495
271.557
263.631
261.041
260.037
260.241
261.345
264.470
267.958
271.481
275.960
280.413
284.969
289.871
294.770
299.436
306.531
315.592
324.672
333.254
340.518
347.710
354.810
363.621
373.650
383.260
392.206
397.490
403.005
408.281
412.962
416.695
418.133
419.764
421.405
423.042
424.707
426.521
428.554
430.188
430.968
431.396
431.605
433.692
439.212
446.671
453.775
462.319
472.085
476.588
469.202
452.056
427.936
404.864
390.180
375.484
363.432
358.807
355.495
351.773
348.238
345.219
343.186
342.158
341.281
340.377
339.479
338.232
336.666
335.139
333.725
332.269
330.408
328.234
326.069
323.992
321.895
319.518
316.764
313.777
311.227
309.664
308.270
306.344
304.286
302.348
300.425
298.357
296.011
293.475
290.949
288.469
285.953
283.405
280.865
278.280
275.628
273.094
270.925
268.976
267.031
265.051
263.114
261.247
259.472
257.730
255.904
254.101
252.564
251.337
250.127
248.814
247.640
246.826
246.284
245.848
245.484
245.191
245.039
245.107
245.425
245.839
246.205
246.579
247.053
247.650
248.330
249.022
249.549
249.796
249.964
250.407
250.985
250.931
249.665
247.720
245.965
244.349
241.817
237.510
231.923
225.983
220.081
213.906
207.131
199.854
192.343
184.900
177.845
171.510
166.004
161.231
157.098
153.468
150.206
147.205
144.462
141.972
139.709
137.596
135.552
133.552
131.590
129.664
127.805
126.052
124.441
122.941
121.520
120.160
118.851
117.594
116.389
115.233
114.127
113.067
112.054
111.078
110.134
109.211
108.306
107.402
106.495
105.576
104.651
103.724
102.795
101.894
101.039
100.261
99.628
99.306
99.461
100.380
102.719
107.195
114.627
126.341
143.837
168.615
202.409
247.087
304.441
374.845
457.155
550.177
651.102
753.765
851.507
937.806
1006.329
1050.790
1065.392
1049.055
1005.018
936.619
848.264
746.557
638.518
530.878
428.440
334.984
254.287
188.203
135.471
94.609
64.076
42.132
26.946
16.696
9.925
5.743
3.314
1.849
0.972
0.504
0.267
0.125
0.046
0.008
-0.006
-0.009
-0.005
-0.000
0.002
0.002
0.001
0.000
0.000
0.000
0
0
0
0
0
0
0
0
0
0
0
0
0
0
0
0
0
0
0
0
0
0
0
0
0
0
0
0
0
0
0
0
0
0
0
0
0
0
0
0
0
0
0
0
0
0
0
0
0
0
0
0
0
0
0
0
0
0
0
0
0
0
0
0
0
0
0
0
0
0
0
0
0
0
0
0
0
0
0
0
0
0
0
0
0
0
0
0
0
0
0
0
0
0
0
0
0
0
0
0
0
0
0
0
0
0
0
0
0
0
0
0
0
0
0
0
0
0
0
0
0
0
0
0
0
0
0
0
0
0
0
0
0
0
0
0
0
0
0
0
0
0
0
0
0
0
0
0
0
0
0
0
0
0
0
0
0
0
0
0
0
0
0
0
0
0
0
0
0
0
0
0
0
0
0
0
0
0
0
0
0
0
0
0
0
0
0
0
0
0
0
0
0
0
0
0
0
0
0
0
0
0
0
0
0
0
0
0
0
0
0
0
0
0
0
0
0
0
0
0
0
0
0
0
0
0
0
0
0
0
0
0
0
0
0
0
0
0
0
0
0
0
0
0
0
0
0
0
0
0
0
0
0
0
0
0
0
0
0
0
0
0
0
0
0
0
0
0
0
0
0
0
0
0
0
0
0
0
0
0
0
0
0
0
0
0
0
0
0
0
0
0
0
0
0
0
0
0
0
0
0
0
0
0
0
0
0
0
0
0
0
0
0
0
0
0
0
0
0
0
0
0
0
0
0
0
0
0
0
0
0
0
0
0
0
0
0
0
0
0
0
0
0
0
0
0
0
0
0
0
0
0
0
0
0
0
0
0
0
0
0
0
0
0
0
0
0
0
0
0
0
0
0
0
0
0
0
0
0
0
0
0
0
0
0
0
0
0
0
0
0
0
0
0
0
0
0
0
0
0
0
0
0
0
0
0
0
0
0
0
0
0
0
0
0
0
0
0
0
0
0
0
0
0
0
0
0
0
0
0
0
0
0
0
0
0
0
0
0
0
0
0
0
0
0
0
0
0
0
0
0
0
0
0
0
0
0
0
0
0
0
0
0
0
0
0
0
0
0
0
0
0
0
0
0
0
0
0
0
0
0
0
0
0
0
0
0
0
0
0
0
0
0
0
0
0
0
0
0
0
0
0
0
0
0
0
0
0
0
0
0
0
0
0
0
0
0
0
0
0
0
0
0
0
0
0
0
0
0
0
0
0
0
0
0
0
0
0
0
0
0
0
0
0
0
0
0
0
0
0
0
0
0
0
0
0
0
0
0
0
0
0
0
0
0
0
0
0
0
0
0
0
0
0
0
0
0
0
0
0
0
0
0
0
0
0
0
0
0
0
0
0
0
0
0
0
0
0
0
0
0
0
0
0
0
0
0
0
0
0
0
0
0
0
0
0
0
0
0
0
0
0
0
0
0
0
0
0
0
0
0
0
0
0
0
0
0
0
0
0
0
0
0
0
0
0
0
0
0
0
0
0
0
0
0
0
0
0
0
0
0
0
0
0
0
0
0
0
0
0
0
0
0
0
0
0
0
0
0
0
0
0
0
0
0
0
0
0
0
0
0
0
0
0
0
0
0
0
0
0
0
0
0
0
0
0
0
0
0
0
0
0
0
0
0
0
0
0
0
0
0
0
0
0
0
0
0
0
0
0
0
0
0
0
0
0
0
0
0
0
0
0
0
0
0
0
0
0
0
0
0
0
0
0
0
0
0
0
0
0
0
0
0
0
0
0
0
0
0
0
0
0
0
0
0
0
0
0
0
0
0
0
0
0
0
0
0
0
0
0
0
0
0
0
0
0
0
0
0
0
0
0
0
0
0
0
0
0
0
0
0
0
0
0
0
0
0
0
0
0
0
0
0
0
0
0
0
0
0
0
0
0
0
0
0
0
0
0
0
0
0
0
0
0
0
0
0
0
0
0
0
0
0
0
0
0
0
0
0
0
0
0
0
0
0
0
0
0
0
0
0
0
0
0
0
0
0
0
0
0
0
0
0
0
0
0
0
0
0
0
0
0
0
0
0
0
0
0
0
0
0
0
0
0
0
0
0
0
0
0
0
0
0
0
0
0
0
0
0
0
0
0
0
0
0
0
0
0
0
0
0
$MCA_CAL:
3
-1.4656616 2.9313233 0.00000000000000
$ENER_FIT:
-1.4656616 2.9313233 0.00000000000000
$MCA_CAL_DATA:
3
298 872
597 1749
896 2625
$CAMBIO:
Parent file specification: C:\GADRAS-DRF\Temp\137CS_150.0_50.0_iron_6.28_6.0.pcf
Successful read of spectrum: Yes
Error message: None
Warning: None
Information: None
Neutrons: 0
Number of spectral records in the parent file: 1
Record number of this spectrum in the parent file: 1
Date and time of acquisition read successfully from the original file: Yes
Live time read successfully from the original file: Yes
True time read successfully from the original file: Yes
GADRAS Tag character is:  
Version: 130122
Parent file type: Sandia GADRAS PCF
