$SPEC_ID:
137CS,1uC{0,0}
$MEAS_TIM:
3600.00 3600.00
$DATE_MEA:
3/9/2018 5:22:25 PM
$DATA:
0 1193
112.300
108.280
99.793
85.372
73.480
64.389
56.716
49.221
47.486
86.774
166.776
146.045
72.061
38.565
27.225
24.899
25.449
26.137
26.828
27.465
28.076
28.690
29.374
30.372
31.334
32.322
33.015
33.641
34.277
34.752
34.980
35.213
35.444
35.653
35.864
36.061
36.356
36.706
37.065
37.391
37.611
37.831
38.052
38.268
38.476
38.687
38.946
39.251
39.579
39.900
40.188
40.452
40.725
41.034
41.328
41.635
42.159
42.933
43.892
44.980
46.295
47.971
49.759
51.418
52.864
53.824
54.002
53.741
53.319
52.356
50.756
48.939
47.141
45.382
43.555
41.504
39.306
37.116
34.998
32.986
31.172
29.612
28.138
26.571
25.082
23.910
22.960
22.018
21.063
20.177
19.403
18.755
18.203
17.667
17.110
16.604
16.211
15.881
15.534
15.169
14.838
14.561
14.304
14.038
13.773
13.533
13.320
13.119
12.918
12.724
12.547
12.387
12.235
12.087
11.946
11.818
11.702
11.593
11.487
11.386
11.300
11.231
11.173
11.114
11.058
11.017
11.001
11.005
11.015
11.021
11.031
11.059
11.111
11.178
11.247
11.311
11.375
11.447
11.526
11.606
11.676
11.734
11.787
11.843
11.897
11.927
11.910
11.838
11.732
11.617
11.500
11.354
11.145
10.854
10.502
10.122
9.743
9.365
8.980
8.578
8.166
7.761
7.382
7.040
6.733
6.459
6.214
5.996
5.799
5.622
5.462
5.315
5.181
5.057
4.941
4.833
4.729
4.631
4.536
4.446
4.359
4.276
4.197
4.122
4.050
3.981
3.916
3.854
3.795
3.738
3.684
3.630
3.579
3.529
3.483
3.439
3.400
3.366
3.340
3.325
3.331
3.366
3.442
3.579
3.806
4.150
4.642
5.331
6.271
7.516
9.121
11.125
13.562
16.469
19.868
23.702
27.885
32.332
36.947
41.552
45.936
49.887
53.201
55.730
57.365
58.007
57.550
56.015
53.537
50.267
46.344
41.931
37.223
32.421
27.719
23.294
19.223
15.551
12.328
9.597
7.346
5.522
4.072
2.942
2.081
1.444
0.987
0.666
0.438
0.280
0.176
0.111
0.069
0.040
0.020
0.008
0.001
-0.002
-0.003
-0.002
-0.001
0.000
0.001
0.001
0.000
0.000
0.000
0.000
0.000
0
0
0
0
0
0
0
0
0
0
0
0
0
0
0
0
0
0
0
0
0
0
0
0
0
0
0
0
0
0
0
0
0
0
0
0
0
0
0
0
0
0
0
0
0
0
0
0
0
0
0
0
0
0
0
0
0
0
0
0
0
0
0
0
0
0
0
0
0
0
0
0
0
0
0
0
0
0
0
0
0
0
0
0
0
0
0
0
0
0
0
0
0
0
0
0
0
0
0
0
0
0
0
0
0
0
0
0
0
0
0
0
0
0
0
0
0
0
0
0
0
0
0
0
0
0
0
0
0
0
0
0
0
0
0
0
0
0
0
0
0
0
0
0
0
0
0
0
0
0
0
0
0
0
0
0
0
0
0
0
0
0
0
0
0
0
0
0
0
0
0
0
0
0
0
0
0
0
0
0
0
0
0
0
0
0
0
0
0
0
0
0
0
0
0
0
0
0
0
0
0
0
0
0
0
0
0
0
0
0
0
0
0
0
0
0
0
0
0
0
0
0
0
0
0
0
0
0
0
0
0
0
0
0
0
0
0
0
0
0
0
0
0
0
0
0
0
0
0
0
0
0
0
0
0
0
0
0
0
0
0
0
0
0
0
0
0
0
0
0
0
0
0
0
0
0
0
0
0
0
0
0
0
0
0
0
0
0
0
0
0
0
0
0
0
0
0
0
0
0
0
0
0
0
0
0
0
0
0
0
0
0
0
0
0
0
0
0
0
0
0
0
0
0
0
0
0
0
0
0
0
0
0
0
0
0
0
0
0
0
0
0
0
0
0
0
0
0
0
0
0
0
0
0
0
0
0
0
0
0
0
0
0
0
0
0
0
0
0
0
0
0
0
0
0
0
0
0
0
0
0
0
0
0
0
0
0
0
0
0
0
0
0
0
0
0
0
0
0
0
0
0
0
0
0
0
0
0
0
0
0
0
0
0
0
0
0
0
0
0
0
0
0
0
0
0
0
0
0
0
0
0
0
0
0
0
0
0
0
0
0
0
0
0
0
0
0
0
0
0
0
0
0
0
0
0
0
0
0
0
0
0
0
0
0
0
0
0
0
0
0
0
0
0
0
0
0
0
0
0
0
0
0
0
0
0
0
0
0
0
0
0
0
0
0
0
0
0
0
0
0
0
0
0
0
0
0
0
0
0
0
0
0
0
0
0
0
0
0
0
0
0
0
0
0
0
0
0
0
0
0
0
0
0
0
0
0
0
0
0
0
0
0
0
0
0
0
0
0
0
0
0
0
0
0
0
0
0
0
0
0
0
0
0
0
0
0
0
0
0
0
0
0
0
0
0
0
0
0
0
0
0
0
0
0
0
0
0
0
0
0
0
0
0
0
0
0
0
0
0
0
0
0
0
0
0
0
0
0
0
0
0
0
0
0
0
0
0
0
0
0
0
0
0
0
0
0
0
0
0
0
0
0
0
0
0
0
0
0
0
0
0
0
0
0
0
0
0
0
0
0
0
0
0
0
0
0
0
0
0
0
0
0
0
0
0
0
0
0
0
0
0
0
0
0
0
0
0
0
0
0
0
0
0
0
0
0
0
0
0
0
0
0
0
0
0
0
0
0
0
0
0
0
0
0
0
0
0
0
0
0
0
0
0
0
0
0
0
0
0
0
0
0
0
0
0
0
0
0
0
0
0
0
0
0
0
0
0
0
0
0
0
0
0
0
0
0
0
0
0
0
0
0
0
0
0
0
0
0
0
0
0
0
0
0
0
0
0
0
0
0
0
0
0
0
0
0
0
0
0
0
0
0
0
0
0
0
0
0
0
0
0
0
0
0
0
0
0
0
0
0
0
0
0
0
0
0
0
0
0
0
0
0
0
0
0
0
0
0
0
0
0
0
0
0
0
0
0
0
0
0
0
0
0
0
0
0
0
0
0
0
0
0
0
0
0
0
0
0
0
0
0
0
0
0
0
0
0
0
0
0
0
0
0
0
0
0
0
0
0
0
0
0
0
0
0
0
0
0
0
0
0
0
0
0
0
0
0
0
0
0
0
0
0
0
0
0
0
0
0
0
0
0
0
0
0
0
0
0
0
0
0
0
0
0
0
0
0
0
0
0
0
0
0
0
$MCA_CAL:
3
-1.4656616 2.9313233 0.00000000000000
$ENER_FIT:
-1.4656616 2.9313233 0.00000000000000
$MCA_CAL_DATA:
3
298 872
597 1749
896 2625
$CAMBIO:
Parent file specification: C:\GADRAS-DRF\Temp\137CS_150.0_237.5_none_0_7.5.pcf
Successful read of spectrum: Yes
Error message: None
Warning: None
Information: None
Neutrons: 0
Number of spectral records in the parent file: 1
Record number of this spectrum in the parent file: 1
Date and time of acquisition read successfully from the original file: Yes
Live time read successfully from the original file: Yes
True time read successfully from the original file: Yes
GADRAS Tag character is:  
Version: 130122
Parent file type: Sandia GADRAS PCF
