$SPEC_ID:
137CS,1uC{82,1.61}
$MEAS_TIM:
3600.00 3600.00
$DATE_MEA:
3/9/2018 5:22:25 PM
$DATA:
0 1193
1086.532
983.308
884.902
857.006
742.173
645.904
572.411
499.401
429.417
393.962
362.303
330.769
311.613
303.066
294.361
286.738
285.025
283.566
282.410
283.099
284.912
286.648
289.148
292.886
296.758
300.695
303.168
305.200
307.363
309.470
311.580
313.515
315.767
319.172
322.816
326.264
330.822
336.549
341.884
346.162
348.859
350.747
352.884
353.636
353.384
353.504
354.070
354.802
355.609
357.044
359.178
361.757
365.102
369.478
374.876
381.625
390.269
401.157
414.116
427.827
441.077
453.091
461.448
462.226
454.536
439.875
420.352
398.488
377.205
359.392
345.013
332.304
320.221
308.321
297.725
290.901
288.014
286.033
283.092
280.424
279.287
279.147
279.058
278.770
278.473
278.272
278.140
278.030
277.881
277.618
277.228
276.729
276.136
275.475
274.761
273.977
273.045
271.929
270.648
269.264
267.786
266.191
264.467
262.632
260.753
258.866
256.960
255.021
253.039
251.076
249.177
247.363
245.568
243.759
241.942
240.207
238.622
237.193
235.859
234.544
233.280
232.117
231.130
230.344
229.783
229.448
229.313
229.318
229.386
229.530
229.848
230.468
231.425
232.608
233.864
235.059
236.229
237.445
238.779
240.180
241.503
242.583
243.318
243.685
243.695
243.342
242.622
241.540
240.078
238.169
235.570
232.055
227.413
221.775
215.484
208.871
202.196
195.435
188.529
181.407
174.136
166.914
159.966
153.501
147.576
142.172
137.257
132.808
128.780
125.134
121.821
118.802
116.036
113.479
111.097
108.856
106.740
104.741
102.845
101.052
99.345
97.719
96.171
94.689
93.267
91.902
90.585
89.314
88.092
86.936
85.849
84.842
83.923
83.106
82.393
81.798
81.388
81.300
81.664
82.609
84.342
87.210
91.591
97.859
106.421
117.856
132.839
152.054
176.168
205.697
240.897
282.022
329.275
382.781
441.751
504.930
571.081
638.957
707.001
772.763
833.741
887.391
931.291
963.782
983.967
991.168
984.501
963.412
929.041
883.407
828.418
766.063
698.319
627.334
555.203
484.063
416.087
352.949
295.212
243.155
197.094
157.311
123.865
96.201
73.650
55.551
41.242
30.108
21.652
15.403
10.887
7.632
5.227
3.489
2.288
1.493
0.971
0.604
0.345
0.174
0.070
0.014
-0.015
-0.026
-0.025
-0.017
-0.006
0.002
0.007
0.007
0.006
0.003
0.000
-0.001
-0.002
-0.001
-0.001
-0.000
0.000
0.000
0.000
0
0
0
0
0
0
0
0
0
0
0
0
0
0
0
0
0
0
0
0
0
0
0
0
0
0
0
0
0
0
0
0
0
0
0
0
0
0
0
0
0
0
0
0
0
0
0
0
0
0
0
0
0
0
0
0
0
0
0
0
0
0
0
0
0
0
0
0
0
0
0
0
0
0
0
0
0
0
0
0
0
0
0
0
0
0
0
0
0
0
0
0
0
0
0
0
0
0
0
0
0
0
0
0
0
0
0
0
0
0
0
0
0
0
0
0
0
0
0
0
0
0
0
0
0
0
0
0
0
0
0
0
0
0
0
0
0
0
0
0
0
0
0
0
0
0
0
0
0
0
0
0
0
0
0
0
0
0
0
0
0
0
0
0
0
0
0
0
0
0
0
0
0
0
0
0
0
0
0
0
0
0
0
0
0
0
0
0
0
0
0
0
0
0
0
0
0
0
0
0
0
0
0
0
0
0
0
0
0
0
0
0
0
0
0
0
0
0
0
0
0
0
0
0
0
0
0
0
0
0
0
0
0
0
0
0
0
0
0
0
0
0
0
0
0
0
0
0
0
0
0
0
0
0
0
0
0
0
0
0
0
0
0
0
0
0
0
0
0
0
0
0
0
0
0
0
0
0
0
0
0
0
0
0
0
0
0
0
0
0
0
0
0
0
0
0
0
0
0
0
0
0
0
0
0
0
0
0
0
0
0
0
0
0
0
0
0
0
0
0
0
0
0
0
0
0
0
0
0
0
0
0
0
0
0
0
0
0
0
0
0
0
0
0
0
0
0
0
0
0
0
0
0
0
0
0
0
0
0
0
0
0
0
0
0
0
0
0
0
0
0
0
0
0
0
0
0
0
0
0
0
0
0
0
0
0
0
0
0
0
0
0
0
0
0
0
0
0
0
0
0
0
0
0
0
0
0
0
0
0
0
0
0
0
0
0
0
0
0
0
0
0
0
0
0
0
0
0
0
0
0
0
0
0
0
0
0
0
0
0
0
0
0
0
0
0
0
0
0
0
0
0
0
0
0
0
0
0
0
0
0
0
0
0
0
0
0
0
0
0
0
0
0
0
0
0
0
0
0
0
0
0
0
0
0
0
0
0
0
0
0
0
0
0
0
0
0
0
0
0
0
0
0
0
0
0
0
0
0
0
0
0
0
0
0
0
0
0
0
0
0
0
0
0
0
0
0
0
0
0
0
0
0
0
0
0
0
0
0
0
0
0
0
0
0
0
0
0
0
0
0
0
0
0
0
0
0
0
0
0
0
0
0
0
0
0
0
0
0
0
0
0
0
0
0
0
0
0
0
0
0
0
0
0
0
0
0
0
0
0
0
0
0
0
0
0
0
0
0
0
0
0
0
0
0
0
0
0
0
0
0
0
0
0
0
0
0
0
0
0
0
0
0
0
0
0
0
0
0
0
0
0
0
0
0
0
0
0
0
0
0
0
0
0
0
0
0
0
0
0
0
0
0
0
0
0
0
0
0
0
0
0
0
0
0
0
0
0
0
0
0
0
0
0
0
0
0
0
0
0
0
0
0
0
0
0
0
0
0
0
0
0
0
0
0
0
0
0
0
0
0
0
0
0
0
0
0
0
0
0
0
0
0
0
0
0
0
0
0
0
0
0
0
0
0
0
0
0
0
0
0
0
0
0
0
0
0
0
0
0
0
0
0
0
0
0
0
0
0
0
0
0
0
0
0
0
0
0
0
0
0
0
0
0
0
0
0
0
0
0
0
0
0
0
0
0
0
0
0
0
0
0
0
0
0
0
0
0
0
0
0
0
0
0
0
0
0
0
0
0
0
0
0
0
0
0
0
0
0
0
0
0
0
0
0
0
0
0
0
0
0
0
0
0
0
0
0
0
0
0
0
0
0
0
0
0
0
0
0
0
0
0
0
0
0
0
0
0
0
0
0
0
0
0
0
0
0
0
0
0
0
0
0
0
0
0
0
0
0
0
0
0
0
0
0
0
0
0
0
0
0
0
0
0
0
0
0
0
0
0
0
0
0
0
0
0
0
0
0
0
0
0
0
0
0
0
0
0
0
0
0
0
0
$MCA_CAL:
3
-1.4656616 2.9313233 0.00000000000000
$ENER_FIT:
-1.4656616 2.9313233 0.00000000000000
$MCA_CAL_DATA:
3
298 872
597 1749
896 2625
$CAMBIO:
Parent file specification: C:\GADRAS-DRF\Temp\137CS_75.0_50.0_lead_1.61_8.5.pcf
Successful read of spectrum: Yes
Error message: None
Warning: None
Information: None
Neutrons: 0
Number of spectral records in the parent file: 1
Record number of this spectrum in the parent file: 1
Date and time of acquisition read successfully from the original file: Yes
Live time read successfully from the original file: Yes
True time read successfully from the original file: Yes
GADRAS Tag character is:  
Version: 130122
Parent file type: Sandia GADRAS PCF
