$SPEC_ID:
137CS,1uC{82,1.61}
$MEAS_TIM:
3600.00 3600.00
$DATE_MEA:
3/9/2018 5:22:25 PM
$DATA:
0 1193
80.569
73.292
66.255
65.490
58.150
50.515
43.913
37.400
31.181
28.056
25.253
22.470
20.896
20.292
19.718
19.282
19.817
20.367
20.962
21.575
22.194
22.819
23.451
24.158
24.856
25.546
26.131
26.658
27.212
27.678
28.059
28.444
28.795
29.070
29.319
29.570
29.844
30.113
30.365
30.575
30.734
30.892
31.035
31.118
31.147
31.218
31.261
31.240
31.222
31.195
31.146
31.084
31.022
30.969
30.933
30.920
30.970
31.183
31.532
31.895
32.355
32.992
33.630
34.133
34.478
34.602
34.416
34.026
33.610
33.107
32.410
31.616
30.856
30.113
29.342
28.549
27.749
26.949
26.152
25.392
24.701
24.052
23.398
22.737
22.097
21.490
20.907
20.337
19.773
19.207
18.640
18.070
17.503
16.946
16.405
15.884
15.384
14.894
14.395
13.892
13.419
13.001
12.616
12.227
11.825
11.436
11.087
10.767
10.448
10.117
9.797
9.515
9.272
9.046
8.814
8.584
8.372
8.193
8.038
7.892
7.748
7.610
7.484
7.375
7.280
7.197
7.123
7.058
6.998
6.946
6.904
6.876
6.862
6.855
6.849
6.843
6.840
6.844
6.855
6.869
6.879
6.882
6.882
6.884
6.891
6.896
6.884
6.845
6.776
6.686
6.582
6.470
6.346
6.207
6.050
5.874
5.684
5.479
5.266
5.049
4.835
4.630
4.437
4.257
4.093
3.945
3.811
3.690
3.580
3.479
3.388
3.305
3.229
3.159
3.094
3.033
2.975
2.920
2.867
2.818
2.771
2.727
2.685
2.644
2.605
2.568
2.533
2.499
2.466
2.436
2.406
2.379
2.352
2.328
2.304
2.283
2.265
2.253
2.248
2.253
2.276
2.322
2.400
2.518
2.692
2.941
3.283
3.737
4.323
5.063
5.978
7.092
8.408
9.919
11.613
13.481
15.497
17.597
19.715
21.781
23.726
25.473
26.943
28.057
28.732
28.936
28.683
27.999
26.904
25.432
23.649
21.639
19.485
17.271
15.066
12.923
10.893
9.024
7.363
5.920
4.683
3.640
2.779
2.087
1.542
1.121
0.803
0.566
0.389
0.263
0.176
0.118
0.078
0.050
0.031
0.019
0.012
0.007
0.004
0.002
0.001
0.000
-0.000
-0.000
-0.000
-0.000
-0.000
0.000
0.000
0.000
0.000
0.000
0.000
0.000
0.000
0
0
0
0
0
0
0
0
0
0
0
0
0
0
0
0
0
0
0
0
0
0
0
0
0
0
0
0
0
0
0
0
0
0
0
0
0
0
0
0
0
0
0
0
0
0
0
0
0
0
0
0
0
0
0
0
0
0
0
0
0
0
0
0
0
0
0
0
0
0
0
0
0
0
0
0
0
0
0
0
0
0
0
0
0
0
0
0
0
0
0
0
0
0
0
0
0
0
0
0
0
0
0
0
0
0
0
0
0
0
0
0
0
0
0
0
0
0
0
0
0
0
0
0
0
0
0
0
0
0
0
0
0
0
0
0
0
0
0
0
0
0
0
0
0
0
0
0
0
0
0
0
0
0
0
0
0
0
0
0
0
0
0
0
0
0
0
0
0
0
0
0
0
0
0
0
0
0
0
0
0
0
0
0
0
0
0
0
0
0
0
0
0
0
0
0
0
0
0
0
0
0
0
0
0
0
0
0
0
0
0
0
0
0
0
0
0
0
0
0
0
0
0
0
0
0
0
0
0
0
0
0
0
0
0
0
0
0
0
0
0
0
0
0
0
0
0
0
0
0
0
0
0
0
0
0
0
0
0
0
0
0
0
0
0
0
0
0
0
0
0
0
0
0
0
0
0
0
0
0
0
0
0
0
0
0
0
0
0
0
0
0
0
0
0
0
0
0
0
0
0
0
0
0
0
0
0
0
0
0
0
0
0
0
0
0
0
0
0
0
0
0
0
0
0
0
0
0
0
0
0
0
0
0
0
0
0
0
0
0
0
0
0
0
0
0
0
0
0
0
0
0
0
0
0
0
0
0
0
0
0
0
0
0
0
0
0
0
0
0
0
0
0
0
0
0
0
0
0
0
0
0
0
0
0
0
0
0
0
0
0
0
0
0
0
0
0
0
0
0
0
0
0
0
0
0
0
0
0
0
0
0
0
0
0
0
0
0
0
0
0
0
0
0
0
0
0
0
0
0
0
0
0
0
0
0
0
0
0
0
0
0
0
0
0
0
0
0
0
0
0
0
0
0
0
0
0
0
0
0
0
0
0
0
0
0
0
0
0
0
0
0
0
0
0
0
0
0
0
0
0
0
0
0
0
0
0
0
0
0
0
0
0
0
0
0
0
0
0
0
0
0
0
0
0
0
0
0
0
0
0
0
0
0
0
0
0
0
0
0
0
0
0
0
0
0
0
0
0
0
0
0
0
0
0
0
0
0
0
0
0
0
0
0
0
0
0
0
0
0
0
0
0
0
0
0
0
0
0
0
0
0
0
0
0
0
0
0
0
0
0
0
0
0
0
0
0
0
0
0
0
0
0
0
0
0
0
0
0
0
0
0
0
0
0
0
0
0
0
0
0
0
0
0
0
0
0
0
0
0
0
0
0
0
0
0
0
0
0
0
0
0
0
0
0
0
0
0
0
0
0
0
0
0
0
0
0
0
0
0
0
0
0
0
0
0
0
0
0
0
0
0
0
0
0
0
0
0
0
0
0
0
0
0
0
0
0
0
0
0
0
0
0
0
0
0
0
0
0
0
0
0
0
0
0
0
0
0
0
0
0
0
0
0
0
0
0
0
0
0
0
0
0
0
0
0
0
0
0
0
0
0
0
0
0
0
0
0
0
0
0
0
0
0
0
0
0
0
0
0
0
0
0
0
0
0
0
0
0
0
0
0
0
0
0
0
0
0
0
0
0
0
0
0
0
0
0
0
0
0
0
0
0
0
0
0
0
0
0
0
0
0
0
0
0
0
0
0
0
0
0
0
0
0
0
0
0
0
0
0
0
0
0
0
0
0
0
0
0
0
0
0
0
0
0
0
0
0
0
0
0
0
0
0
0
0
0
0
0
0
0
0
0
0
0
0
0
0
0
0
0
0
0
0
0
0
0
0
0
0
0
0
0
0
0
0
0
0
0
0
0
0
0
0
0
0
0
0
0
0
0
0
0
0
0
0
0
0
0
0
0
0
0
0
0
0
0
0
0
0
0
0
0
0
0
0
0
0
0
0
0
0
0
0
0
0
0
0
0
0
0
0
0
0
0
0
0
0
0
0
0
0
0
0
0
0
0
0
0
$MCA_CAL:
3
-1.4656616 2.9313233 0.00000000000000
$ENER_FIT:
-1.4656616 2.9313233 0.00000000000000
$MCA_CAL_DATA:
3
298 872
597 1749
896 2625
$CAMBIO:
Parent file specification: C:\GADRAS-DRF\Temp\137CS_100.0_300.0_lead_1.61_8.0.pcf
Successful read of spectrum: Yes
Error message: None
Warning: None
Information: None
Neutrons: 0
Number of spectral records in the parent file: 1
Record number of this spectrum in the parent file: 1
Date and time of acquisition read successfully from the original file: Yes
Live time read successfully from the original file: Yes
True time read successfully from the original file: Yes
GADRAS Tag character is:  
Version: 130122
Parent file type: Sandia GADRAS PCF
