$SPEC_ID:
137CS,1uC{82,0.22}
$MEAS_TIM:
3600.00 3600.00
$DATE_MEA:
3/9/2018 5:22:25 PM
$DATA:
0 1193
130.949
119.305
107.630
97.401
85.284
74.256
64.850
55.457
46.295
41.891
38.297
34.257
31.600
30.399
29.400
28.750
29.560
30.352
31.158
31.976
32.800
33.621
34.525
35.626
36.735
37.817
38.676
39.427
40.203
40.803
41.179
41.555
41.918
42.155
42.383
42.611
42.878
43.179
43.472
43.751
44.003
44.246
44.483
44.677
44.837
45.011
45.151
45.248
45.345
45.439
45.432
45.393
45.372
45.361
45.387
45.369
45.441
45.984
46.605
47.215
48.265
49.625
51.065
52.458
53.654
54.446
54.584
54.299
53.969
53.304
52.170
50.900
49.655
48.434
47.134
45.685
44.193
42.711
41.193
39.706
38.407
37.245
36.063
34.856
33.684
32.594
31.610
30.670
29.709
28.750
27.832
26.943
26.062
25.184
24.313
23.472
22.686
21.926
21.141
20.358
19.664
19.078
18.532
17.976
17.432
16.925
16.453
16.009
15.584
15.169
14.765
14.393
14.065
13.760
13.449
13.142
12.876
12.666
12.480
12.280
12.078
11.908
11.788
11.687
11.573
11.455
11.365
11.323
11.305
11.283
11.251
11.233
11.248
11.287
11.331
11.367
11.405
11.453
11.515
11.580
11.639
11.691
11.741
11.789
11.828
11.841
11.819
11.769
11.702
11.618
11.498
11.315
11.058
10.751
10.424
10.092
9.743
9.358
8.935
8.493
8.060
7.653
7.279
6.939
6.635
6.364
6.124
5.912
5.724
5.558
5.410
5.276
5.154
5.039
4.929
4.824
4.724
4.627
4.535
4.447
4.362
4.281
4.204
4.130
4.059
3.993
3.929
3.868
3.810
3.756
3.703
3.652
3.603
3.554
3.505
3.457
3.411
3.369
3.333
3.303
3.283
3.276
3.297
3.360
3.481
3.687
4.021
4.525
5.245
6.246
7.602
9.387
11.662
14.460
17.805
21.721
26.167
31.007
36.095
41.279
46.345
51.009
54.989
58.011
59.920
60.657
60.153
58.363
55.417
51.539
46.952
41.880
36.552
31.200
26.053
21.327
17.110
13.421
10.285
7.717
5.677
4.090
2.883
1.983
1.330
0.874
0.568
0.361
0.221
0.132
0.079
0.048
0.026
0.012
0.004
0.000
-0.002
-0.002
-0.001
-0.000
0.000
0.001
0.000
0.000
-0.000
-0.000
-0.000
-0.000
-0.000
0.000
0.000
0
0
0
0
0
0
0
0
0
0
0
0
0
0
0
0
0
0
0
0
0
0
0
0
0
0
0
0
0
0
0
0
0
0
0
0
0
0
0
0
0
0
0
0
0
0
0
0
0
0
0
0
0
0
0
0
0
0
0
0
0
0
0
0
0
0
0
0
0
0
0
0
0
0
0
0
0
0
0
0
0
0
0
0
0
0
0
0
0
0
0
0
0
0
0
0
0
0
0
0
0
0
0
0
0
0
0
0
0
0
0
0
0
0
0
0
0
0
0
0
0
0
0
0
0
0
0
0
0
0
0
0
0
0
0
0
0
0
0
0
0
0
0
0
0
0
0
0
0
0
0
0
0
0
0
0
0
0
0
0
0
0
0
0
0
0
0
0
0
0
0
0
0
0
0
0
0
0
0
0
0
0
0
0
0
0
0
0
0
0
0
0
0
0
0
0
0
0
0
0
0
0
0
0
0
0
0
0
0
0
0
0
0
0
0
0
0
0
0
0
0
0
0
0
0
0
0
0
0
0
0
0
0
0
0
0
0
0
0
0
0
0
0
0
0
0
0
0
0
0
0
0
0
0
0
0
0
0
0
0
0
0
0
0
0
0
0
0
0
0
0
0
0
0
0
0
0
0
0
0
0
0
0
0
0
0
0
0
0
0
0
0
0
0
0
0
0
0
0
0
0
0
0
0
0
0
0
0
0
0
0
0
0
0
0
0
0
0
0
0
0
0
0
0
0
0
0
0
0
0
0
0
0
0
0
0
0
0
0
0
0
0
0
0
0
0
0
0
0
0
0
0
0
0
0
0
0
0
0
0
0
0
0
0
0
0
0
0
0
0
0
0
0
0
0
0
0
0
0
0
0
0
0
0
0
0
0
0
0
0
0
0
0
0
0
0
0
0
0
0
0
0
0
0
0
0
0
0
0
0
0
0
0
0
0
0
0
0
0
0
0
0
0
0
0
0
0
0
0
0
0
0
0
0
0
0
0
0
0
0
0
0
0
0
0
0
0
0
0
0
0
0
0
0
0
0
0
0
0
0
0
0
0
0
0
0
0
0
0
0
0
0
0
0
0
0
0
0
0
0
0
0
0
0
0
0
0
0
0
0
0
0
0
0
0
0
0
0
0
0
0
0
0
0
0
0
0
0
0
0
0
0
0
0
0
0
0
0
0
0
0
0
0
0
0
0
0
0
0
0
0
0
0
0
0
0
0
0
0
0
0
0
0
0
0
0
0
0
0
0
0
0
0
0
0
0
0
0
0
0
0
0
0
0
0
0
0
0
0
0
0
0
0
0
0
0
0
0
0
0
0
0
0
0
0
0
0
0
0
0
0
0
0
0
0
0
0
0
0
0
0
0
0
0
0
0
0
0
0
0
0
0
0
0
0
0
0
0
0
0
0
0
0
0
0
0
0
0
0
0
0
0
0
0
0
0
0
0
0
0
0
0
0
0
0
0
0
0
0
0
0
0
0
0
0
0
0
0
0
0
0
0
0
0
0
0
0
0
0
0
0
0
0
0
0
0
0
0
0
0
0
0
0
0
0
0
0
0
0
0
0
0
0
0
0
0
0
0
0
0
0
0
0
0
0
0
0
0
0
0
0
0
0
0
0
0
0
0
0
0
0
0
0
0
0
0
0
0
0
0
0
0
0
0
0
0
0
0
0
0
0
0
0
0
0
0
0
0
0
0
0
0
0
0
0
0
0
0
0
0
0
0
0
0
0
0
0
0
0
0
0
0
0
0
0
0
0
0
0
0
0
0
0
0
0
0
0
0
0
0
0
0
0
0
0
0
0
0
0
0
0
0
0
0
0
0
0
0
0
0
0
0
0
0
0
0
0
0
0
0
0
0
0
0
0
0
0
0
0
0
0
0
0
0
0
0
0
0
0
0
0
0
0
0
0
0
0
0
0
0
0
0
0
0
0
0
0
0
0
0
0
0
0
0
0
0
0
0
0
0
0
0
0
0
0
0
0
0
0
0
0
0
0
0
0
0
0
0
0
0
0
0
0
0
0
0
0
0
0
0
0
0
0
0
0
0
0
0
0
0
0
0
0
0
0
0
0
0
0
0
0
0
0
$MCA_CAL:
3
-1.4656616 2.9313233 0.00000000000000
$ENER_FIT:
-1.4656616 2.9313233 0.00000000000000
$MCA_CAL_DATA:
3
298 872
597 1749
896 2625
$CAMBIO:
Parent file specification: C:\GADRAS-DRF\Temp\137CS_100.0_237.5_lead_0.22_7.0.pcf
Successful read of spectrum: Yes
Error message: None
Warning: None
Information: None
Neutrons: 0
Number of spectral records in the parent file: 1
Record number of this spectrum in the parent file: 1
Date and time of acquisition read successfully from the original file: Yes
Live time read successfully from the original file: Yes
True time read successfully from the original file: Yes
GADRAS Tag character is:  
Version: 130122
Parent file type: Sandia GADRAS PCF
