$SPEC_ID:
137CS,1uC{82,0.92}
$MEAS_TIM:
3600.00 3600.00
$DATE_MEA:
3/9/2018 5:22:25 PM
$DATA:
0 1193
147.693
134.279
121.621
114.764
102.015
89.142
78.201
67.335
56.997
51.599
46.885
42.252
39.495
38.701
37.867
37.112
37.628
38.113
38.654
39.442
40.349
41.246
42.203
43.340
44.481
45.559
46.359
47.018
47.685
48.218
48.585
48.918
49.268
49.621
49.985
50.331
50.781
51.332
51.832
52.242
52.572
52.853
53.126
53.394
53.653
53.933
54.318
54.855
55.406
55.953
56.633
57.382
58.095
58.897
59.867
60.891
62.048
63.640
65.629
67.732
69.934
72.354
74.754
76.717
77.949
78.237
77.592
76.157
74.056
71.404
68.350
65.078
61.746
58.458
55.297
52.281
49.413
46.658
43.972
41.435
39.267
37.580
36.133
34.636
33.122
31.840
30.921
30.184
29.412
28.590
27.851
27.289
26.842
26.413
25.964
25.536
25.168
24.858
24.570
24.275
23.976
23.685
23.414
23.156
22.908
22.665
22.425
22.190
21.959
21.739
21.532
21.341
21.158
20.979
20.801
20.629
20.468
20.323
20.193
20.075
19.968
19.870
19.779
19.693
19.619
19.565
19.541
19.548
19.574
19.611
19.652
19.701
19.760
19.834
19.922
20.021
20.128
20.237
20.341
20.435
20.512
20.572
20.621
20.665
20.702
20.714
20.678
20.572
20.387
20.134
19.822
19.461
19.058
18.614
18.135
17.623
17.080
16.510
15.917
15.303
14.684
14.074
13.488
12.939
12.428
11.957
11.524
11.129
10.770
10.443
10.144
9.873
9.624
9.394
9.181
8.981
8.793
8.615
8.447
8.289
8.139
7.996
7.861
7.731
7.606
7.487
7.374
7.267
7.165
7.071
6.984
6.904
6.832
6.772
6.728
6.707
6.714
6.759
6.857
7.030
7.298
7.684
8.214
8.930
9.876
11.095
12.628
14.515
16.788
19.483
22.633
26.266
30.344
34.815
39.625
44.715
50.012
55.370
60.629
65.622
70.188
74.173
77.463
79.943
81.495
82.015
81.433
79.822
77.281
73.911
69.806
65.079
59.884
54.390
48.761
43.162
37.750
32.603
27.780
23.337
19.333
15.820
12.795
10.220
8.055
6.260
4.797
3.626
2.707
2.000
1.465
1.063
0.756
0.528
0.363
0.248
0.169
0.112
0.070
0.040
0.020
0.008
0.000
-0.003
-0.005
-0.004
-0.003
-0.001
0.000
0.001
0.001
0.001
0.001
0.000
-0.000
-0.000
-0.000
-0.000
-0.000
-0.000
0.000
0.000
0.000
0
0
0
0
0
0
0
0
0
0
0
0
0
0
0
0
0
0
0
0
0
0
0
0
0
0
0
0
0
0
0
0
0
0
0
0
0
0
0
0
0
0
0
0
0
0
0
0
0
0
0
0
0
0
0
0
0
0
0
0
0
0
0
0
0
0
0
0
0
0
0
0
0
0
0
0
0
0
0
0
0
0
0
0
0
0
0
0
0
0
0
0
0
0
0
0
0
0
0
0
0
0
0
0
0
0
0
0
0
0
0
0
0
0
0
0
0
0
0
0
0
0
0
0
0
0
0
0
0
0
0
0
0
0
0
0
0
0
0
0
0
0
0
0
0
0
0
0
0
0
0
0
0
0
0
0
0
0
0
0
0
0
0
0
0
0
0
0
0
0
0
0
0
0
0
0
0
0
0
0
0
0
0
0
0
0
0
0
0
0
0
0
0
0
0
0
0
0
0
0
0
0
0
0
0
0
0
0
0
0
0
0
0
0
0
0
0
0
0
0
0
0
0
0
0
0
0
0
0
0
0
0
0
0
0
0
0
0
0
0
0
0
0
0
0
0
0
0
0
0
0
0
0
0
0
0
0
0
0
0
0
0
0
0
0
0
0
0
0
0
0
0
0
0
0
0
0
0
0
0
0
0
0
0
0
0
0
0
0
0
0
0
0
0
0
0
0
0
0
0
0
0
0
0
0
0
0
0
0
0
0
0
0
0
0
0
0
0
0
0
0
0
0
0
0
0
0
0
0
0
0
0
0
0
0
0
0
0
0
0
0
0
0
0
0
0
0
0
0
0
0
0
0
0
0
0
0
0
0
0
0
0
0
0
0
0
0
0
0
0
0
0
0
0
0
0
0
0
0
0
0
0
0
0
0
0
0
0
0
0
0
0
0
0
0
0
0
0
0
0
0
0
0
0
0
0
0
0
0
0
0
0
0
0
0
0
0
0
0
0
0
0
0
0
0
0
0
0
0
0
0
0
0
0
0
0
0
0
0
0
0
0
0
0
0
0
0
0
0
0
0
0
0
0
0
0
0
0
0
0
0
0
0
0
0
0
0
0
0
0
0
0
0
0
0
0
0
0
0
0
0
0
0
0
0
0
0
0
0
0
0
0
0
0
0
0
0
0
0
0
0
0
0
0
0
0
0
0
0
0
0
0
0
0
0
0
0
0
0
0
0
0
0
0
0
0
0
0
0
0
0
0
0
0
0
0
0
0
0
0
0
0
0
0
0
0
0
0
0
0
0
0
0
0
0
0
0
0
0
0
0
0
0
0
0
0
0
0
0
0
0
0
0
0
0
0
0
0
0
0
0
0
0
0
0
0
0
0
0
0
0
0
0
0
0
0
0
0
0
0
0
0
0
0
0
0
0
0
0
0
0
0
0
0
0
0
0
0
0
0
0
0
0
0
0
0
0
0
0
0
0
0
0
0
0
0
0
0
0
0
0
0
0
0
0
0
0
0
0
0
0
0
0
0
0
0
0
0
0
0
0
0
0
0
0
0
0
0
0
0
0
0
0
0
0
0
0
0
0
0
0
0
0
0
0
0
0
0
0
0
0
0
0
0
0
0
0
0
0
0
0
0
0
0
0
0
0
0
0
0
0
0
0
0
0
0
0
0
0
0
0
0
0
0
0
0
0
0
0
0
0
0
0
0
0
0
0
0
0
0
0
0
0
0
0
0
0
0
0
0
0
0
0
0
0
0
0
0
0
0
0
0
0
0
0
0
0
0
0
0
0
0
0
0
0
0
0
0
0
0
0
0
0
0
0
0
0
0
0
0
0
0
0
0
0
0
0
0
0
0
0
0
0
0
0
0
0
0
0
0
0
0
0
0
0
0
0
0
0
0
0
0
0
0
0
0
0
0
0
0
0
0
0
0
0
0
0
0
0
0
0
0
0
0
0
0
0
0
0
0
0
0
0
0
0
0
0
0
0
0
0
0
0
0
0
0
0
0
0
0
0
0
0
0
0
0
0
0
0
0
0
0
0
0
0
0
0
0
0
0
0
0
0
0
0
0
0
0
0
0
0
0
0
0
0
0
0
0
0
0
0
$MCA_CAL:
3
-1.4656616 2.9313233 0.00000000000000
$ENER_FIT:
-1.4656616 2.9313233 0.00000000000000
$MCA_CAL_DATA:
3
298 872
597 1749
896 2625
$CAMBIO:
Parent file specification: C:\GADRAS-DRF\Temp\137CS_150.0_175.0_lead_0.92_9.0.pcf
Successful read of spectrum: Yes
Error message: None
Warning: None
Information: None
Neutrons: 0
Number of spectral records in the parent file: 1
Record number of this spectrum in the parent file: 1
Date and time of acquisition read successfully from the original file: Yes
Live time read successfully from the original file: Yes
True time read successfully from the original file: Yes
GADRAS Tag character is:  
Version: 130122
Parent file type: Sandia GADRAS PCF
