$SPEC_ID:
137CS,1uC{82,0.51}
$MEAS_TIM:
3600.00 3600.00
$DATE_MEA:
3/9/2018 5:22:25 PM
$DATA:
0 1193
324.162
294.519
264.530
242.440
211.358
183.713
162.021
140.403
119.321
108.794
99.335
89.959
84.368
82.253
80.193
78.357
79.165
79.941
80.756
82.188
83.944
85.710
87.546
89.655
91.763
93.840
95.214
96.359
97.548
98.457
98.876
99.363
99.833
100.563
101.310
102.068
103.227
104.768
106.260
107.620
108.053
108.487
108.964
109.156
109.298
109.426
109.801
110.583
111.328
112.080
113.193
114.436
115.647
117.113
119.015
120.635
123.154
127.574
132.342
137.448
143.869
152.049
160.007
165.672
167.540
165.031
159.068
151.237
143.004
135.270
128.302
121.571
114.658
107.572
101.360
96.506
92.312
88.196
83.948
80.255
77.541
75.414
73.464
71.402
69.489
68.099
67.041
66.052
65.024
63.988
63.158
62.556
61.976
61.355
60.756
60.202
59.676
59.165
58.654
58.139
57.617
57.091
56.563
56.032
55.503
54.981
54.477
53.993
53.504
53.010
52.534
52.097
51.677
51.257
50.839
50.441
50.064
49.708
49.367
49.033
48.712
48.431
48.222
48.054
47.874
47.685
47.580
47.621
47.732
47.813
47.867
47.993
48.243
48.561
48.868
49.149
49.443
49.775
50.143
50.535
50.921
51.245
51.478
51.685
51.966
52.299
52.473
52.279
51.780
51.232
50.814
50.324
49.439
48.016
46.301
44.587
42.973
41.317
39.480
37.491
35.502
33.650
31.979
30.482
29.153
27.985
26.969
26.094
25.334
24.660
24.045
23.477
22.947
22.444
21.967
21.510
21.071
20.648
20.243
19.855
19.483
19.127
18.788
18.463
18.154
17.860
17.580
17.314
17.061
16.819
16.587
16.364
16.147
15.936
15.725
15.514
15.305
15.102
14.906
14.723
14.562
14.429
14.352
14.384
14.579
15.017
15.861
17.298
19.520
22.835
27.632
34.304
43.223
54.717
69.112
86.685
107.246
130.298
155.351
181.642
207.727
232.036
253.033
269.456
280.293
284.594
281.604
271.866
256.311
235.892
211.722
185.307
158.179
131.857
107.313
85.072
65.648
49.465
36.412
26.125
18.246
12.409
8.244
5.379
3.440
2.120
1.267
0.747
0.428
0.220
0.092
0.024
-0.007
-0.017
-0.014
-0.005
0.003
0.005
0.004
0.001
-0.001
-0.001
-0.001
-0.000
0.000
0.000
0.000
0.000
0.000
0.000
0.000
0
0
0
0
0
0
0
0
0
0
0
0
0
0
0
0
0
0
0
0
0
0
0
0
0
0
0
0
0
0
0
0
0
0
0
0
0
0
0
0
0
0
0
0
0
0
0
0
0
0
0
0
0
0
0
0
0
0
0
0
0
0
0
0
0
0
0
0
0
0
0
0
0
0
0
0
0
0
0
0
0
0
0
0
0
0
0
0
0
0
0
0
0
0
0
0
0
0
0
0
0
0
0
0
0
0
0
0
0
0
0
0
0
0
0
0
0
0
0
0
0
0
0
0
0
0
0
0
0
0
0
0
0
0
0
0
0
0
0
0
0
0
0
0
0
0
0
0
0
0
0
0
0
0
0
0
0
0
0
0
0
0
0
0
0
0
0
0
0
0
0
0
0
0
0
0
0
0
0
0
0
0
0
0
0
0
0
0
0
0
0
0
0
0
0
0
0
0
0
0
0
0
0
0
0
0
0
0
0
0
0
0
0
0
0
0
0
0
0
0
0
0
0
0
0
0
0
0
0
0
0
0
0
0
0
0
0
0
0
0
0
0
0
0
0
0
0
0
0
0
0
0
0
0
0
0
0
0
0
0
0
0
0
0
0
0
0
0
0
0
0
0
0
0
0
0
0
0
0
0
0
0
0
0
0
0
0
0
0
0
0
0
0
0
0
0
0
0
0
0
0
0
0
0
0
0
0
0
0
0
0
0
0
0
0
0
0
0
0
0
0
0
0
0
0
0
0
0
0
0
0
0
0
0
0
0
0
0
0
0
0
0
0
0
0
0
0
0
0
0
0
0
0
0
0
0
0
0
0
0
0
0
0
0
0
0
0
0
0
0
0
0
0
0
0
0
0
0
0
0
0
0
0
0
0
0
0
0
0
0
0
0
0
0
0
0
0
0
0
0
0
0
0
0
0
0
0
0
0
0
0
0
0
0
0
0
0
0
0
0
0
0
0
0
0
0
0
0
0
0
0
0
0
0
0
0
0
0
0
0
0
0
0
0
0
0
0
0
0
0
0
0
0
0
0
0
0
0
0
0
0
0
0
0
0
0
0
0
0
0
0
0
0
0
0
0
0
0
0
0
0
0
0
0
0
0
0
0
0
0
0
0
0
0
0
0
0
0
0
0
0
0
0
0
0
0
0
0
0
0
0
0
0
0
0
0
0
0
0
0
0
0
0
0
0
0
0
0
0
0
0
0
0
0
0
0
0
0
0
0
0
0
0
0
0
0
0
0
0
0
0
0
0
0
0
0
0
0
0
0
0
0
0
0
0
0
0
0
0
0
0
0
0
0
0
0
0
0
0
0
0
0
0
0
0
0
0
0
0
0
0
0
0
0
0
0
0
0
0
0
0
0
0
0
0
0
0
0
0
0
0
0
0
0
0
0
0
0
0
0
0
0
0
0
0
0
0
0
0
0
0
0
0
0
0
0
0
0
0
0
0
0
0
0
0
0
0
0
0
0
0
0
0
0
0
0
0
0
0
0
0
0
0
0
0
0
0
0
0
0
0
0
0
0
0
0
0
0
0
0
0
0
0
0
0
0
0
0
0
0
0
0
0
0
0
0
0
0
0
0
0
0
0
0
0
0
0
0
0
0
0
0
0
0
0
0
0
0
0
0
0
0
0
0
0
0
0
0
0
0
0
0
0
0
0
0
0
0
0
0
0
0
0
0
0
0
0
0
0
0
0
0
0
0
0
0
0
0
0
0
0
0
0
0
0
0
0
0
0
0
0
0
0
0
0
0
0
0
0
0
0
0
0
0
0
0
0
0
0
0
0
0
0
0
0
0
0
0
0
0
0
0
0
0
0
0
0
0
0
0
0
0
0
0
0
0
0
0
0
0
0
0
0
0
0
0
0
0
0
0
0
0
0
0
0
0
0
0
0
0
0
0
0
0
0
0
0
0
0
0
0
0
0
0
0
0
0
0
0
0
0
0
0
0
0
0
0
0
0
0
0
0
0
0
0
0
0
0
0
0
0
0
0
0
0
0
0
0
0
0
0
0
0
0
0
0
0
0
0
0
0
0
0
0
0
0
0
0
0
0
0
0
0
0
0
0
0
0
0
0
0
0
0
$MCA_CAL:
3
-1.4656616 2.9313233 0.00000000000000
$ENER_FIT:
-1.4656616 2.9313233 0.00000000000000
$MCA_CAL_DATA:
3
298 872
597 1749
896 2625
$CAMBIO:
Parent file specification: C:\GADRAS-DRF\Temp\137CS_100.0_112.5_lead_0.51_6.5.pcf
Successful read of spectrum: Yes
Error message: None
Warning: None
Information: None
Neutrons: 0
Number of spectral records in the parent file: 1
Record number of this spectrum in the parent file: 1
Date and time of acquisition read successfully from the original file: Yes
Live time read successfully from the original file: Yes
True time read successfully from the original file: Yes
GADRAS Tag character is:  
Version: 130122
Parent file type: Sandia GADRAS PCF
