$SPEC_ID:
137CS,1uC{13,7.49}
$MEAS_TIM:
3600.00 3600.00
$DATE_MEA:
3/9/2018 5:22:25 PM
$DATA:
0 1193
68.656
62.211
55.218
116.386
98.166
82.650
69.912
58.814
50.247
44.827
41.031
37.745
36.087
35.664
35.521
35.595
36.613
38.188
40.276
42.826
45.443
48.050
50.201
50.991
51.896
52.787
53.578
54.342
55.114
55.801
56.359
56.934
57.431
57.431
57.402
57.372
57.400
57.421
56.845
56.203
55.385
54.565
53.773
52.758
51.897
51.380
50.972
50.516
50.069
49.621
49.179
48.747
48.301
47.828
47.354
46.855
46.425
46.135
45.870
45.639
45.517
45.553
45.654
45.539
45.025
44.284
43.353
42.261
41.164
40.041
38.826
37.589
36.366
35.145
33.902
32.658
31.499
30.475
29.592
28.796
28.043
27.329
26.634
25.926
25.236
24.611
24.027
23.452
22.872
22.291
21.734
21.195
20.634
20.091
19.670
19.356
19.050
18.725
18.401
18.082
17.759
17.430
17.101
16.771
16.440
16.107
15.773
15.434
15.084
14.732
14.408
14.134
13.888
13.646
13.404
13.168
12.940
12.717
12.501
12.285
12.071
11.862
11.664
11.472
11.277
11.080
10.899
10.745
10.613
10.489
10.372
10.261
10.158
10.060
9.963
9.863
9.761
9.655
9.549
9.443
9.339
9.230
9.114
8.997
8.889
8.791
8.689
8.570
8.436
8.301
8.172
8.039
7.880
7.686
7.474
7.262
7.056
6.845
6.620
6.382
6.145
5.922
5.715
5.522
5.343
5.176
5.021
4.877
4.744
4.620
4.503
4.394
4.292
4.196
4.106
4.020
3.939
3.862
3.792
3.729
3.671
3.618
3.567
3.518
3.471
3.426
3.383
3.341
3.301
3.262
3.224
3.188
3.152
3.118
3.085
3.054
3.024
2.995
2.969
2.944
2.922
2.903
2.889
2.884
2.893
2.922
2.986
3.100
3.282
3.556
3.952
4.499
5.227
6.163
7.332
8.757
10.425
12.298
14.340
16.487
18.618
20.596
22.290
23.592
24.416
24.684
24.331
23.410
22.006
20.208
18.111
15.839
13.515
11.262
9.160
7.255
5.593
4.210
3.098
2.223
1.553
1.057
0.703
0.459
0.294
0.181
0.108
0.064
0.036
0.018
0.008
0.002
-0.000
-0.001
-0.001
-0.000
0.000
0.000
0.000
0.000
-0.000
-0.000
-0.000
-0.000
0.000
0.000
0.000
0.000
0.000
0.000
0.000
0
0
0
0
0
0
0
0
0
0
0
0
0
0
0
0
0
0
0
0
0
0
0
0
0
0
0
0
0
0
0
0
0
0
0
0
0
0
0
0
0
0
0
0
0
0
0
0
0
0
0
0
0
0
0
0
0
0
0
0
0
0
0
0
0
0
0
0
0
0
0
0
0
0
0
0
0
0
0
0
0
0
0
0
0
0
0
0
0
0
0
0
0
0
0
0
0
0
0
0
0
0
0
0
0
0
0
0
0
0
0
0
0
0
0
0
0
0
0
0
0
0
0
0
0
0
0
0
0
0
0
0
0
0
0
0
0
0
0
0
0
0
0
0
0
0
0
0
0
0
0
0
0
0
0
0
0
0
0
0
0
0
0
0
0
0
0
0
0
0
0
0
0
0
0
0
0
0
0
0
0
0
0
0
0
0
0
0
0
0
0
0
0
0
0
0
0
0
0
0
0
0
0
0
0
0
0
0
0
0
0
0
0
0
0
0
0
0
0
0
0
0
0
0
0
0
0
0
0
0
0
0
0
0
0
0
0
0
0
0
0
0
0
0
0
0
0
0
0
0
0
0
0
0
0
0
0
0
0
0
0
0
0
0
0
0
0
0
0
0
0
0
0
0
0
0
0
0
0
0
0
0
0
0
0
0
0
0
0
0
0
0
0
0
0
0
0
0
0
0
0
0
0
0
0
0
0
0
0
0
0
0
0
0
0
0
0
0
0
0
0
0
0
0
0
0
0
0
0
0
0
0
0
0
0
0
0
0
0
0
0
0
0
0
0
0
0
0
0
0
0
0
0
0
0
0
0
0
0
0
0
0
0
0
0
0
0
0
0
0
0
0
0
0
0
0
0
0
0
0
0
0
0
0
0
0
0
0
0
0
0
0
0
0
0
0
0
0
0
0
0
0
0
0
0
0
0
0
0
0
0
0
0
0
0
0
0
0
0
0
0
0
0
0
0
0
0
0
0
0
0
0
0
0
0
0
0
0
0
0
0
0
0
0
0
0
0
0
0
0
0
0
0
0
0
0
0
0
0
0
0
0
0
0
0
0
0
0
0
0
0
0
0
0
0
0
0
0
0
0
0
0
0
0
0
0
0
0
0
0
0
0
0
0
0
0
0
0
0
0
0
0
0
0
0
0
0
0
0
0
0
0
0
0
0
0
0
0
0
0
0
0
0
0
0
0
0
0
0
0
0
0
0
0
0
0
0
0
0
0
0
0
0
0
0
0
0
0
0
0
0
0
0
0
0
0
0
0
0
0
0
0
0
0
0
0
0
0
0
0
0
0
0
0
0
0
0
0
0
0
0
0
0
0
0
0
0
0
0
0
0
0
0
0
0
0
0
0
0
0
0
0
0
0
0
0
0
0
0
0
0
0
0
0
0
0
0
0
0
0
0
0
0
0
0
0
0
0
0
0
0
0
0
0
0
0
0
0
0
0
0
0
0
0
0
0
0
0
0
0
0
0
0
0
0
0
0
0
0
0
0
0
0
0
0
0
0
0
0
0
0
0
0
0
0
0
0
0
0
0
0
0
0
0
0
0
0
0
0
0
0
0
0
0
0
0
0
0
0
0
0
0
0
0
0
0
0
0
0
0
0
0
0
0
0
0
0
0
0
0
0
0
0
0
0
0
0
0
0
0
0
0
0
0
0
0
0
0
0
0
0
0
0
0
0
0
0
0
0
0
0
0
0
0
0
0
0
0
0
0
0
0
0
0
0
0
0
0
0
0
0
0
0
0
0
0
0
0
0
0
0
0
0
0
0
0
0
0
0
0
0
0
0
0
0
0
0
0
0
0
0
0
0
0
0
0
0
0
0
0
0
0
0
0
0
0
0
0
0
0
0
0
0
0
0
0
0
0
0
0
0
0
0
0
0
0
0
0
0
0
0
0
0
0
0
0
0
0
0
0
0
0
0
0
0
0
0
0
0
0
0
0
0
0
0
0
0
0
0
0
0
0
0
0
0
0
0
0
0
0
0
0
0
0
0
0
0
0
0
0
0
0
0
0
0
0
0
0
0
0
0
0
0
0
0
0
0
0
0
0
0
0
0
0
0
0
0
0
0
0
0
0
0
$MCA_CAL:
3
-1.4656616 2.9313233 0.00000000000000
$ENER_FIT:
-1.4656616 2.9313233 0.00000000000000
$MCA_CAL_DATA:
3
298 872
597 1749
896 2625
$CAMBIO:
Parent file specification: C:\GADRAS-DRF\Temp\137CS_50.0_300.0_alum_7.49_6.5.pcf
Successful read of spectrum: Yes
Error message: None
Warning: None
Information: None
Neutrons: 0
Number of spectral records in the parent file: 1
Record number of this spectrum in the parent file: 1
Date and time of acquisition read successfully from the original file: Yes
Live time read successfully from the original file: Yes
True time read successfully from the original file: Yes
GADRAS Tag character is:  
Version: 130122
Parent file type: Sandia GADRAS PCF
