$SPEC_ID:
137CS,1uC{13,13.16}
$MEAS_TIM:
3600.00 3600.00
$DATE_MEA:
3/9/2018 5:22:25 PM
$DATA:
0 1193
183.956
167.123
148.340
400.686
342.819
288.712
244.577
207.066
179.650
161.397
149.869
140.944
138.110
139.473
141.761
144.813
150.745
159.593
171.248
184.575
197.862
211.263
221.851
227.424
233.069
238.490
241.937
244.836
247.791
250.334
252.490
254.744
255.932
253.798
251.112
248.483
245.977
243.541
240.509
237.416
234.165
230.921
227.681
224.222
220.980
219.528
217.860
216.018
214.175
212.332
210.436
208.538
206.587
204.479
202.291
200.072
198.131
196.732
195.580
194.389
194.018
194.222
194.263
193.234
190.131
185.123
179.174
173.205
167.076
161.400
156.656
152.089
147.459
142.859
138.399
133.847
129.497
126.557
124.428
122.027
119.447
116.828
114.214
111.612
109.005
106.357
103.681
101.007
98.332
95.654
92.999
90.310
87.507
84.917
82.894
81.179
79.476
77.770
76.066
74.369
72.714
71.170
69.710
68.241
66.758
65.296
63.873
62.489
61.085
59.616
58.250
57.198
56.348
55.493
54.610
53.763
52.973
52.244
51.546
50.830
50.113
49.457
48.877
48.309
47.720
47.143
46.616
46.159
45.784
45.466
45.168
44.883
44.633
44.425
44.234
44.033
43.836
43.662
43.512
43.373
43.232
43.073
42.889
42.706
42.569
42.462
42.294
41.997
41.626
41.279
40.946
40.506
39.860
39.064
38.227
37.394
36.531
35.598
34.606
33.583
32.565
31.600
30.739
29.995
29.343
28.765
28.241
27.761
27.312
26.894
26.506
26.144
25.800
25.465
25.136
24.809
24.483
24.167
23.872
23.608
23.368
23.141
22.923
22.711
22.505
22.305
22.111
21.923
21.740
21.563
21.391
21.223
21.056
20.892
20.728
20.564
20.400
20.237
20.074
19.911
19.751
19.596
19.451
19.324
19.232
19.194
19.244
19.463
19.939
20.770
22.100
24.086
26.888
30.706
35.764
42.276
50.295
59.699
70.358
81.950
93.744
104.951
114.796
122.519
127.359
128.620
126.196
120.524
112.055
101.339
89.121
76.189
63.302
51.029
39.840
30.205
22.347
16.099
11.265
7.643
5.029
3.212
1.984
1.175
0.679
0.392
0.220
0.116
0.061
0.032
0.015
0.006
0.001
-0.001
-0.001
-0.001
-0.000
0.000
0.000
0.000
0.000
0.000
0.000
0
0
0
0
0
0
0
0
0
0
0
0
0
0
0
0
0
0
0
0
0
0
0
0
0
0
0
0
0
0
0
0
0
0
0
0
0
0
0
0
0
0
0
0
0
0
0
0
0
0
0
0
0
0
0
0
0
0
0
0
0
0
0
0
0
0
0
0
0
0
0
0
0
0
0
0
0
0
0
0
0
0
0
0
0
0
0
0
0
0
0
0
0
0
0
0
0
0
0
0
0
0
0
0
0
0
0
0
0
0
0
0
0
0
0
0
0
0
0
0
0
0
0
0
0
0
0
0
0
0
0
0
0
0
0
0
0
0
0
0
0
0
0
0
0
0
0
0
0
0
0
0
0
0
0
0
0
0
0
0
0
0
0
0
0
0
0
0
0
0
0
0
0
0
0
0
0
0
0
0
0
0
0
0
0
0
0
0
0
0
0
0
0
0
0
0
0
0
0
0
0
0
0
0
0
0
0
0
0
0
0
0
0
0
0
0
0
0
0
0
0
0
0
0
0
0
0
0
0
0
0
0
0
0
0
0
0
0
0
0
0
0
0
0
0
0
0
0
0
0
0
0
0
0
0
0
0
0
0
0
0
0
0
0
0
0
0
0
0
0
0
0
0
0
0
0
0
0
0
0
0
0
0
0
0
0
0
0
0
0
0
0
0
0
0
0
0
0
0
0
0
0
0
0
0
0
0
0
0
0
0
0
0
0
0
0
0
0
0
0
0
0
0
0
0
0
0
0
0
0
0
0
0
0
0
0
0
0
0
0
0
0
0
0
0
0
0
0
0
0
0
0
0
0
0
0
0
0
0
0
0
0
0
0
0
0
0
0
0
0
0
0
0
0
0
0
0
0
0
0
0
0
0
0
0
0
0
0
0
0
0
0
0
0
0
0
0
0
0
0
0
0
0
0
0
0
0
0
0
0
0
0
0
0
0
0
0
0
0
0
0
0
0
0
0
0
0
0
0
0
0
0
0
0
0
0
0
0
0
0
0
0
0
0
0
0
0
0
0
0
0
0
0
0
0
0
0
0
0
0
0
0
0
0
0
0
0
0
0
0
0
0
0
0
0
0
0
0
0
0
0
0
0
0
0
0
0
0
0
0
0
0
0
0
0
0
0
0
0
0
0
0
0
0
0
0
0
0
0
0
0
0
0
0
0
0
0
0
0
0
0
0
0
0
0
0
0
0
0
0
0
0
0
0
0
0
0
0
0
0
0
0
0
0
0
0
0
0
0
0
0
0
0
0
0
0
0
0
0
0
0
0
0
0
0
0
0
0
0
0
0
0
0
0
0
0
0
0
0
0
0
0
0
0
0
0
0
0
0
0
0
0
0
0
0
0
0
0
0
0
0
0
0
0
0
0
0
0
0
0
0
0
0
0
0
0
0
0
0
0
0
0
0
0
0
0
0
0
0
0
0
0
0
0
0
0
0
0
0
0
0
0
0
0
0
0
0
0
0
0
0
0
0
0
0
0
0
0
0
0
0
0
0
0
0
0
0
0
0
0
0
0
0
0
0
0
0
0
0
0
0
0
0
0
0
0
0
0
0
0
0
0
0
0
0
0
0
0
0
0
0
0
0
0
0
0
0
0
0
0
0
0
0
0
0
0
0
0
0
0
0
0
0
0
0
0
0
0
0
0
0
0
0
0
0
0
0
0
0
0
0
0
0
0
0
0
0
0
0
0
0
0
0
0
0
0
0
0
0
0
0
0
0
0
0
0
0
0
0
0
0
0
0
0
0
0
0
0
0
0
0
0
0
0
0
0
0
0
0
0
0
0
0
0
0
0
0
0
0
0
0
0
0
0
0
0
0
0
0
0
0
0
0
0
0
0
0
0
0
0
0
0
0
0
0
0
0
0
0
0
0
0
0
0
0
0
0
0
0
0
0
0
0
0
0
0
0
0
0
0
0
0
0
0
0
0
0
0
0
0
0
0
0
0
0
0
0
0
0
0
0
0
0
0
0
0
0
0
0
0
0
0
0
0
0
0
0
0
0
0
0
0
0
0
0
0
0
0
0
0
0
0
0
0
0
0
0
0
0
0
0
0
0
0
0
0
0
0
0
0
0
0
0
0
0
0
0
0
0
0
0
$MCA_CAL:
3
-1.4656616 2.9313233 0.00000000000000
$ENER_FIT:
-1.4656616 2.9313233 0.00000000000000
$MCA_CAL_DATA:
3
298 872
597 1749
896 2625
$CAMBIO:
Parent file specification: C:\GADRAS-DRF\Temp\137CS_50.0_112.5_alum_13.16_6.0.pcf
Successful read of spectrum: Yes
Error message: None
Warning: None
Information: None
Neutrons: 0
Number of spectral records in the parent file: 1
Record number of this spectrum in the parent file: 1
Date and time of acquisition read successfully from the original file: Yes
Live time read successfully from the original file: Yes
True time read successfully from the original file: Yes
GADRAS Tag character is:  
Version: 130122
Parent file type: Sandia GADRAS PCF
