$SPEC_ID:
137CS,1uC{13,4.18}
$MEAS_TIM:
3600.00 3600.00
$DATE_MEA:
3/9/2018 5:22:25 PM
$DATA:
0 1193
895.429
812.390
739.963
936.330
785.877
679.054
597.258
520.007
455.740
442.273
468.774
445.317
390.378
347.181
322.159
313.130
315.135
319.744
326.317
333.997
342.937
352.265
361.044
369.450
377.866
386.347
394.509
402.594
410.680
419.394
428.695
437.994
446.656
451.718
456.666
461.478
467.903
475.145
482.590
488.983
492.289
495.579
498.840
501.214
502.178
501.990
501.881
501.979
502.047
502.178
503.045
504.351
505.506
506.530
507.411
508.796
512.420
518.828
527.285
535.857
544.452
553.213
556.611
550.397
534.997
513.635
490.605
467.151
444.695
427.587
416.859
408.371
399.640
390.182
381.927
377.596
375.782
373.693
371.162
368.818
366.674
364.563
362.496
360.484
358.367
355.965
353.369
350.759
348.163
345.498
342.633
339.388
335.965
333.072
331.035
329.256
327.128
324.784
322.522
320.321
317.903
315.164
312.292
309.440
306.619
303.769
300.860
297.892
294.876
291.938
289.195
286.675
284.278
281.964
279.720
277.573
275.496
273.444
271.385
269.377
267.557
265.960
264.484
262.990
261.523
260.271
259.413
258.878
258.449
257.985
257.600
257.505
257.789
258.306
258.851
259.309
259.780
260.364
261.076
261.775
262.318
262.654
262.915
263.221
263.515
263.423
262.559
260.807
258.497
256.031
253.526
250.536
246.510
241.093
234.673
227.786
220.919
214.079
207.101
199.821
192.367
185.071
178.290
172.224
166.801
161.933
157.527
153.536
149.907
146.600
143.570
140.782
138.199
135.778
133.498
131.326
129.233
127.217
125.293
123.485
121.794
120.202
118.691
117.230
115.813
114.443
113.126
111.866
110.653
109.484
108.340
107.219
106.123
105.064
104.043
103.074
102.170
101.354
100.642
100.122
99.954
100.279
101.271
103.286
106.789
112.233
120.123
131.281
146.640
167.140
193.663
226.791
266.949
314.596
370.014
432.332
500.281
572.579
647.793
722.943
794.438
858.641
912.091
952.323
977.528
986.094
976.293
948.499
905.093
848.620
781.511
706.526
626.847
545.768
466.501
391.928
323.333
261.477
207.197
161.216
123.336
92.659
68.282
49.307
34.873
24.214
16.578
11.213
7.402
4.743
2.983
1.872
1.160
0.665
0.335
0.134
0.025
-0.027
-0.043
-0.036
-0.017
0.001
0.011
0.012
0.008
0.003
-0.001
-0.003
-0.002
-0.001
-0.000
0.000
0.000
0.000
0
0
0
0
0
0
0
0
0
0
0
0
0
0
0
0
0
0
0
0
0
0
0
0
0
0
0
0
0
0
0
0
0
0
0
0
0
0
0
0
0
0
0
0
0
0
0
0
0
0
0
0
0
0
0
0
0
0
0
0
0
0
0
0
0
0
0
0
0
0
0
0
0
0
0
0
0
0
0
0
0
0
0
0
0
0
0
0
0
0
0
0
0
0
0
0
0
0
0
0
0
0
0
0
0
0
0
0
0
0
0
0
0
0
0
0
0
0
0
0
0
0
0
0
0
0
0
0
0
0
0
0
0
0
0
0
0
0
0
0
0
0
0
0
0
0
0
0
0
0
0
0
0
0
0
0
0
0
0
0
0
0
0
0
0
0
0
0
0
0
0
0
0
0
0
0
0
0
0
0
0
0
0
0
0
0
0
0
0
0
0
0
0
0
0
0
0
0
0
0
0
0
0
0
0
0
0
0
0
0
0
0
0
0
0
0
0
0
0
0
0
0
0
0
0
0
0
0
0
0
0
0
0
0
0
0
0
0
0
0
0
0
0
0
0
0
0
0
0
0
0
0
0
0
0
0
0
0
0
0
0
0
0
0
0
0
0
0
0
0
0
0
0
0
0
0
0
0
0
0
0
0
0
0
0
0
0
0
0
0
0
0
0
0
0
0
0
0
0
0
0
0
0
0
0
0
0
0
0
0
0
0
0
0
0
0
0
0
0
0
0
0
0
0
0
0
0
0
0
0
0
0
0
0
0
0
0
0
0
0
0
0
0
0
0
0
0
0
0
0
0
0
0
0
0
0
0
0
0
0
0
0
0
0
0
0
0
0
0
0
0
0
0
0
0
0
0
0
0
0
0
0
0
0
0
0
0
0
0
0
0
0
0
0
0
0
0
0
0
0
0
0
0
0
0
0
0
0
0
0
0
0
0
0
0
0
0
0
0
0
0
0
0
0
0
0
0
0
0
0
0
0
0
0
0
0
0
0
0
0
0
0
0
0
0
0
0
0
0
0
0
0
0
0
0
0
0
0
0
0
0
0
0
0
0
0
0
0
0
0
0
0
0
0
0
0
0
0
0
0
0
0
0
0
0
0
0
0
0
0
0
0
0
0
0
0
0
0
0
0
0
0
0
0
0
0
0
0
0
0
0
0
0
0
0
0
0
0
0
0
0
0
0
0
0
0
0
0
0
0
0
0
0
0
0
0
0
0
0
0
0
0
0
0
0
0
0
0
0
0
0
0
0
0
0
0
0
0
0
0
0
0
0
0
0
0
0
0
0
0
0
0
0
0
0
0
0
0
0
0
0
0
0
0
0
0
0
0
0
0
0
0
0
0
0
0
0
0
0
0
0
0
0
0
0
0
0
0
0
0
0
0
0
0
0
0
0
0
0
0
0
0
0
0
0
0
0
0
0
0
0
0
0
0
0
0
0
0
0
0
0
0
0
0
0
0
0
0
0
0
0
0
0
0
0
0
0
0
0
0
0
0
0
0
0
0
0
0
0
0
0
0
0
0
0
0
0
0
0
0
0
0
0
0
0
0
0
0
0
0
0
0
0
0
0
0
0
0
0
0
0
0
0
0
0
0
0
0
0
0
0
0
0
0
0
0
0
0
0
0
0
0
0
0
0
0
0
0
0
0
0
0
0
0
0
0
0
0
0
0
0
0
0
0
0
0
0
0
0
0
0
0
0
0
0
0
0
0
0
0
0
0
0
0
0
0
0
0
0
0
0
0
0
0
0
0
0
0
0
0
0
0
0
0
0
0
0
0
0
0
0
0
0
0
0
0
0
0
0
0
0
0
0
0
0
0
0
0
0
0
0
0
0
0
0
0
0
0
0
0
0
0
0
0
0
0
0
0
0
0
0
0
0
0
0
0
0
0
0
0
0
0
0
0
0
0
0
0
0
0
0
0
0
0
0
0
0
0
0
0
0
0
0
0
0
0
0
0
0
0
0
0
0
0
0
0
0
0
0
0
0
0
0
0
0
0
0
0
0
0
0
0
0
0
0
0
0
0
0
0
0
0
0
0
0
0
0
0
0
0
0
0
0
0
0
0
0
0
0
0
$MCA_CAL:
3
-1.4656616 2.9313233 0.00000000000000
$ENER_FIT:
-1.4656616 2.9313233 0.00000000000000
$MCA_CAL_DATA:
3
298 872
597 1749
896 2625
$CAMBIO:
Parent file specification: C:\GADRAS-DRF\Temp\137CS_100.0_50.0_alum_4.18_7.5.pcf
Successful read of spectrum: Yes
Error message: None
Warning: None
Information: None
Neutrons: 0
Number of spectral records in the parent file: 1
Record number of this spectrum in the parent file: 1
Date and time of acquisition read successfully from the original file: Yes
Live time read successfully from the original file: Yes
True time read successfully from the original file: Yes
GADRAS Tag character is:  
Version: 130122
Parent file type: Sandia GADRAS PCF
