$SPEC_ID:
137CS,1uC{13,7.49}
$MEAS_TIM:
3600.00 3600.00
$DATE_MEA:
3/9/2018 5:22:25 PM
$DATA:
0 1193
93.146
84.745
78.905
145.160
136.898
116.261
99.497
84.753
73.301
66.008
61.130
57.057
54.994
54.664
54.594
54.950
56.441
58.662
61.703
65.363
69.301
73.360
76.748
78.408
80.373
82.159
83.586
84.838
86.108
87.422
88.695
90.121
91.012
91.001
90.819
90.601
90.543
90.383
89.664
88.783
87.894
86.958
86.001
85.090
84.400
84.253
84.479
84.715
84.930
85.168
85.489
85.849
86.141
86.206
86.014
85.789
85.727
85.949
86.399
86.904
87.495
88.286
88.988
89.130
88.583
87.394
85.629
83.366
80.680
77.642
74.352
70.936
67.487
64.031
60.619
57.385
54.465
51.854
49.487
47.349
45.485
43.894
42.433
40.944
39.452
38.107
36.988
35.984
34.967
33.917
32.899
31.968
31.142
30.431
29.833
29.327
28.890
28.498
28.122
27.741
27.354
26.973
26.603
26.244
25.892
25.545
25.197
24.844
24.489
24.153
23.854
23.599
23.374
23.161
22.950
22.744
22.545
22.356
22.176
22.003
21.838
21.679
21.523
21.370
21.225
21.094
20.983
20.894
20.820
20.756
20.698
20.648
20.604
20.569
20.543
20.523
20.508
20.495
20.479
20.456
20.421
20.376
20.325
20.273
20.220
20.155
20.062
19.928
19.747
19.523
19.262
18.970
18.651
18.307
17.940
17.552
17.146
16.722
16.282
15.829
15.374
14.927
14.501
14.106
13.740
13.402
13.088
12.797
12.526
12.275
12.043
11.828
11.628
11.439
11.260
11.088
10.922
10.765
10.618
10.485
10.362
10.249
10.142
10.038
9.937
9.838
9.741
9.649
9.560
9.476
9.397
9.323
9.254
9.193
9.141
9.102
9.077
9.072
9.097
9.167
9.296
9.497
9.791
10.203
10.762
11.495
12.429
13.587
14.986
16.646
18.584
20.814
23.313
26.045
28.976
32.070
35.281
38.517
41.683
44.676
47.397
49.752
51.666
53.062
53.863
54.001
53.430
52.204
50.393
48.071
45.303
42.168
38.760
35.180
31.525
27.896
24.386
21.045
17.914
15.031
12.436
10.165
8.214
6.558
5.169
4.020
3.084
2.333
1.744
1.289
0.945
0.686
0.488
0.340
0.234
0.159
0.108
0.072
0.045
0.026
0.013
0.005
0.001
-0.002
-0.003
-0.002
-0.002
-0.001
0.000
0.001
0.001
0.001
0.000
0.000
-0.000
-0.000
-0.000
-0.000
-0.000
-0.000
0.000
0.000
0.000
0
0
0
0
0
0
0
0
0
0
0
0
0
0
0
0
0
0
0
0
0
0
0
0
0
0
0
0
0
0
0
0
0
0
0
0
0
0
0
0
0
0
0
0
0
0
0
0
0
0
0
0
0
0
0
0
0
0
0
0
0
0
0
0
0
0
0
0
0
0
0
0
0
0
0
0
0
0
0
0
0
0
0
0
0
0
0
0
0
0
0
0
0
0
0
0
0
0
0
0
0
0
0
0
0
0
0
0
0
0
0
0
0
0
0
0
0
0
0
0
0
0
0
0
0
0
0
0
0
0
0
0
0
0
0
0
0
0
0
0
0
0
0
0
0
0
0
0
0
0
0
0
0
0
0
0
0
0
0
0
0
0
0
0
0
0
0
0
0
0
0
0
0
0
0
0
0
0
0
0
0
0
0
0
0
0
0
0
0
0
0
0
0
0
0
0
0
0
0
0
0
0
0
0
0
0
0
0
0
0
0
0
0
0
0
0
0
0
0
0
0
0
0
0
0
0
0
0
0
0
0
0
0
0
0
0
0
0
0
0
0
0
0
0
0
0
0
0
0
0
0
0
0
0
0
0
0
0
0
0
0
0
0
0
0
0
0
0
0
0
0
0
0
0
0
0
0
0
0
0
0
0
0
0
0
0
0
0
0
0
0
0
0
0
0
0
0
0
0
0
0
0
0
0
0
0
0
0
0
0
0
0
0
0
0
0
0
0
0
0
0
0
0
0
0
0
0
0
0
0
0
0
0
0
0
0
0
0
0
0
0
0
0
0
0
0
0
0
0
0
0
0
0
0
0
0
0
0
0
0
0
0
0
0
0
0
0
0
0
0
0
0
0
0
0
0
0
0
0
0
0
0
0
0
0
0
0
0
0
0
0
0
0
0
0
0
0
0
0
0
0
0
0
0
0
0
0
0
0
0
0
0
0
0
0
0
0
0
0
0
0
0
0
0
0
0
0
0
0
0
0
0
0
0
0
0
0
0
0
0
0
0
0
0
0
0
0
0
0
0
0
0
0
0
0
0
0
0
0
0
0
0
0
0
0
0
0
0
0
0
0
0
0
0
0
0
0
0
0
0
0
0
0
0
0
0
0
0
0
0
0
0
0
0
0
0
0
0
0
0
0
0
0
0
0
0
0
0
0
0
0
0
0
0
0
0
0
0
0
0
0
0
0
0
0
0
0
0
0
0
0
0
0
0
0
0
0
0
0
0
0
0
0
0
0
0
0
0
0
0
0
0
0
0
0
0
0
0
0
0
0
0
0
0
0
0
0
0
0
0
0
0
0
0
0
0
0
0
0
0
0
0
0
0
0
0
0
0
0
0
0
0
0
0
0
0
0
0
0
0
0
0
0
0
0
0
0
0
0
0
0
0
0
0
0
0
0
0
0
0
0
0
0
0
0
0
0
0
0
0
0
0
0
0
0
0
0
0
0
0
0
0
0
0
0
0
0
0
0
0
0
0
0
0
0
0
0
0
0
0
0
0
0
0
0
0
0
0
0
0
0
0
0
0
0
0
0
0
0
0
0
0
0
0
0
0
0
0
0
0
0
0
0
0
0
0
0
0
0
0
0
0
0
0
0
0
0
0
0
0
0
0
0
0
0
0
0
0
0
0
0
0
0
0
0
0
0
0
0
0
0
0
0
0
0
0
0
0
0
0
0
0
0
0
0
0
0
0
0
0
0
0
0
0
0
0
0
0
0
0
0
0
0
0
0
0
0
0
0
0
0
0
0
0
0
0
0
0
0
0
0
0
0
0
0
0
0
0
0
0
0
0
0
0
0
0
0
0
0
0
0
0
0
0
0
0
0
0
0
0
0
0
0
0
0
0
0
0
0
0
0
0
0
0
0
0
0
0
0
0
0
0
0
0
0
0
0
0
0
0
0
0
0
0
0
0
0
0
0
0
0
0
0
0
0
0
0
0
0
0
0
0
0
0
0
0
0
0
0
0
0
0
0
0
0
0
0
0
0
0
0
0
0
0
0
0
0
0
0
0
0
0
0
0
0
0
0
0
0
0
0
0
0
0
0
0
0
0
0
0
0
$MCA_CAL:
3
-1.4656616 2.9313233 0.00000000000000
$ENER_FIT:
-1.4656616 2.9313233 0.00000000000000
$MCA_CAL_DATA:
3
298 872
597 1749
896 2625
$CAMBIO:
Parent file specification: C:\GADRAS-DRF\Temp\137CS_150.0_175.0_alum_7.49_9.0.pcf
Successful read of spectrum: Yes
Error message: None
Warning: None
Information: None
Neutrons: 0
Number of spectral records in the parent file: 1
Record number of this spectrum in the parent file: 1
Date and time of acquisition read successfully from the original file: Yes
Live time read successfully from the original file: Yes
True time read successfully from the original file: Yes
GADRAS Tag character is:  
Version: 130122
Parent file type: Sandia GADRAS PCF
