$SPEC_ID:
137CS,1uC{82,1.61}
$MEAS_TIM:
3600.00 3600.00
$DATE_MEA:
3/9/2018 5:22:25 PM
$DATA:
0 1193
148.559
135.185
122.292
122.039
105.940
92.289
80.819
69.529
58.908
53.315
48.452
43.650
40.849
39.723
38.661
37.865
38.660
39.554
40.516
41.449
42.396
43.362
44.367
45.655
46.906
48.190
49.030
49.766
50.517
51.133
51.509
51.891
52.263
52.587
52.914
53.221
53.665
54.163
54.633
55.031
55.278
55.523
55.775
56.000
56.244
56.590
57.018
57.518
58.053
58.584
59.153
59.746
60.331
60.914
61.455
62.029
62.925
64.191
65.735
67.456
69.500
72.056
74.665
76.865
78.448
79.061
78.393
76.977
75.303
73.085
70.268
67.260
64.254
61.224
58.230
55.364
52.602
49.880
47.241
44.775
42.607
40.807
39.142
37.359
35.658
34.329
33.263
32.208
31.135
30.135
29.250
28.488
27.823
27.196
26.578
26.024
25.580
25.194
24.793
24.375
23.989
23.652
23.334
23.007
22.682
22.381
22.106
21.841
21.576
21.319
21.082
20.866
20.660
20.459
20.266
20.089
19.926
19.770
19.615
19.468
19.341
19.238
19.149
19.060
18.974
18.909
18.882
18.887
18.899
18.906
18.918
18.957
19.034
19.133
19.235
19.329
19.424
19.530
19.648
19.765
19.868
19.952
20.028
20.108
20.185
20.225
20.191
20.071
19.898
19.710
19.519
19.282
18.949
18.485
17.926
17.323
16.722
16.124
15.513
14.876
14.222
13.581
12.981
12.441
11.958
11.525
11.138
10.791
10.479
10.197
9.941
9.708
9.493
9.294
9.109
8.934
8.767
8.608
8.455
8.310
8.172
8.039
7.914
7.793
7.678
7.568
7.463
7.363
7.268
7.177
7.089
7.002
6.919
6.838
6.762
6.690
6.625
6.568
6.521
6.492
6.496
6.547
6.660
6.869
7.219
7.751
8.515
9.586
11.051
12.996
15.503
18.634
22.438
26.966
32.252
38.207
44.703
51.610
58.784
65.945
72.762
78.898
84.033
87.935
90.433
91.375
90.595
88.125
84.184
79.006
72.814
65.864
58.459
50.910
43.523
36.572
30.177
24.410
19.348
15.060
11.526
8.663
6.387
4.613
3.263
2.265
1.549
1.046
0.689
0.441
0.277
0.175
0.109
0.063
0.032
0.013
0.002
-0.003
-0.004
-0.004
-0.002
0.000
0.001
0.001
0.001
0.000
-0.000
-0.000
-0.000
-0.000
-0.000
0.000
0.000
0.000
0
0
0
0
0
0
0
0
0
0
0
0
0
0
0
0
0
0
0
0
0
0
0
0
0
0
0
0
0
0
0
0
0
0
0
0
0
0
0
0
0
0
0
0
0
0
0
0
0
0
0
0
0
0
0
0
0
0
0
0
0
0
0
0
0
0
0
0
0
0
0
0
0
0
0
0
0
0
0
0
0
0
0
0
0
0
0
0
0
0
0
0
0
0
0
0
0
0
0
0
0
0
0
0
0
0
0
0
0
0
0
0
0
0
0
0
0
0
0
0
0
0
0
0
0
0
0
0
0
0
0
0
0
0
0
0
0
0
0
0
0
0
0
0
0
0
0
0
0
0
0
0
0
0
0
0
0
0
0
0
0
0
0
0
0
0
0
0
0
0
0
0
0
0
0
0
0
0
0
0
0
0
0
0
0
0
0
0
0
0
0
0
0
0
0
0
0
0
0
0
0
0
0
0
0
0
0
0
0
0
0
0
0
0
0
0
0
0
0
0
0
0
0
0
0
0
0
0
0
0
0
0
0
0
0
0
0
0
0
0
0
0
0
0
0
0
0
0
0
0
0
0
0
0
0
0
0
0
0
0
0
0
0
0
0
0
0
0
0
0
0
0
0
0
0
0
0
0
0
0
0
0
0
0
0
0
0
0
0
0
0
0
0
0
0
0
0
0
0
0
0
0
0
0
0
0
0
0
0
0
0
0
0
0
0
0
0
0
0
0
0
0
0
0
0
0
0
0
0
0
0
0
0
0
0
0
0
0
0
0
0
0
0
0
0
0
0
0
0
0
0
0
0
0
0
0
0
0
0
0
0
0
0
0
0
0
0
0
0
0
0
0
0
0
0
0
0
0
0
0
0
0
0
0
0
0
0
0
0
0
0
0
0
0
0
0
0
0
0
0
0
0
0
0
0
0
0
0
0
0
0
0
0
0
0
0
0
0
0
0
0
0
0
0
0
0
0
0
0
0
0
0
0
0
0
0
0
0
0
0
0
0
0
0
0
0
0
0
0
0
0
0
0
0
0
0
0
0
0
0
0
0
0
0
0
0
0
0
0
0
0
0
0
0
0
0
0
0
0
0
0
0
0
0
0
0
0
0
0
0
0
0
0
0
0
0
0
0
0
0
0
0
0
0
0
0
0
0
0
0
0
0
0
0
0
0
0
0
0
0
0
0
0
0
0
0
0
0
0
0
0
0
0
0
0
0
0
0
0
0
0
0
0
0
0
0
0
0
0
0
0
0
0
0
0
0
0
0
0
0
0
0
0
0
0
0
0
0
0
0
0
0
0
0
0
0
0
0
0
0
0
0
0
0
0
0
0
0
0
0
0
0
0
0
0
0
0
0
0
0
0
0
0
0
0
0
0
0
0
0
0
0
0
0
0
0
0
0
0
0
0
0
0
0
0
0
0
0
0
0
0
0
0
0
0
0
0
0
0
0
0
0
0
0
0
0
0
0
0
0
0
0
0
0
0
0
0
0
0
0
0
0
0
0
0
0
0
0
0
0
0
0
0
0
0
0
0
0
0
0
0
0
0
0
0
0
0
0
0
0
0
0
0
0
0
0
0
0
0
0
0
0
0
0
0
0
0
0
0
0
0
0
0
0
0
0
0
0
0
0
0
0
0
0
0
0
0
0
0
0
0
0
0
0
0
0
0
0
0
0
0
0
0
0
0
0
0
0
0
0
0
0
0
0
0
0
0
0
0
0
0
0
0
0
0
0
0
0
0
0
0
0
0
0
0
0
0
0
0
0
0
0
0
0
0
0
0
0
0
0
0
0
0
0
0
0
0
0
0
0
0
0
0
0
0
0
0
0
0
0
0
0
0
0
0
0
0
0
0
0
0
0
0
0
0
0
0
0
0
0
0
0
0
0
0
0
0
0
0
0
0
0
0
0
0
0
0
0
0
0
0
0
0
0
0
0
0
0
0
0
0
0
0
0
0
0
0
0
0
0
0
0
0
0
0
0
0
0
0
0
0
0
0
0
0
0
0
0
0
0
0
0
0
0
0
0
0
0
0
0
0
0
0
0
0
0
0
0
0
0
0
0
0
0
0
0
0
0
0
0
$MCA_CAL:
3
-1.4656616 2.9313233 0.00000000000000
$ENER_FIT:
-1.4656616 2.9313233 0.00000000000000
$MCA_CAL_DATA:
3
298 872
597 1749
896 2625
$CAMBIO:
Parent file specification: C:\GADRAS-DRF\Temp\137CS_125.0_175.0_lead_1.61_7.5.pcf
Successful read of spectrum: Yes
Error message: None
Warning: None
Information: None
Neutrons: 0
Number of spectral records in the parent file: 1
Record number of this spectrum in the parent file: 1
Date and time of acquisition read successfully from the original file: Yes
Live time read successfully from the original file: Yes
True time read successfully from the original file: Yes
GADRAS Tag character is:  
Version: 130122
Parent file type: Sandia GADRAS PCF
