$SPEC_ID:
137CS,1uC{82,1.61}
$MEAS_TIM:
3600.00 3600.00
$DATE_MEA:
3/9/2018 5:22:25 PM
$DATA:
0 1193
1101.415
996.690
890.237
850.718
736.557
637.832
565.405
494.020
425.790
391.393
361.261
331.579
312.059
301.637
291.494
282.914
282.325
282.335
282.594
282.905
283.598
284.329
286.242
291.747
297.171
302.446
304.721
305.971
307.218
308.851
310.753
312.630
314.718
317.745
321.116
324.330
329.541
336.187
342.774
348.587
349.998
351.682
353.100
353.499
353.161
353.033
353.138
353.906
354.705
355.561
357.484
359.953
362.228
365.445
370.489
375.179
382.500
395.089
410.263
424.987
445.057
468.750
487.909
494.237
484.943
460.137
428.847
401.900
373.853
350.283
337.036
325.711
313.687
301.998
292.302
286.554
284.650
283.059
280.895
278.941
278.203
278.378
278.392
278.290
278.257
278.214
278.135
278.045
278.010
277.971
277.687
277.132
276.503
276.013
275.722
275.127
273.910
272.549
271.319
270.102
268.713
266.978
265.003
263.041
261.136
259.196
257.214
255.225
253.212
251.178
249.186
247.329
245.539
243.744
241.939
240.188
238.522
236.978
235.480
233.875
232.294
231.073
230.262
229.476
228.550
227.813
227.555
227.658
227.905
228.246
228.684
229.306
230.226
231.478
232.857
234.173
235.499
236.959
238.583
240.318
242.064
243.598
244.765
245.820
247.208
248.737
249.392
248.412
246.519
244.876
243.426
240.753
235.710
228.958
221.737
214.569
207.031
198.689
189.678
180.376
171.176
162.463
154.622
147.800
141.926
136.916
132.595
128.768
125.284
122.139
119.336
116.836
114.533
112.319
110.163
108.072
106.050
104.104
102.238
100.461
98.762
97.137
95.585
94.101
92.687
91.341
90.063
88.851
87.700
86.610
85.571
84.575
83.608
82.662
81.720
80.773
79.810
78.835
77.857
76.883
75.942
75.063
74.281
73.689
73.517
74.000
75.523
78.921
85.109
95.164
110.970
134.685
168.461
214.639
275.665
353.891
449.743
561.589
687.729
824.365
963.323
1095.793
1213.152
1307.098
1369.417
1392.516
1374.782
1320.068
1232.359
1117.273
983.846
841.740
700.191
565.550
442.652
336.329
248.991
179.118
124.916
84.488
55.528
35.549
22.079
13.158
7.626
4.396
2.445
1.281
0.662
0.350
0.164
0.060
0.011
-0.008
-0.012
-0.007
-0.000
0.003
0.002
0.001
0.000
0.000
0.000
0
0
0
0
0
0
0
0
0
0
0
0
0
0
0
0
0
0
0
0
0
0
0
0
0
0
0
0
0
0
0
0
0
0
0
0
0
0
0
0
0
0
0
0
0
0
0
0
0
0
0
0
0
0
0
0
0
0
0
0
0
0
0
0
0
0
0
0
0
0
0
0
0
0
0
0
0
0
0
0
0
0
0
0
0
0
0
0
0
0
0
0
0
0
0
0
0
0
0
0
0
0
0
0
0
0
0
0
0
0
0
0
0
0
0
0
0
0
0
0
0
0
0
0
0
0
0
0
0
0
0
0
0
0
0
0
0
0
0
0
0
0
0
0
0
0
0
0
0
0
0
0
0
0
0
0
0
0
0
0
0
0
0
0
0
0
0
0
0
0
0
0
0
0
0
0
0
0
0
0
0
0
0
0
0
0
0
0
0
0
0
0
0
0
0
0
0
0
0
0
0
0
0
0
0
0
0
0
0
0
0
0
0
0
0
0
0
0
0
0
0
0
0
0
0
0
0
0
0
0
0
0
0
0
0
0
0
0
0
0
0
0
0
0
0
0
0
0
0
0
0
0
0
0
0
0
0
0
0
0
0
0
0
0
0
0
0
0
0
0
0
0
0
0
0
0
0
0
0
0
0
0
0
0
0
0
0
0
0
0
0
0
0
0
0
0
0
0
0
0
0
0
0
0
0
0
0
0
0
0
0
0
0
0
0
0
0
0
0
0
0
0
0
0
0
0
0
0
0
0
0
0
0
0
0
0
0
0
0
0
0
0
0
0
0
0
0
0
0
0
0
0
0
0
0
0
0
0
0
0
0
0
0
0
0
0
0
0
0
0
0
0
0
0
0
0
0
0
0
0
0
0
0
0
0
0
0
0
0
0
0
0
0
0
0
0
0
0
0
0
0
0
0
0
0
0
0
0
0
0
0
0
0
0
0
0
0
0
0
0
0
0
0
0
0
0
0
0
0
0
0
0
0
0
0
0
0
0
0
0
0
0
0
0
0
0
0
0
0
0
0
0
0
0
0
0
0
0
0
0
0
0
0
0
0
0
0
0
0
0
0
0
0
0
0
0
0
0
0
0
0
0
0
0
0
0
0
0
0
0
0
0
0
0
0
0
0
0
0
0
0
0
0
0
0
0
0
0
0
0
0
0
0
0
0
0
0
0
0
0
0
0
0
0
0
0
0
0
0
0
0
0
0
0
0
0
0
0
0
0
0
0
0
0
0
0
0
0
0
0
0
0
0
0
0
0
0
0
0
0
0
0
0
0
0
0
0
0
0
0
0
0
0
0
0
0
0
0
0
0
0
0
0
0
0
0
0
0
0
0
0
0
0
0
0
0
0
0
0
0
0
0
0
0
0
0
0
0
0
0
0
0
0
0
0
0
0
0
0
0
0
0
0
0
0
0
0
0
0
0
0
0
0
0
0
0
0
0
0
0
0
0
0
0
0
0
0
0
0
0
0
0
0
0
0
0
0
0
0
0
0
0
0
0
0
0
0
0
0
0
0
0
0
0
0
0
0
0
0
0
0
0
0
0
0
0
0
0
0
0
0
0
0
0
0
0
0
0
0
0
0
0
0
0
0
0
0
0
0
0
0
0
0
0
0
0
0
0
0
0
0
0
0
0
0
0
0
0
0
0
0
0
0
0
0
0
0
0
0
0
0
0
0
0
0
0
0
0
0
0
0
0
0
0
0
0
0
0
0
0
0
0
0
0
0
0
0
0
0
0
0
0
0
0
0
0
0
0
0
0
0
0
0
0
0
0
0
0
0
0
0
0
0
0
0
0
0
0
0
0
0
0
0
0
0
0
0
0
0
0
0
0
0
0
0
0
0
0
0
0
0
0
0
0
0
0
0
0
0
0
0
0
0
0
0
0
0
0
0
0
0
0
0
0
0
0
0
0
0
0
0
0
0
0
0
0
0
0
0
0
0
0
0
0
0
0
0
0
0
0
0
0
0
0
0
0
0
0
0
0
0
0
0
0
0
0
0
0
0
0
0
0
0
0
0
0
0
0
0
0
0
0
0
0
0
0
0
0
0
0
0
0
0
0
0
0
0
0
0
0
0
0
0
0
0
0
0
0
0
0
0
$MCA_CAL:
3
-1.4656616 2.9313233 0.00000000000000
$ENER_FIT:
-1.4656616 2.9313233 0.00000000000000
$MCA_CAL_DATA:
3
298 872
597 1749
896 2625
$CAMBIO:
Parent file specification: C:\GADRAS-DRF\Temp\137CS_75.0_50.0_lead_1.61_6.0.pcf
Successful read of spectrum: Yes
Error message: None
Warning: None
Information: None
Neutrons: 0
Number of spectral records in the parent file: 1
Record number of this spectrum in the parent file: 1
Date and time of acquisition read successfully from the original file: Yes
Live time read successfully from the original file: Yes
True time read successfully from the original file: Yes
GADRAS Tag character is:  
Version: 130122
Parent file type: Sandia GADRAS PCF
