$SPEC_ID:
137CS,1uC{26,1.53}
$MEAS_TIM:
3600.00 3600.00
$DATE_MEA:
3/9/2018 5:22:25 PM
$DATA:
0 1193
96.123
87.282
78.827
84.644
75.328
64.881
56.092
47.625
39.819
35.775
32.277
28.837
26.851
26.021
25.249
24.667
25.267
25.952
26.744
27.610
28.497
29.392
30.240
31.013
31.793
32.567
33.269
33.933
34.604
35.271
35.910
36.560
37.125
37.508
37.841
38.180
38.554
38.893
39.140
39.272
39.314
39.356
39.368
39.271
39.088
39.009
38.920
38.738
38.560
38.384
38.198
38.008
37.822
37.650
37.506
37.390
37.334
37.444
37.690
37.949
38.308
38.846
39.373
39.738
39.920
39.869
39.520
38.977
38.409
37.763
36.941
36.034
35.157
34.294
33.407
32.506
31.612
30.728
29.855
29.034
28.304
27.630
26.948
26.255
25.599
24.996
24.430
23.885
23.352
22.822
22.299
21.788
21.294
20.823
20.376
19.949
19.538
19.136
18.734
18.330
17.924
17.519
17.114
16.709
16.304
15.899
15.496
15.091
14.681
14.268
13.871
13.510
13.184
12.874
12.559
12.242
11.939
11.658
11.396
11.140
10.886
10.634
10.390
10.156
9.936
9.730
9.540
9.362
9.195
9.038
8.899
8.784
8.693
8.615
8.540
8.465
8.394
8.335
8.288
8.248
8.206
8.157
8.106
8.058
8.017
7.974
7.918
7.837
7.729
7.601
7.461
7.312
7.151
6.976
6.784
6.575
6.351
6.115
5.871
5.625
5.385
5.154
4.937
4.735
4.551
4.384
4.232
4.095
3.969
3.854
3.749
3.653
3.565
3.485
3.409
3.338
3.271
3.207
3.147
3.091
3.038
2.989
2.942
2.897
2.853
2.812
2.773
2.735
2.699
2.665
2.633
2.602
2.573
2.545
2.520
2.496
2.476
2.462
2.456
2.461
2.484
2.533
2.615
2.739
2.923
3.186
3.547
4.027
4.646
5.429
6.397
7.575
8.967
10.564
12.356
14.332
16.463
18.683
20.922
23.106
25.163
27.009
28.563
29.739
30.451
30.662
30.391
29.663
28.501
26.940
25.050
22.920
20.638
18.292
15.957
13.687
11.536
9.556
7.797
6.269
4.959
3.855
2.943
2.210
1.633
1.188
0.851
0.599
0.412
0.278
0.186
0.125
0.082
0.053
0.033
0.020
0.012
0.007
0.004
0.002
0.001
0.000
-0.000
-0.000
-0.000
-0.000
-0.000
0.000
0.000
0.000
0.000
0.000
0.000
0.000
0.000
0
0
0
0
0
0
0
0
0
0
0
0
0
0
0
0
0
0
0
0
0
0
0
0
0
0
0
0
0
0
0
0
0
0
0
0
0
0
0
0
0
0
0
0
0
0
0
0
0
0
0
0
0
0
0
0
0
0
0
0
0
0
0
0
0
0
0
0
0
0
0
0
0
0
0
0
0
0
0
0
0
0
0
0
0
0
0
0
0
0
0
0
0
0
0
0
0
0
0
0
0
0
0
0
0
0
0
0
0
0
0
0
0
0
0
0
0
0
0
0
0
0
0
0
0
0
0
0
0
0
0
0
0
0
0
0
0
0
0
0
0
0
0
0
0
0
0
0
0
0
0
0
0
0
0
0
0
0
0
0
0
0
0
0
0
0
0
0
0
0
0
0
0
0
0
0
0
0
0
0
0
0
0
0
0
0
0
0
0
0
0
0
0
0
0
0
0
0
0
0
0
0
0
0
0
0
0
0
0
0
0
0
0
0
0
0
0
0
0
0
0
0
0
0
0
0
0
0
0
0
0
0
0
0
0
0
0
0
0
0
0
0
0
0
0
0
0
0
0
0
0
0
0
0
0
0
0
0
0
0
0
0
0
0
0
0
0
0
0
0
0
0
0
0
0
0
0
0
0
0
0
0
0
0
0
0
0
0
0
0
0
0
0
0
0
0
0
0
0
0
0
0
0
0
0
0
0
0
0
0
0
0
0
0
0
0
0
0
0
0
0
0
0
0
0
0
0
0
0
0
0
0
0
0
0
0
0
0
0
0
0
0
0
0
0
0
0
0
0
0
0
0
0
0
0
0
0
0
0
0
0
0
0
0
0
0
0
0
0
0
0
0
0
0
0
0
0
0
0
0
0
0
0
0
0
0
0
0
0
0
0
0
0
0
0
0
0
0
0
0
0
0
0
0
0
0
0
0
0
0
0
0
0
0
0
0
0
0
0
0
0
0
0
0
0
0
0
0
0
0
0
0
0
0
0
0
0
0
0
0
0
0
0
0
0
0
0
0
0
0
0
0
0
0
0
0
0
0
0
0
0
0
0
0
0
0
0
0
0
0
0
0
0
0
0
0
0
0
0
0
0
0
0
0
0
0
0
0
0
0
0
0
0
0
0
0
0
0
0
0
0
0
0
0
0
0
0
0
0
0
0
0
0
0
0
0
0
0
0
0
0
0
0
0
0
0
0
0
0
0
0
0
0
0
0
0
0
0
0
0
0
0
0
0
0
0
0
0
0
0
0
0
0
0
0
0
0
0
0
0
0
0
0
0
0
0
0
0
0
0
0
0
0
0
0
0
0
0
0
0
0
0
0
0
0
0
0
0
0
0
0
0
0
0
0
0
0
0
0
0
0
0
0
0
0
0
0
0
0
0
0
0
0
0
0
0
0
0
0
0
0
0
0
0
0
0
0
0
0
0
0
0
0
0
0
0
0
0
0
0
0
0
0
0
0
0
0
0
0
0
0
0
0
0
0
0
0
0
0
0
0
0
0
0
0
0
0
0
0
0
0
0
0
0
0
0
0
0
0
0
0
0
0
0
0
0
0
0
0
0
0
0
0
0
0
0
0
0
0
0
0
0
0
0
0
0
0
0
0
0
0
0
0
0
0
0
0
0
0
0
0
0
0
0
0
0
0
0
0
0
0
0
0
0
0
0
0
0
0
0
0
0
0
0
0
0
0
0
0
0
0
0
0
0
0
0
0
0
0
0
0
0
0
0
0
0
0
0
0
0
0
0
0
0
0
0
0
0
0
0
0
0
0
0
0
0
0
0
0
0
0
0
0
0
0
0
0
0
0
0
0
0
0
0
0
0
0
0
0
0
0
0
0
0
0
0
0
0
0
0
0
0
0
0
0
0
0
0
0
0
0
0
0
0
0
0
0
0
0
0
0
0
0
0
0
0
0
0
0
0
0
0
0
0
0
0
0
0
0
0
0
0
0
0
0
0
0
0
0
0
0
0
0
0
0
0
0
0
0
0
0
0
0
0
0
0
0
0
0
0
0
0
0
0
0
0
0
0
0
0
0
0
0
0
0
0
0
0
0
0
0
0
0
0
0
0
0
0
0
$MCA_CAL:
3
-1.4656616 2.9313233 0.00000000000000
$ENER_FIT:
-1.4656616 2.9313233 0.00000000000000
$MCA_CAL_DATA:
3
298 872
597 1749
896 2625
$CAMBIO:
Parent file specification: C:\GADRAS-DRF\Temp\137CS_75.0_300.0_iron_1.53_8.0.pcf
Successful read of spectrum: Yes
Error message: None
Warning: None
Information: None
Neutrons: 0
Number of spectral records in the parent file: 1
Record number of this spectrum in the parent file: 1
Date and time of acquisition read successfully from the original file: Yes
Live time read successfully from the original file: Yes
True time read successfully from the original file: Yes
GADRAS Tag character is:  
Version: 130122
Parent file type: Sandia GADRAS PCF
