$SPEC_ID:
137CS,1uC{13,7.49}
$MEAS_TIM:
3600.00 3600.00
$DATE_MEA:
3/9/2018 5:22:25 PM
$DATA:
0 1193
68.142
62.034
56.930
114.436
105.323
88.957
75.772
64.142
55.327
49.706
46.012
42.779
41.250
40.886
40.816
41.074
42.388
44.361
46.921
49.917
52.943
55.992
58.532
59.670
60.972
62.185
63.150
63.989
64.855
65.713
66.522
67.409
67.959
67.839
67.581
67.333
67.134
66.808
66.157
65.277
64.410
63.538
62.659
61.781
61.077
60.931
60.991
60.957
60.943
60.919
60.874
60.830
60.719
60.486
60.142
59.772
59.485
59.370
59.387
59.417
59.573
59.941
60.259
60.321
60.086
59.508
58.548
57.361
56.147
54.751
52.959
50.981
49.080
47.190
45.202
43.173
41.198
39.356
37.703
36.219
34.854
33.541
32.213
30.882
29.615
28.437
27.319
26.237
25.184
24.155
23.161
22.213
21.334
20.557
19.897
19.342
18.874
18.451
18.026
17.584
17.160
16.781
16.430
16.076
15.710
15.356
15.034
14.736
14.434
14.119
13.823
13.581
13.395
13.233
13.063
12.885
12.712
12.558
12.417
12.281
12.147
12.017
11.894
11.781
11.677
11.579
11.489
11.409
11.342
11.289
11.248
11.218
11.196
11.178
11.161
11.143
11.128
11.117
11.111
11.104
11.091
11.067
11.039
11.014
10.997
10.977
10.941
10.873
10.772
10.647
10.507
10.358
10.196
10.016
9.816
9.597
9.360
9.107
8.844
8.578
8.316
8.065
7.828
7.607
7.404
7.220
7.051
6.896
6.752
6.619
6.496
6.382
6.276
6.176
6.081
5.990
5.900
5.816
5.736
5.665
5.599
5.538
5.481
5.425
5.370
5.316
5.264
5.214
5.166
5.120
5.075
5.033
4.991
4.951
4.912
4.875
4.840
4.811
4.790
4.780
4.787
4.821
4.888
4.999
5.170
5.424
5.780
6.259
6.883
7.672
8.647
9.831
11.227
12.826
14.616
16.586
18.707
20.916
23.141
25.310
27.350
29.176
30.698
31.822
32.456
32.564
32.170
31.307
30.009
28.314
26.296
24.040
21.633
19.160
16.696
14.301
12.034
9.953
8.113
6.521
5.161
4.018
3.074
2.312
1.710
1.243
0.889
0.623
0.427
0.288
0.193
0.130
0.086
0.055
0.035
0.021
0.013
0.008
0.004
0.002
0.001
0.000
-0.000
-0.000
-0.000
-0.000
-0.000
0.000
0.000
0.000
0.000
0.000
0.000
0.000
0.000
0
0
0
0
0
0
0
0
0
0
0
0
0
0
0
0
0
0
0
0
0
0
0
0
0
0
0
0
0
0
0
0
0
0
0
0
0
0
0
0
0
0
0
0
0
0
0
0
0
0
0
0
0
0
0
0
0
0
0
0
0
0
0
0
0
0
0
0
0
0
0
0
0
0
0
0
0
0
0
0
0
0
0
0
0
0
0
0
0
0
0
0
0
0
0
0
0
0
0
0
0
0
0
0
0
0
0
0
0
0
0
0
0
0
0
0
0
0
0
0
0
0
0
0
0
0
0
0
0
0
0
0
0
0
0
0
0
0
0
0
0
0
0
0
0
0
0
0
0
0
0
0
0
0
0
0
0
0
0
0
0
0
0
0
0
0
0
0
0
0
0
0
0
0
0
0
0
0
0
0
0
0
0
0
0
0
0
0
0
0
0
0
0
0
0
0
0
0
0
0
0
0
0
0
0
0
0
0
0
0
0
0
0
0
0
0
0
0
0
0
0
0
0
0
0
0
0
0
0
0
0
0
0
0
0
0
0
0
0
0
0
0
0
0
0
0
0
0
0
0
0
0
0
0
0
0
0
0
0
0
0
0
0
0
0
0
0
0
0
0
0
0
0
0
0
0
0
0
0
0
0
0
0
0
0
0
0
0
0
0
0
0
0
0
0
0
0
0
0
0
0
0
0
0
0
0
0
0
0
0
0
0
0
0
0
0
0
0
0
0
0
0
0
0
0
0
0
0
0
0
0
0
0
0
0
0
0
0
0
0
0
0
0
0
0
0
0
0
0
0
0
0
0
0
0
0
0
0
0
0
0
0
0
0
0
0
0
0
0
0
0
0
0
0
0
0
0
0
0
0
0
0
0
0
0
0
0
0
0
0
0
0
0
0
0
0
0
0
0
0
0
0
0
0
0
0
0
0
0
0
0
0
0
0
0
0
0
0
0
0
0
0
0
0
0
0
0
0
0
0
0
0
0
0
0
0
0
0
0
0
0
0
0
0
0
0
0
0
0
0
0
0
0
0
0
0
0
0
0
0
0
0
0
0
0
0
0
0
0
0
0
0
0
0
0
0
0
0
0
0
0
0
0
0
0
0
0
0
0
0
0
0
0
0
0
0
0
0
0
0
0
0
0
0
0
0
0
0
0
0
0
0
0
0
0
0
0
0
0
0
0
0
0
0
0
0
0
0
0
0
0
0
0
0
0
0
0
0
0
0
0
0
0
0
0
0
0
0
0
0
0
0
0
0
0
0
0
0
0
0
0
0
0
0
0
0
0
0
0
0
0
0
0
0
0
0
0
0
0
0
0
0
0
0
0
0
0
0
0
0
0
0
0
0
0
0
0
0
0
0
0
0
0
0
0
0
0
0
0
0
0
0
0
0
0
0
0
0
0
0
0
0
0
0
0
0
0
0
0
0
0
0
0
0
0
0
0
0
0
0
0
0
0
0
0
0
0
0
0
0
0
0
0
0
0
0
0
0
0
0
0
0
0
0
0
0
0
0
0
0
0
0
0
0
0
0
0
0
0
0
0
0
0
0
0
0
0
0
0
0
0
0
0
0
0
0
0
0
0
0
0
0
0
0
0
0
0
0
0
0
0
0
0
0
0
0
0
0
0
0
0
0
0
0
0
0
0
0
0
0
0
0
0
0
0
0
0
0
0
0
0
0
0
0
0
0
0
0
0
0
0
0
0
0
0
0
0
0
0
0
0
0
0
0
0
0
0
0
0
0
0
0
0
0
0
0
0
0
0
0
0
0
0
0
0
0
0
0
0
0
0
0
0
0
0
0
0
0
0
0
0
0
0
0
0
0
0
0
0
0
0
0
0
0
0
0
0
0
0
0
0
0
0
0
0
0
0
0
0
0
0
0
0
0
0
0
0
0
0
0
0
0
0
0
0
0
0
0
0
0
0
0
0
0
0
0
0
0
0
0
0
0
0
0
0
0
0
0
0
0
0
0
0
0
0
0
0
0
0
0
0
0
0
0
0
0
0
0
0
0
0
0
0
0
0
0
0
0
0
0
0
0
0
0
0
0
0
0
0
0
0
0
0
0
0
0
0
0
0
$MCA_CAL:
3
-1.4656616 2.9313233 0.00000000000000
$ENER_FIT:
-1.4656616 2.9313233 0.00000000000000
$MCA_CAL_DATA:
3
298 872
597 1749
896 2625
$CAMBIO:
Parent file specification: C:\GADRAS-DRF\Temp\137CS_125.0_237.5_alum_7.49_8.0.pcf
Successful read of spectrum: Yes
Error message: None
Warning: None
Information: None
Neutrons: 0
Number of spectral records in the parent file: 1
Record number of this spectrum in the parent file: 1
Date and time of acquisition read successfully from the original file: Yes
Live time read successfully from the original file: Yes
True time read successfully from the original file: Yes
GADRAS Tag character is:  
Version: 130122
Parent file type: Sandia GADRAS PCF
