$SPEC_ID:
137CS,1uC{26,6.28}
$MEAS_TIM:
3600.00 3600.00
$DATE_MEA:
3/9/2018 5:22:25 PM
$DATA:
0 1193
96.594
87.811
78.516
129.537
110.709
94.451
80.830
68.502
58.392
52.280
47.480
43.093
40.569
39.565
38.728
38.220
38.874
39.902
41.325
43.172
45.329
47.504
49.361
50.272
51.261
52.261
53.282
54.303
55.327
56.443
57.631
58.804
59.892
60.332
60.735
61.137
61.598
62.049
61.870
61.636
61.332
61.025
60.741
60.270
59.923
59.871
59.887
59.822
59.769
59.715
59.621
59.528
59.406
59.177
58.879
58.530
58.299
58.282
58.302
58.383
58.647
59.182
59.885
60.314
60.177
59.766
59.020
57.920
56.832
55.621
54.066
52.433
50.847
49.265
47.624
45.932
44.308
42.816
41.468
40.228
39.063
37.957
36.876
35.774
34.703
33.736
32.836
31.950
31.054
30.157
29.310
28.509
27.685
26.878
26.213
25.679
25.165
24.636
24.104
23.579
23.060
22.548
22.039
21.532
21.023
20.514
20.008
19.500
18.978
18.450
17.966
17.561
17.200
16.843
16.488
16.146
15.820
15.507
15.205
14.907
14.609
14.318
14.044
13.777
13.505
13.231
12.987
12.795
12.633
12.472
12.313
12.183
12.097
12.033
11.963
11.885
11.816
11.767
11.731
11.697
11.660
11.617
11.569
11.524
11.493
11.470
11.428
11.341
11.215
11.084
10.970
10.845
10.665
10.410
10.115
9.821
9.540
9.254
8.942
8.609
8.279
7.972
7.695
7.447
7.225
7.029
6.857
6.705
6.570
6.448
6.335
6.230
6.131
6.036
5.945
5.856
5.770
5.687
5.609
5.537
5.470
5.406
5.345
5.287
5.230
5.176
5.124
5.075
5.027
4.981
4.936
4.893
4.851
4.809
4.769
4.728
4.688
4.650
4.613
4.578
4.548
4.521
4.502
4.500
4.521
4.578
4.696
4.904
5.230
5.720
6.427
7.404
8.704
10.375
12.463
15.010
17.989
21.334
24.976
28.807
32.607
36.138
39.167
41.503
42.996
43.503
42.913
41.316
38.861
35.700
32.006
27.995
23.889
19.908
16.194
12.829
9.891
7.448
5.480
3.932
2.747
1.870
1.243
0.812
0.519
0.320
0.191
0.112
0.064
0.033
0.014
0.004
-0.001
-0.002
-0.002
-0.001
0.000
0.001
0.001
0.000
-0.000
-0.000
-0.000
-0.000
0.000
0.000
0.000
0.000
0.000
0.000
0.000
0
0
0
0
0
0
0
0
0
0
0
0
0
0
0
0
0
0
0
0
0
0
0
0
0
0
0
0
0
0
0
0
0
0
0
0
0
0
0
0
0
0
0
0
0
0
0
0
0
0
0
0
0
0
0
0
0
0
0
0
0
0
0
0
0
0
0
0
0
0
0
0
0
0
0
0
0
0
0
0
0
0
0
0
0
0
0
0
0
0
0
0
0
0
0
0
0
0
0
0
0
0
0
0
0
0
0
0
0
0
0
0
0
0
0
0
0
0
0
0
0
0
0
0
0
0
0
0
0
0
0
0
0
0
0
0
0
0
0
0
0
0
0
0
0
0
0
0
0
0
0
0
0
0
0
0
0
0
0
0
0
0
0
0
0
0
0
0
0
0
0
0
0
0
0
0
0
0
0
0
0
0
0
0
0
0
0
0
0
0
0
0
0
0
0
0
0
0
0
0
0
0
0
0
0
0
0
0
0
0
0
0
0
0
0
0
0
0
0
0
0
0
0
0
0
0
0
0
0
0
0
0
0
0
0
0
0
0
0
0
0
0
0
0
0
0
0
0
0
0
0
0
0
0
0
0
0
0
0
0
0
0
0
0
0
0
0
0
0
0
0
0
0
0
0
0
0
0
0
0
0
0
0
0
0
0
0
0
0
0
0
0
0
0
0
0
0
0
0
0
0
0
0
0
0
0
0
0
0
0
0
0
0
0
0
0
0
0
0
0
0
0
0
0
0
0
0
0
0
0
0
0
0
0
0
0
0
0
0
0
0
0
0
0
0
0
0
0
0
0
0
0
0
0
0
0
0
0
0
0
0
0
0
0
0
0
0
0
0
0
0
0
0
0
0
0
0
0
0
0
0
0
0
0
0
0
0
0
0
0
0
0
0
0
0
0
0
0
0
0
0
0
0
0
0
0
0
0
0
0
0
0
0
0
0
0
0
0
0
0
0
0
0
0
0
0
0
0
0
0
0
0
0
0
0
0
0
0
0
0
0
0
0
0
0
0
0
0
0
0
0
0
0
0
0
0
0
0
0
0
0
0
0
0
0
0
0
0
0
0
0
0
0
0
0
0
0
0
0
0
0
0
0
0
0
0
0
0
0
0
0
0
0
0
0
0
0
0
0
0
0
0
0
0
0
0
0
0
0
0
0
0
0
0
0
0
0
0
0
0
0
0
0
0
0
0
0
0
0
0
0
0
0
0
0
0
0
0
0
0
0
0
0
0
0
0
0
0
0
0
0
0
0
0
0
0
0
0
0
0
0
0
0
0
0
0
0
0
0
0
0
0
0
0
0
0
0
0
0
0
0
0
0
0
0
0
0
0
0
0
0
0
0
0
0
0
0
0
0
0
0
0
0
0
0
0
0
0
0
0
0
0
0
0
0
0
0
0
0
0
0
0
0
0
0
0
0
0
0
0
0
0
0
0
0
0
0
0
0
0
0
0
0
0
0
0
0
0
0
0
0
0
0
0
0
0
0
0
0
0
0
0
0
0
0
0
0
0
0
0
0
0
0
0
0
0
0
0
0
0
0
0
0
0
0
0
0
0
0
0
0
0
0
0
0
0
0
0
0
0
0
0
0
0
0
0
0
0
0
0
0
0
0
0
0
0
0
0
0
0
0
0
0
0
0
0
0
0
0
0
0
0
0
0
0
0
0
0
0
0
0
0
0
0
0
0
0
0
0
0
0
0
0
0
0
0
0
0
0
0
0
0
0
0
0
0
0
0
0
0
0
0
0
0
0
0
0
0
0
0
0
0
0
0
0
0
0
0
0
0
0
0
0
0
0
0
0
0
0
0
0
0
0
0
0
0
0
0
0
0
0
0
0
0
0
0
0
0
0
0
0
0
0
0
0
0
0
0
0
0
0
0
0
0
0
0
0
0
0
0
0
0
0
0
0
0
0
0
0
0
0
0
0
0
0
0
0
0
0
0
0
0
0
0
0
0
0
0
0
0
0
0
0
0
0
0
0
0
0
0
0
0
0
0
0
0
0
0
0
0
0
0
0
0
0
0
0
0
0
0
0
0
0
0
0
0
0
0
0
0
0
0
0
0
0
0
0
0
0
0
0
0
0
$MCA_CAL:
3
-1.4656616 2.9313233 0.00000000000000
$ENER_FIT:
-1.4656616 2.9313233 0.00000000000000
$MCA_CAL_DATA:
3
298 872
597 1749
896 2625
$CAMBIO:
Parent file specification: C:\GADRAS-DRF\Temp\137CS_75.0_237.5_iron_6.28_6.5.pcf
Successful read of spectrum: Yes
Error message: None
Warning: None
Information: None
Neutrons: 0
Number of spectral records in the parent file: 1
Record number of this spectrum in the parent file: 1
Date and time of acquisition read successfully from the original file: Yes
Live time read successfully from the original file: Yes
True time read successfully from the original file: Yes
GADRAS Tag character is:  
Version: 130122
Parent file type: Sandia GADRAS PCF
