$SPEC_ID:
137CS,1uC{82,0.22}
$MEAS_TIM:
3600.00 3600.00
$DATE_MEA:
3/9/2018 5:22:25 PM
$DATA:
0 1193
307.041
278.793
251.603
227.150
198.727
173.463
153.208
132.917
113.171
104.429
97.525
89.207
82.929
79.438
76.461
74.554
74.929
75.349
75.807
76.718
77.868
78.973
80.349
82.149
83.985
85.856
86.996
87.905
88.924
89.673
90.213
90.710
91.293
92.201
93.171
94.084
95.323
96.914
98.413
99.630
100.421
100.990
101.625
101.927
101.963
102.089
102.454
102.954
103.495
104.287
105.353
106.591
108.150
110.132
112.486
115.347
118.956
123.397
128.610
134.301
140.191
146.075
151.115
153.876
153.657
150.374
144.479
136.795
128.469
120.742
113.770
107.072
100.429
93.838
87.803
83.259
80.212
77.396
74.124
71.204
69.387
68.253
67.115
65.872
64.789
63.984
63.353
62.791
62.272
61.788
61.340
60.935
60.569
60.224
59.873
59.511
59.138
58.760
58.374
57.976
57.564
57.135
56.691
56.235
55.778
55.324
54.870
54.414
53.953
53.499
53.061
52.644
52.232
51.816
51.398
51.001
50.641
50.318
50.018
49.723
49.439
49.178
48.958
48.786
48.664
48.594
48.569
48.577
48.602
48.646
48.732
48.887
49.118
49.400
49.698
49.983
50.262
50.552
50.868
51.200
51.514
51.772
51.951
52.045
52.060
51.993
51.843
51.611
51.293
50.872
50.293
49.505
48.460
47.186
45.764
44.268
42.758
41.228
39.665
38.054
36.408
34.772
33.198
31.733
30.389
29.164
28.050
27.044
26.135
25.313
24.567
23.889
23.269
22.697
22.165
21.667
21.197
20.753
20.330
19.928
19.544
19.177
18.827
18.492
18.172
17.865
17.569
17.285
17.011
16.753
16.510
16.285
16.080
15.900
15.745
15.620
15.541
15.537
15.637
15.872
16.286
16.961
17.982
19.437
21.417
24.055
27.502
31.913
37.438
44.195
52.252
61.675
72.517
84.815
98.384
112.930
128.163
143.788
159.447
174.581
188.621
200.992
211.142
218.692
223.434
225.211
223.819
219.126
211.393
201.079
188.620
174.469
159.077
142.935
126.522
110.326
94.843
80.458
67.299
55.433
44.932
35.863
28.241
21.937
16.800
12.676
9.415
6.875
4.945
3.516
2.483
1.738
1.189
0.793
0.520
0.339
0.221
0.138
0.079
0.040
0.016
0.003
-0.004
-0.006
-0.006
-0.004
-0.002
0.001
0.002
0.002
0.001
0.001
0.000
-0.000
-0.000
-0.000
-0.000
-0.000
0.000
0.000
0.000
0
0
0
0
0
0
0
0
0
0
0
0
0
0
0
0
0
0
0
0
0
0
0
0
0
0
0
0
0
0
0
0
0
0
0
0
0
0
0
0
0
0
0
0
0
0
0
0
0
0
0
0
0
0
0
0
0
0
0
0
0
0
0
0
0
0
0
0
0
0
0
0
0
0
0
0
0
0
0
0
0
0
0
0
0
0
0
0
0
0
0
0
0
0
0
0
0
0
0
0
0
0
0
0
0
0
0
0
0
0
0
0
0
0
0
0
0
0
0
0
0
0
0
0
0
0
0
0
0
0
0
0
0
0
0
0
0
0
0
0
0
0
0
0
0
0
0
0
0
0
0
0
0
0
0
0
0
0
0
0
0
0
0
0
0
0
0
0
0
0
0
0
0
0
0
0
0
0
0
0
0
0
0
0
0
0
0
0
0
0
0
0
0
0
0
0
0
0
0
0
0
0
0
0
0
0
0
0
0
0
0
0
0
0
0
0
0
0
0
0
0
0
0
0
0
0
0
0
0
0
0
0
0
0
0
0
0
0
0
0
0
0
0
0
0
0
0
0
0
0
0
0
0
0
0
0
0
0
0
0
0
0
0
0
0
0
0
0
0
0
0
0
0
0
0
0
0
0
0
0
0
0
0
0
0
0
0
0
0
0
0
0
0
0
0
0
0
0
0
0
0
0
0
0
0
0
0
0
0
0
0
0
0
0
0
0
0
0
0
0
0
0
0
0
0
0
0
0
0
0
0
0
0
0
0
0
0
0
0
0
0
0
0
0
0
0
0
0
0
0
0
0
0
0
0
0
0
0
0
0
0
0
0
0
0
0
0
0
0
0
0
0
0
0
0
0
0
0
0
0
0
0
0
0
0
0
0
0
0
0
0
0
0
0
0
0
0
0
0
0
0
0
0
0
0
0
0
0
0
0
0
0
0
0
0
0
0
0
0
0
0
0
0
0
0
0
0
0
0
0
0
0
0
0
0
0
0
0
0
0
0
0
0
0
0
0
0
0
0
0
0
0
0
0
0
0
0
0
0
0
0
0
0
0
0
0
0
0
0
0
0
0
0
0
0
0
0
0
0
0
0
0
0
0
0
0
0
0
0
0
0
0
0
0
0
0
0
0
0
0
0
0
0
0
0
0
0
0
0
0
0
0
0
0
0
0
0
0
0
0
0
0
0
0
0
0
0
0
0
0
0
0
0
0
0
0
0
0
0
0
0
0
0
0
0
0
0
0
0
0
0
0
0
0
0
0
0
0
0
0
0
0
0
0
0
0
0
0
0
0
0
0
0
0
0
0
0
0
0
0
0
0
0
0
0
0
0
0
0
0
0
0
0
0
0
0
0
0
0
0
0
0
0
0
0
0
0
0
0
0
0
0
0
0
0
0
0
0
0
0
0
0
0
0
0
0
0
0
0
0
0
0
0
0
0
0
0
0
0
0
0
0
0
0
0
0
0
0
0
0
0
0
0
0
0
0
0
0
0
0
0
0
0
0
0
0
0
0
0
0
0
0
0
0
0
0
0
0
0
0
0
0
0
0
0
0
0
0
0
0
0
0
0
0
0
0
0
0
0
0
0
0
0
0
0
0
0
0
0
0
0
0
0
0
0
0
0
0
0
0
0
0
0
0
0
0
0
0
0
0
0
0
0
0
0
0
0
0
0
0
0
0
0
0
0
0
0
0
0
0
0
0
0
0
0
0
0
0
0
0
0
0
0
0
0
0
0
0
0
0
0
0
0
0
0
0
0
0
0
0
0
0
0
0
0
0
0
0
0
0
0
0
0
0
0
0
0
0
0
0
0
0
0
0
0
0
0
0
0
0
0
0
0
0
0
0
0
0
0
0
0
0
0
0
0
0
0
0
0
0
0
0
0
0
0
0
0
0
0
0
0
0
0
0
0
0
0
0
0
0
0
0
0
0
0
0
0
0
0
0
0
0
0
0
0
0
0
0
0
0
0
0
0
0
0
0
0
0
0
0
0
0
0
0
0
0
0
0
0
0
0
0
0
0
0
0
0
0
0
0
0
0
0
0
0
0
0
0
0
0
0
0
0
$MCA_CAL:
3
-1.4656616 2.9313233 0.00000000000000
$ENER_FIT:
-1.4656616 2.9313233 0.00000000000000
$MCA_CAL_DATA:
3
298 872
597 1749
896 2625
$CAMBIO:
Parent file specification: C:\GADRAS-DRF\Temp\137CS_125.0_112.5_lead_0.22_8.5.pcf
Successful read of spectrum: Yes
Error message: None
Warning: None
Information: None
Neutrons: 0
Number of spectral records in the parent file: 1
Record number of this spectrum in the parent file: 1
Date and time of acquisition read successfully from the original file: Yes
Live time read successfully from the original file: Yes
True time read successfully from the original file: Yes
GADRAS Tag character is:  
Version: 130122
Parent file type: Sandia GADRAS PCF
