$SPEC_ID:
137CS,1uC{13,7.49}
$MEAS_TIM:
3600.00 3600.00
$DATE_MEA:
3/9/2018 5:22:25 PM
$DATA:
0 1193
76.086
69.256
64.641
123.159
116.258
98.369
83.675
70.813
60.893
54.521
50.182
46.570
44.776
44.574
44.596
45.007
46.438
48.506
51.182
54.321
57.487
60.726
63.412
64.673
66.190
67.540
68.528
69.357
70.200
71.048
71.838
72.734
73.246
73.097
72.812
72.503
72.294
71.947
71.113
70.173
69.264
68.336
67.389
66.461
65.692
65.348
65.236
65.020
64.775
64.554
64.301
64.021
63.732
63.391
62.984
62.573
62.233
62.043
61.977
61.943
61.978
62.179
62.355
62.198
61.686
60.940
60.011
58.916
57.644
56.169
54.530
52.831
51.121
49.364
47.544
45.737
44.034
42.466
41.040
39.735
38.504
37.302
36.110
34.913
33.727
32.585
31.503
30.455
29.409
28.352
27.292
26.241
25.240
24.336
23.545
22.839
22.187
21.569
20.967
20.371
19.785
19.222
18.690
18.183
17.697
17.224
16.759
16.297
15.841
15.414
15.039
14.724
14.446
14.184
13.924
13.675
13.444
13.236
13.046
12.867
12.694
12.526
12.364
12.208
12.061
11.928
11.813
11.717
11.636
11.566
11.504
11.448
11.398
11.355
11.318
11.285
11.257
11.233
11.209
11.182
11.149
11.111
11.071
11.032
10.994
10.951
10.894
10.816
10.714
10.590
10.447
10.286
10.112
9.923
9.723
9.511
9.290
9.059
8.820
8.573
8.326
8.083
7.852
7.637
7.439
7.256
7.086
6.928
6.781
6.645
6.519
6.402
6.294
6.192
6.095
6.001
5.911
5.826
5.747
5.674
5.608
5.546
5.489
5.433
5.378
5.324
5.272
5.222
5.174
5.129
5.086
5.046
5.009
4.977
4.949
4.928
4.914
4.912
4.926
4.963
5.033
5.143
5.302
5.524
5.827
6.223
6.728
7.354
8.110
9.008
10.055
11.260
12.611
14.087
15.671
17.343
19.078
20.827
22.538
24.155
25.625
26.897
27.931
28.685
29.117
29.191
28.882
28.219
27.240
25.984
24.487
22.793
20.950
19.015
17.040
15.078
13.180
11.374
9.682
8.124
6.722
5.494
4.439
3.544
2.794
2.173
1.667
1.261
0.942
0.697
0.511
0.371
0.264
0.184
0.126
0.086
0.058
0.039
0.024
0.014
0.007
0.003
0.000
-0.001
-0.001
-0.001
-0.001
-0.000
0.000
0.000
0.000
0.000
0.000
0.000
-0.000
-0.000
-0.000
-0.000
-0.000
-0.000
0.000
0.000
0.000
0
0
0
0
0
0
0
0
0
0
0
0
0
0
0
0
0
0
0
0
0
0
0
0
0
0
0
0
0
0
0
0
0
0
0
0
0
0
0
0
0
0
0
0
0
0
0
0
0
0
0
0
0
0
0
0
0
0
0
0
0
0
0
0
0
0
0
0
0
0
0
0
0
0
0
0
0
0
0
0
0
0
0
0
0
0
0
0
0
0
0
0
0
0
0
0
0
0
0
0
0
0
0
0
0
0
0
0
0
0
0
0
0
0
0
0
0
0
0
0
0
0
0
0
0
0
0
0
0
0
0
0
0
0
0
0
0
0
0
0
0
0
0
0
0
0
0
0
0
0
0
0
0
0
0
0
0
0
0
0
0
0
0
0
0
0
0
0
0
0
0
0
0
0
0
0
0
0
0
0
0
0
0
0
0
0
0
0
0
0
0
0
0
0
0
0
0
0
0
0
0
0
0
0
0
0
0
0
0
0
0
0
0
0
0
0
0
0
0
0
0
0
0
0
0
0
0
0
0
0
0
0
0
0
0
0
0
0
0
0
0
0
0
0
0
0
0
0
0
0
0
0
0
0
0
0
0
0
0
0
0
0
0
0
0
0
0
0
0
0
0
0
0
0
0
0
0
0
0
0
0
0
0
0
0
0
0
0
0
0
0
0
0
0
0
0
0
0
0
0
0
0
0
0
0
0
0
0
0
0
0
0
0
0
0
0
0
0
0
0
0
0
0
0
0
0
0
0
0
0
0
0
0
0
0
0
0
0
0
0
0
0
0
0
0
0
0
0
0
0
0
0
0
0
0
0
0
0
0
0
0
0
0
0
0
0
0
0
0
0
0
0
0
0
0
0
0
0
0
0
0
0
0
0
0
0
0
0
0
0
0
0
0
0
0
0
0
0
0
0
0
0
0
0
0
0
0
0
0
0
0
0
0
0
0
0
0
0
0
0
0
0
0
0
0
0
0
0
0
0
0
0
0
0
0
0
0
0
0
0
0
0
0
0
0
0
0
0
0
0
0
0
0
0
0
0
0
0
0
0
0
0
0
0
0
0
0
0
0
0
0
0
0
0
0
0
0
0
0
0
0
0
0
0
0
0
0
0
0
0
0
0
0
0
0
0
0
0
0
0
0
0
0
0
0
0
0
0
0
0
0
0
0
0
0
0
0
0
0
0
0
0
0
0
0
0
0
0
0
0
0
0
0
0
0
0
0
0
0
0
0
0
0
0
0
0
0
0
0
0
0
0
0
0
0
0
0
0
0
0
0
0
0
0
0
0
0
0
0
0
0
0
0
0
0
0
0
0
0
0
0
0
0
0
0
0
0
0
0
0
0
0
0
0
0
0
0
0
0
0
0
0
0
0
0
0
0
0
0
0
0
0
0
0
0
0
0
0
0
0
0
0
0
0
0
0
0
0
0
0
0
0
0
0
0
0
0
0
0
0
0
0
0
0
0
0
0
0
0
0
0
0
0
0
0
0
0
0
0
0
0
0
0
0
0
0
0
0
0
0
0
0
0
0
0
0
0
0
0
0
0
0
0
0
0
0
0
0
0
0
0
0
0
0
0
0
0
0
0
0
0
0
0
0
0
0
0
0
0
0
0
0
0
0
0
0
0
0
0
0
0
0
0
0
0
0
0
0
0
0
0
0
0
0
0
0
0
0
0
0
0
0
0
0
0
0
0
0
0
0
0
0
0
0
0
0
0
0
0
0
0
0
0
0
0
0
0
0
0
0
0
0
0
0
0
0
0
0
0
0
0
0
0
0
0
0
0
0
0
0
0
0
0
0
0
0
0
0
0
0
0
0
0
0
0
0
0
0
0
0
0
0
0
0
0
0
0
0
0
0
0
0
0
0
0
0
0
0
0
0
0
0
0
0
0
0
0
0
0
0
0
0
0
0
0
0
0
0
0
0
0
0
0
0
0
0
0
0
0
0
0
0
0
0
0
0
0
0
0
0
0
0
0
0
0
0
0
0
0
0
0
0
0
0
0
0
0
0
0
0
0
0
0
0
0
0
0
0
0
0
0
0
0
0
0
0
0
0
0
0
0
$MCA_CAL:
3
-1.4656616 2.9313233 0.00000000000000
$ENER_FIT:
-1.4656616 2.9313233 0.00000000000000
$MCA_CAL_DATA:
3
298 872
597 1749
896 2625
$CAMBIO:
Parent file specification: C:\GADRAS-DRF\Temp\137CS_100.0_237.5_alum_7.49_9.0.pcf
Successful read of spectrum: Yes
Error message: None
Warning: None
Information: None
Neutrons: 0
Number of spectral records in the parent file: 1
Record number of this spectrum in the parent file: 1
Date and time of acquisition read successfully from the original file: Yes
Live time read successfully from the original file: Yes
True time read successfully from the original file: Yes
GADRAS Tag character is:  
Version: 130122
Parent file type: Sandia GADRAS PCF
