$SPEC_ID:
137CS,1uC{82,0.22}
$MEAS_TIM:
3600.00 3600.00
$DATE_MEA:
3/9/2018 5:22:25 PM
$DATA:
0 1193
130.725
119.055
107.513
97.375
85.343
74.373
64.946
55.540
46.424
42.005
38.401
34.410
31.759
30.470
29.404
28.715
29.518
30.373
31.238
32.052
32.843
33.637
34.492
35.624
36.723
37.848
38.673
39.428
40.194
40.806
41.179
41.557
41.934
42.169
42.398
42.626
42.897
43.192
43.484
43.762
44.006
44.248
44.491
44.683
44.838
45.011
45.149
45.247
45.335
45.420
45.431
45.392
45.371
45.393
45.408
45.439
45.665
46.116
46.734
47.468
48.405
49.667
51.046
52.332
53.445
54.176
54.312
54.108
53.785
53.106
52.010
50.771
49.545
48.349
47.102
45.687
44.169
42.671
41.217
39.807
38.476
37.255
36.070
34.847
33.656
32.596
31.630
30.671
29.704
28.751
27.825
26.928
26.052
25.176
24.300
23.461
22.686
21.937
21.159
20.382
19.686
19.100
18.555
17.994
17.436
16.925
16.466
16.029
15.591
15.169
14.782
14.430
14.095
13.767
13.455
13.177
12.931
12.706
12.490
12.286
12.108
11.960
11.829
11.702
11.580
11.477
11.408
11.366
11.332
11.293
11.258
11.247
11.266
11.305
11.345
11.380
11.416
11.462
11.521
11.582
11.635
11.677
11.716
11.759
11.802
11.823
11.800
11.725
11.617
11.500
11.382
11.235
11.029
10.742
10.396
10.023
9.650
9.280
8.902
8.507
8.103
7.706
7.334
6.999
6.699
6.430
6.190
5.976
5.783
5.609
5.451
5.308
5.176
5.054
4.940
4.834
4.732
4.635
4.542
4.453
4.368
4.287
4.209
4.135
4.064
3.997
3.933
3.872
3.814
3.759
3.705
3.652
3.601
3.553
3.507
3.464
3.426
3.392
3.366
3.351
3.356
3.391
3.464
3.598
3.819
4.155
4.636
5.308
6.226
7.443
9.011
10.969
13.351
16.190
19.510
23.253
27.338
31.680
36.186
40.684
44.966
48.823
52.058
54.526
56.119
56.741
56.290
54.783
52.357
49.156
45.317
41.001
36.397
31.700
27.103
22.776
18.795
15.205
12.053
9.383
7.182
5.399
3.981
2.876
2.034
1.412
0.965
0.651
0.429
0.274
0.172
0.109
0.068
0.039
0.020
0.008
0.001
-0.002
-0.003
-0.002
-0.001
0.000
0.001
0.001
0.001
0.000
-0.000
-0.000
-0.000
-0.000
-0.000
0.000
0.000
0.000
0
0
0
0
0
0
0
0
0
0
0
0
0
0
0
0
0
0
0
0
0
0
0
0
0
0
0
0
0
0
0
0
0
0
0
0
0
0
0
0
0
0
0
0
0
0
0
0
0
0
0
0
0
0
0
0
0
0
0
0
0
0
0
0
0
0
0
0
0
0
0
0
0
0
0
0
0
0
0
0
0
0
0
0
0
0
0
0
0
0
0
0
0
0
0
0
0
0
0
0
0
0
0
0
0
0
0
0
0
0
0
0
0
0
0
0
0
0
0
0
0
0
0
0
0
0
0
0
0
0
0
0
0
0
0
0
0
0
0
0
0
0
0
0
0
0
0
0
0
0
0
0
0
0
0
0
0
0
0
0
0
0
0
0
0
0
0
0
0
0
0
0
0
0
0
0
0
0
0
0
0
0
0
0
0
0
0
0
0
0
0
0
0
0
0
0
0
0
0
0
0
0
0
0
0
0
0
0
0
0
0
0
0
0
0
0
0
0
0
0
0
0
0
0
0
0
0
0
0
0
0
0
0
0
0
0
0
0
0
0
0
0
0
0
0
0
0
0
0
0
0
0
0
0
0
0
0
0
0
0
0
0
0
0
0
0
0
0
0
0
0
0
0
0
0
0
0
0
0
0
0
0
0
0
0
0
0
0
0
0
0
0
0
0
0
0
0
0
0
0
0
0
0
0
0
0
0
0
0
0
0
0
0
0
0
0
0
0
0
0
0
0
0
0
0
0
0
0
0
0
0
0
0
0
0
0
0
0
0
0
0
0
0
0
0
0
0
0
0
0
0
0
0
0
0
0
0
0
0
0
0
0
0
0
0
0
0
0
0
0
0
0
0
0
0
0
0
0
0
0
0
0
0
0
0
0
0
0
0
0
0
0
0
0
0
0
0
0
0
0
0
0
0
0
0
0
0
0
0
0
0
0
0
0
0
0
0
0
0
0
0
0
0
0
0
0
0
0
0
0
0
0
0
0
0
0
0
0
0
0
0
0
0
0
0
0
0
0
0
0
0
0
0
0
0
0
0
0
0
0
0
0
0
0
0
0
0
0
0
0
0
0
0
0
0
0
0
0
0
0
0
0
0
0
0
0
0
0
0
0
0
0
0
0
0
0
0
0
0
0
0
0
0
0
0
0
0
0
0
0
0
0
0
0
0
0
0
0
0
0
0
0
0
0
0
0
0
0
0
0
0
0
0
0
0
0
0
0
0
0
0
0
0
0
0
0
0
0
0
0
0
0
0
0
0
0
0
0
0
0
0
0
0
0
0
0
0
0
0
0
0
0
0
0
0
0
0
0
0
0
0
0
0
0
0
0
0
0
0
0
0
0
0
0
0
0
0
0
0
0
0
0
0
0
0
0
0
0
0
0
0
0
0
0
0
0
0
0
0
0
0
0
0
0
0
0
0
0
0
0
0
0
0
0
0
0
0
0
0
0
0
0
0
0
0
0
0
0
0
0
0
0
0
0
0
0
0
0
0
0
0
0
0
0
0
0
0
0
0
0
0
0
0
0
0
0
0
0
0
0
0
0
0
0
0
0
0
0
0
0
0
0
0
0
0
0
0
0
0
0
0
0
0
0
0
0
0
0
0
0
0
0
0
0
0
0
0
0
0
0
0
0
0
0
0
0
0
0
0
0
0
0
0
0
0
0
0
0
0
0
0
0
0
0
0
0
0
0
0
0
0
0
0
0
0
0
0
0
0
0
0
0
0
0
0
0
0
0
0
0
0
0
0
0
0
0
0
0
0
0
0
0
0
0
0
0
0
0
0
0
0
0
0
0
0
0
0
0
0
0
0
0
0
0
0
0
0
0
0
0
0
0
0
0
0
0
0
0
0
0
0
0
0
0
0
0
0
0
0
0
0
0
0
0
0
0
0
0
0
0
0
0
0
0
0
0
0
0
0
0
0
0
0
0
0
0
0
0
0
0
0
0
0
0
0
0
0
0
0
0
0
0
0
0
0
0
0
0
0
0
0
0
0
0
0
0
0
0
0
0
0
0
0
0
0
0
0
0
0
0
0
0
0
0
0
0
0
0
0
0
0
0
0
0
0
0
0
0
0
0
$MCA_CAL:
3
-1.4656616 2.9313233 0.00000000000000
$ENER_FIT:
-1.4656616 2.9313233 0.00000000000000
$MCA_CAL_DATA:
3
298 872
597 1749
896 2625
$CAMBIO:
Parent file specification: C:\GADRAS-DRF\Temp\137CS_100.0_237.5_lead_0.22_7.5.pcf
Successful read of spectrum: Yes
Error message: None
Warning: None
Information: None
Neutrons: 0
Number of spectral records in the parent file: 1
Record number of this spectrum in the parent file: 1
Date and time of acquisition read successfully from the original file: Yes
Live time read successfully from the original file: Yes
True time read successfully from the original file: Yes
GADRAS Tag character is:  
Version: 130122
Parent file type: Sandia GADRAS PCF
