$SPEC_ID:
137CS,1uC{13,7.49}
$MEAS_TIM:
3600.00 3600.00
$DATE_MEA:
3/9/2018 5:22:25 PM
$DATA:
0 1193
173.410
157.304
140.218
253.871
218.423
186.105
160.379
137.564
119.566
108.599
101.782
95.496
92.040
90.369
89.548
89.644
91.715
95.239
100.298
106.308
112.883
119.613
125.128
128.627
132.155
135.653
138.730
141.646
144.553
147.614
150.787
154.024
156.535
156.856
156.854
156.868
157.242
157.860
158.007
157.990
157.186
156.428
155.635
154.610
153.592
153.452
153.311
153.354
153.408
153.480
153.847
154.419
154.785
154.726
154.373
153.962
154.095
155.270
156.925
158.502
161.623
165.765
169.410
170.899
168.639
162.325
153.616
144.731
135.478
127.221
120.999
115.171
109.182
103.272
97.944
93.530
90.189
87.842
85.844
83.737
82.111
80.934
79.683
78.351
77.059
75.898
74.830
73.756
72.667
71.581
70.531
69.479
68.361
67.368
66.710
66.193
65.621
65.034
64.461
63.890
63.300
62.674
62.023
61.373
60.729
60.082
59.433
58.791
58.139
57.465
56.826
56.297
55.837
55.378
54.908
54.447
54.000
53.570
53.146
52.707
52.272
51.885
51.554
51.226
50.881
50.557
50.294
50.087
49.918
49.775
49.647
49.542
49.475
49.454
49.450
49.437
49.426
49.432
49.460
49.503
49.549
49.565
49.529
49.479
49.485
49.522
49.451
49.166
48.762
48.391
48.044
47.534
46.707
45.650
44.531
43.418
42.257
40.989
39.631
38.229
36.839
35.521
34.340
33.315
32.425
31.648
30.959
30.336
29.761
29.232
28.748
28.305
27.889
27.485
27.090
26.701
26.317
25.945
25.596
25.279
24.986
24.709
24.444
24.187
23.941
23.703
23.475
23.255
23.044
22.841
22.645
22.456
22.270
22.087
21.904
21.721
21.538
21.356
21.175
20.994
20.817
20.648
20.494
20.365
20.292
20.304
20.452
20.855
21.641
22.960
25.042
28.152
32.552
38.551
46.485
56.676
69.192
83.833
100.389
118.360
136.641
154.037
169.380
181.530
189.356
191.813
188.717
180.667
168.279
152.354
134.063
114.649
95.307
76.897
60.104
45.613
33.756
24.303
16.980
11.505
7.566
4.837
2.995
1.779
1.029
0.594
0.332
0.175
0.091
0.048
0.023
0.008
0.002
-0.001
-0.002
-0.001
-0.000
0.000
0.000
0.000
0.000
0.000
0.000
0
0
0
0
0
0
0
0
0
0
0
0
0
0
0
0
0
0
0
0
0
0
0
0
0
0
0
0
0
0
0
0
0
0
0
0
0
0
0
0
0
0
0
0
0
0
0
0
0
0
0
0
0
0
0
0
0
0
0
0
0
0
0
0
0
0
0
0
0
0
0
0
0
0
0
0
0
0
0
0
0
0
0
0
0
0
0
0
0
0
0
0
0
0
0
0
0
0
0
0
0
0
0
0
0
0
0
0
0
0
0
0
0
0
0
0
0
0
0
0
0
0
0
0
0
0
0
0
0
0
0
0
0
0
0
0
0
0
0
0
0
0
0
0
0
0
0
0
0
0
0
0
0
0
0
0
0
0
0
0
0
0
0
0
0
0
0
0
0
0
0
0
0
0
0
0
0
0
0
0
0
0
0
0
0
0
0
0
0
0
0
0
0
0
0
0
0
0
0
0
0
0
0
0
0
0
0
0
0
0
0
0
0
0
0
0
0
0
0
0
0
0
0
0
0
0
0
0
0
0
0
0
0
0
0
0
0
0
0
0
0
0
0
0
0
0
0
0
0
0
0
0
0
0
0
0
0
0
0
0
0
0
0
0
0
0
0
0
0
0
0
0
0
0
0
0
0
0
0
0
0
0
0
0
0
0
0
0
0
0
0
0
0
0
0
0
0
0
0
0
0
0
0
0
0
0
0
0
0
0
0
0
0
0
0
0
0
0
0
0
0
0
0
0
0
0
0
0
0
0
0
0
0
0
0
0
0
0
0
0
0
0
0
0
0
0
0
0
0
0
0
0
0
0
0
0
0
0
0
0
0
0
0
0
0
0
0
0
0
0
0
0
0
0
0
0
0
0
0
0
0
0
0
0
0
0
0
0
0
0
0
0
0
0
0
0
0
0
0
0
0
0
0
0
0
0
0
0
0
0
0
0
0
0
0
0
0
0
0
0
0
0
0
0
0
0
0
0
0
0
0
0
0
0
0
0
0
0
0
0
0
0
0
0
0
0
0
0
0
0
0
0
0
0
0
0
0
0
0
0
0
0
0
0
0
0
0
0
0
0
0
0
0
0
0
0
0
0
0
0
0
0
0
0
0
0
0
0
0
0
0
0
0
0
0
0
0
0
0
0
0
0
0
0
0
0
0
0
0
0
0
0
0
0
0
0
0
0
0
0
0
0
0
0
0
0
0
0
0
0
0
0
0
0
0
0
0
0
0
0
0
0
0
0
0
0
0
0
0
0
0
0
0
0
0
0
0
0
0
0
0
0
0
0
0
0
0
0
0
0
0
0
0
0
0
0
0
0
0
0
0
0
0
0
0
0
0
0
0
0
0
0
0
0
0
0
0
0
0
0
0
0
0
0
0
0
0
0
0
0
0
0
0
0
0
0
0
0
0
0
0
0
0
0
0
0
0
0
0
0
0
0
0
0
0
0
0
0
0
0
0
0
0
0
0
0
0
0
0
0
0
0
0
0
0
0
0
0
0
0
0
0
0
0
0
0
0
0
0
0
0
0
0
0
0
0
0
0
0
0
0
0
0
0
0
0
0
0
0
0
0
0
0
0
0
0
0
0
0
0
0
0
0
0
0
0
0
0
0
0
0
0
0
0
0
0
0
0
0
0
0
0
0
0
0
0
0
0
0
0
0
0
0
0
0
0
0
0
0
0
0
0
0
0
0
0
0
0
0
0
0
0
0
0
0
0
0
0
0
0
0
0
0
0
0
0
0
0
0
0
0
0
0
0
0
0
0
0
0
0
0
0
0
0
0
0
0
0
0
0
0
0
0
0
0
0
0
0
0
0
0
0
0
0
0
0
0
0
0
0
0
0
0
0
0
0
0
0
0
0
0
0
0
0
0
0
0
0
0
0
0
0
0
0
0
0
0
0
0
0
0
0
0
0
0
0
0
0
0
0
0
0
0
0
0
0
0
0
0
0
0
0
0
0
0
0
0
0
0
0
0
0
0
0
0
0
0
0
0
0
0
0
0
0
0
0
0
0
0
0
0
0
0
0
0
0
0
0
0
0
0
0
0
0
0
0
0
0
0
0
0
0
0
0
0
0
0
0
0
0
0
0
0
0
0
0
0
0
0
0
0
$MCA_CAL:
3
-1.4656616 2.9313233 0.00000000000000
$ENER_FIT:
-1.4656616 2.9313233 0.00000000000000
$MCA_CAL_DATA:
3
298 872
597 1749
896 2625
$CAMBIO:
Parent file specification: C:\GADRAS-DRF\Temp\137CS_150.0_112.5_alum_7.49_6.0.pcf
Successful read of spectrum: Yes
Error message: None
Warning: None
Information: None
Neutrons: 0
Number of spectral records in the parent file: 1
Record number of this spectrum in the parent file: 1
Date and time of acquisition read successfully from the original file: Yes
Live time read successfully from the original file: Yes
True time read successfully from the original file: Yes
GADRAS Tag character is:  
Version: 130122
Parent file type: Sandia GADRAS PCF
