$SPEC_ID:
137CS,1uC{26,1.53}
$MEAS_TIM:
3600.00 3600.00
$DATE_MEA:
3/9/2018 5:22:25 PM
$DATA:
0 1193
120.529
109.684
98.573
107.806
93.840
80.973
70.209
59.922
50.510
45.496
41.248
37.128
34.697
33.751
32.889
32.310
33.008
33.924
34.981
36.062
37.196
38.345
39.454
40.628
41.800
42.957
43.802
44.532
45.265
46.009
46.711
47.416
48.043
48.412
48.728
49.049
49.419
49.812
49.901
49.965
49.979
49.998
50.013
49.970
49.940
50.164
50.350
50.491
50.630
50.765
50.813
50.822
50.832
50.802
50.736
50.655
50.713
51.049
51.500
51.933
52.896
54.191
55.620
57.055
58.052
58.541
58.450
57.795
57.158
56.314
54.933
53.456
52.009
50.547
49.049
47.448
45.769
44.195
42.673
41.136
39.777
38.576
37.353
36.085
34.836
33.725
32.718
31.704
30.673
29.647
28.661
27.707
26.746
25.799
24.904
24.074
23.297
22.533
21.757
20.984
20.259
19.650
19.124
18.589
18.040
17.520
17.039
16.588
16.140
15.672
15.231
14.875
14.571
14.262
13.947
13.654
13.395
13.174
12.975
12.766
12.555
12.381
12.255
12.135
12.002
11.878
11.785
11.720
11.671
11.634
11.603
11.583
11.580
11.598
11.624
11.646
11.669
11.704
11.752
11.805
11.857
11.901
11.932
11.963
12.011
12.065
12.080
12.022
11.923
11.836
11.758
11.623
11.378
11.054
10.708
10.365
10.005
9.608
9.179
8.737
8.300
7.886
7.513
7.189
6.910
6.671
6.464
6.281
6.113
5.961
5.826
5.704
5.592
5.484
5.379
5.277
5.178
5.083
4.992
4.906
4.824
4.747
4.672
4.601
4.534
4.469
4.408
4.350
4.295
4.243
4.193
4.146
4.100
4.055
4.010
3.965
3.920
3.876
3.831
3.787
3.744
3.704
3.669
3.642
3.635
3.659
3.731
3.891
4.181
4.651
5.389
6.496
8.071
10.223
13.067
16.711
21.177
26.387
32.263
38.629
45.102
51.271
56.736
61.107
64.000
65.062
64.217
61.647
57.541
52.161
45.929
39.293
32.684
26.397
20.659
15.696
11.620
8.359
5.830
3.944
2.592
1.659
1.031
0.614
0.356
0.205
0.114
0.060
0.031
0.016
0.008
0.003
0.001
-0.000
-0.001
-0.000
-0.000
0.000
0.000
0.000
0.000
0.000
0.000
0
0
0
0
0
0
0
0
0
0
0
0
0
0
0
0
0
0
0
0
0
0
0
0
0
0
0
0
0
0
0
0
0
0
0
0
0
0
0
0
0
0
0
0
0
0
0
0
0
0
0
0
0
0
0
0
0
0
0
0
0
0
0
0
0
0
0
0
0
0
0
0
0
0
0
0
0
0
0
0
0
0
0
0
0
0
0
0
0
0
0
0
0
0
0
0
0
0
0
0
0
0
0
0
0
0
0
0
0
0
0
0
0
0
0
0
0
0
0
0
0
0
0
0
0
0
0
0
0
0
0
0
0
0
0
0
0
0
0
0
0
0
0
0
0
0
0
0
0
0
0
0
0
0
0
0
0
0
0
0
0
0
0
0
0
0
0
0
0
0
0
0
0
0
0
0
0
0
0
0
0
0
0
0
0
0
0
0
0
0
0
0
0
0
0
0
0
0
0
0
0
0
0
0
0
0
0
0
0
0
0
0
0
0
0
0
0
0
0
0
0
0
0
0
0
0
0
0
0
0
0
0
0
0
0
0
0
0
0
0
0
0
0
0
0
0
0
0
0
0
0
0
0
0
0
0
0
0
0
0
0
0
0
0
0
0
0
0
0
0
0
0
0
0
0
0
0
0
0
0
0
0
0
0
0
0
0
0
0
0
0
0
0
0
0
0
0
0
0
0
0
0
0
0
0
0
0
0
0
0
0
0
0
0
0
0
0
0
0
0
0
0
0
0
0
0
0
0
0
0
0
0
0
0
0
0
0
0
0
0
0
0
0
0
0
0
0
0
0
0
0
0
0
0
0
0
0
0
0
0
0
0
0
0
0
0
0
0
0
0
0
0
0
0
0
0
0
0
0
0
0
0
0
0
0
0
0
0
0
0
0
0
0
0
0
0
0
0
0
0
0
0
0
0
0
0
0
0
0
0
0
0
0
0
0
0
0
0
0
0
0
0
0
0
0
0
0
0
0
0
0
0
0
0
0
0
0
0
0
0
0
0
0
0
0
0
0
0
0
0
0
0
0
0
0
0
0
0
0
0
0
0
0
0
0
0
0
0
0
0
0
0
0
0
0
0
0
0
0
0
0
0
0
0
0
0
0
0
0
0
0
0
0
0
0
0
0
0
0
0
0
0
0
0
0
0
0
0
0
0
0
0
0
0
0
0
0
0
0
0
0
0
0
0
0
0
0
0
0
0
0
0
0
0
0
0
0
0
0
0
0
0
0
0
0
0
0
0
0
0
0
0
0
0
0
0
0
0
0
0
0
0
0
0
0
0
0
0
0
0
0
0
0
0
0
0
0
0
0
0
0
0
0
0
0
0
0
0
0
0
0
0
0
0
0
0
0
0
0
0
0
0
0
0
0
0
0
0
0
0
0
0
0
0
0
0
0
0
0
0
0
0
0
0
0
0
0
0
0
0
0
0
0
0
0
0
0
0
0
0
0
0
0
0
0
0
0
0
0
0
0
0
0
0
0
0
0
0
0
0
0
0
0
0
0
0
0
0
0
0
0
0
0
0
0
0
0
0
0
0
0
0
0
0
0
0
0
0
0
0
0
0
0
0
0
0
0
0
0
0
0
0
0
0
0
0
0
0
0
0
0
0
0
0
0
0
0
0
0
0
0
0
0
0
0
0
0
0
0
0
0
0
0
0
0
0
0
0
0
0
0
0
0
0
0
0
0
0
0
0
0
0
0
0
0
0
0
0
0
0
0
0
0
0
0
0
0
0
0
0
0
0
0
0
0
0
0
0
0
0
0
0
0
0
0
0
0
0
0
0
0
0
0
0
0
0
0
0
0
0
0
0
0
0
0
0
0
0
0
0
0
0
0
0
0
0
0
0
0
0
0
0
0
0
0
0
0
0
0
0
0
0
0
0
0
0
0
0
0
0
0
0
0
0
0
0
0
0
0
0
0
0
0
0
0
0
0
0
0
0
0
0
0
0
0
0
0
0
0
0
0
0
0
0
0
0
0
0
0
0
0
0
0
0
0
0
0
0
0
0
0
0
0
0
0
0
0
0
0
0
0
0
0
0
0
0
0
0
0
0
0
0
0
0
0
0
0
0
0
0
0
0
0
0
0
0
0
0
0
0
0
$MCA_CAL:
3
-1.4656616 2.9313233 0.00000000000000
$ENER_FIT:
-1.4656616 2.9313233 0.00000000000000
$MCA_CAL_DATA:
3
298 872
597 1749
896 2625
$CAMBIO:
Parent file specification: C:\GADRAS-DRF\Temp\137CS_100.0_237.5_iron_1.53_6.0.pcf
Successful read of spectrum: Yes
Error message: None
Warning: None
Information: None
Neutrons: 0
Number of spectral records in the parent file: 1
Record number of this spectrum in the parent file: 1
Date and time of acquisition read successfully from the original file: Yes
Live time read successfully from the original file: Yes
True time read successfully from the original file: Yes
GADRAS Tag character is:  
Version: 130122
Parent file type: Sandia GADRAS PCF
