$SPEC_ID:
137CS,1uC{26,11.02}
$MEAS_TIM:
3600.00 3600.00
$DATE_MEA:
3/9/2018 5:22:25 PM
$DATA:
0 1193
521.437
471.418
429.698
725.142
603.447
521.732
457.502
397.439
347.521
316.298
291.774
269.271
255.267
246.963
239.307
233.411
230.571
229.303
229.652
231.914
236.331
241.219
245.659
249.709
253.791
257.949
263.432
269.394
274.811
282.544
291.980
301.359
310.393
317.991
325.671
333.242
341.566
350.336
358.086
365.074
371.196
376.796
382.512
387.813
391.599
393.537
395.286
397.246
399.130
401.081
403.332
405.894
407.777
408.384
408.184
407.948
408.479
409.997
412.289
414.547
416.074
416.513
414.720
408.861
399.233
387.718
375.717
364.307
354.326
346.404
340.285
335.182
330.529
325.941
321.631
318.318
316.189
314.657
313.234
311.761
310.158
308.484
306.845
305.199
303.429
301.492
299.454
297.370
295.242
293.038
290.720
288.220
285.555
283.036
280.998
279.399
277.858
276.091
274.126
272.097
270.049
267.949
265.769
263.514
261.239
258.968
256.676
254.336
251.944
249.617
247.455
245.502
243.658
241.860
240.072
238.336
236.676
235.095
233.564
232.039
230.546
229.105
227.762
226.523
225.402
224.395
223.492
222.682
221.933
221.260
220.697
220.301
220.070
219.956
219.880
219.772
219.654
219.560
219.529
219.531
219.494
219.326
218.978
218.431
217.697
216.766
215.639
214.320
212.798
211.041
208.915
206.303
203.094
199.354
195.270
191.013
186.724
182.388
177.977
173.449
168.855
164.317
159.980
155.977
152.326
148.990
145.922
143.085
140.455
138.022
135.766
133.677
131.725
129.876
128.109
126.403
124.768
123.220
121.776
120.450
119.219
118.061
116.961
115.894
114.855
113.843
112.854
111.888
110.947
110.049
109.194
108.394
107.641
106.932
106.249
105.585
104.974
104.504
104.255
104.305
104.778
105.847
107.705
110.542
114.571
120.119
127.581
137.360
149.841
165.276
183.672
205.039
229.342
256.540
286.267
317.980
351.150
385.239
419.496
452.565
483.050
509.530
530.655
545.539
553.754
555.000
548.862
535.096
514.344
487.705
456.217
420.965
383.020
343.533
303.617
264.411
227.075
192.492
160.938
132.535
107.422
85.723
67.450
52.312
39.960
30.049
22.237
16.195
11.642
8.306
5.912
4.189
2.902
1.957
1.288
0.834
0.530
0.319
0.174
0.083
0.032
0.007
-0.005
-0.009
-0.009
-0.006
-0.002
0.001
0.003
0.003
0.002
0.001
0.000
-0.001
-0.001
-0.000
-0.000
-0.000
0.000
0.000
0.000
0
0
0
0
0
0
0
0
0
0
0
0
0
0
0
0
0
0
0
0
0
0
0
0
0
0
0
0
0
0
0
0
0
0
0
0
0
0
0
0
0
0
0
0
0
0
0
0
0
0
0
0
0
0
0
0
0
0
0
0
0
0
0
0
0
0
0
0
0
0
0
0
0
0
0
0
0
0
0
0
0
0
0
0
0
0
0
0
0
0
0
0
0
0
0
0
0
0
0
0
0
0
0
0
0
0
0
0
0
0
0
0
0
0
0
0
0
0
0
0
0
0
0
0
0
0
0
0
0
0
0
0
0
0
0
0
0
0
0
0
0
0
0
0
0
0
0
0
0
0
0
0
0
0
0
0
0
0
0
0
0
0
0
0
0
0
0
0
0
0
0
0
0
0
0
0
0
0
0
0
0
0
0
0
0
0
0
0
0
0
0
0
0
0
0
0
0
0
0
0
0
0
0
0
0
0
0
0
0
0
0
0
0
0
0
0
0
0
0
0
0
0
0
0
0
0
0
0
0
0
0
0
0
0
0
0
0
0
0
0
0
0
0
0
0
0
0
0
0
0
0
0
0
0
0
0
0
0
0
0
0
0
0
0
0
0
0
0
0
0
0
0
0
0
0
0
0
0
0
0
0
0
0
0
0
0
0
0
0
0
0
0
0
0
0
0
0
0
0
0
0
0
0
0
0
0
0
0
0
0
0
0
0
0
0
0
0
0
0
0
0
0
0
0
0
0
0
0
0
0
0
0
0
0
0
0
0
0
0
0
0
0
0
0
0
0
0
0
0
0
0
0
0
0
0
0
0
0
0
0
0
0
0
0
0
0
0
0
0
0
0
0
0
0
0
0
0
0
0
0
0
0
0
0
0
0
0
0
0
0
0
0
0
0
0
0
0
0
0
0
0
0
0
0
0
0
0
0
0
0
0
0
0
0
0
0
0
0
0
0
0
0
0
0
0
0
0
0
0
0
0
0
0
0
0
0
0
0
0
0
0
0
0
0
0
0
0
0
0
0
0
0
0
0
0
0
0
0
0
0
0
0
0
0
0
0
0
0
0
0
0
0
0
0
0
0
0
0
0
0
0
0
0
0
0
0
0
0
0
0
0
0
0
0
0
0
0
0
0
0
0
0
0
0
0
0
0
0
0
0
0
0
0
0
0
0
0
0
0
0
0
0
0
0
0
0
0
0
0
0
0
0
0
0
0
0
0
0
0
0
0
0
0
0
0
0
0
0
0
0
0
0
0
0
0
0
0
0
0
0
0
0
0
0
0
0
0
0
0
0
0
0
0
0
0
0
0
0
0
0
0
0
0
0
0
0
0
0
0
0
0
0
0
0
0
0
0
0
0
0
0
0
0
0
0
0
0
0
0
0
0
0
0
0
0
0
0
0
0
0
0
0
0
0
0
0
0
0
0
0
0
0
0
0
0
0
0
0
0
0
0
0
0
0
0
0
0
0
0
0
0
0
0
0
0
0
0
0
0
0
0
0
0
0
0
0
0
0
0
0
0
0
0
0
0
0
0
0
0
0
0
0
0
0
0
0
0
0
0
0
0
0
0
0
0
0
0
0
0
0
0
0
0
0
0
0
0
0
0
0
0
0
0
0
0
0
0
0
0
0
0
0
0
0
0
0
0
0
0
0
0
0
0
0
0
0
0
0
0
0
0
0
0
0
0
0
0
0
0
0
0
0
0
0
0
0
0
0
0
0
0
0
0
0
0
0
0
0
0
0
0
0
0
0
0
0
0
0
0
0
0
0
0
0
0
0
0
0
0
0
0
0
0
0
0
0
0
0
0
0
0
0
0
0
0
0
0
0
0
0
0
0
0
0
0
0
0
0
0
0
0
0
0
0
0
0
0
0
0
0
0
0
0
0
0
0
0
0
0
0
0
0
0
0
0
0
0
0
0
0
0
0
0
0
0
0
0
0
0
0
0
0
0
0
0
0
0
0
0
0
0
0
0
0
0
0
0
0
0
0
0
0
0
0
0
0
0
0
0
0
0
0
0
0
0
0
0
0
0
0
0
0
0
0
0
0
0
0
0
0
0
0
0
$MCA_CAL:
3
-1.4656616 2.9313233 0.00000000000000
$ENER_FIT:
-1.4656616 2.9313233 0.00000000000000
$MCA_CAL_DATA:
3
298 872
597 1749
896 2625
$CAMBIO:
Parent file specification: C:\GADRAS-DRF\Temp\137CS_150.0_50.0_iron_11.02_8.5.pcf
Successful read of spectrum: Yes
Error message: None
Warning: None
Information: None
Neutrons: 0
Number of spectral records in the parent file: 1
Record number of this spectrum in the parent file: 1
Date and time of acquisition read successfully from the original file: Yes
Live time read successfully from the original file: Yes
True time read successfully from the original file: Yes
GADRAS Tag character is:  
Version: 130122
Parent file type: Sandia GADRAS PCF
