$SPEC_ID:
152EU,1uC{26,1.53}
$MEAS_TIM:
3600.00 3600.00
$DATE_MEA:
3/9/2018 5:22:25 PM
$DATA:
0 1193
231.852
248.681
238.103
241.923
212.323
180.257
153.788
133.198
118.305
106.464
100.136
96.500
94.842
94.681
94.048
92.988
92.017
93.109
97.187
103.203
110.448
118.216
124.781
129.500
133.936
138.823
143.577
146.345
146.436
144.698
142.494
140.933
140.151
140.317
142.309
146.831
154.812
166.453
180.679
194.932
203.816
201.972
187.484
164.017
138.141
116.862
102.789
95.506
93.471
94.692
97.023
99.378
101.228
102.145
102.005
101.205
100.091
98.877
97.627
96.289
94.715
92.721
90.247
87.312
84.070
80.748
77.605
74.900
72.596
70.453
68.411
66.604
65.115
63.930
63.047
62.533
62.463
62.810
63.503
64.379
65.173
65.614
65.448
64.433
62.569
60.014
56.957
53.651
50.358
47.273
44.542
42.276
40.448
38.999
37.865
36.966
36.225
35.587
35.010
34.464
33.959
33.526
33.205
33.070
33.205
33.687
34.592
35.997
37.941
40.415
43.399
46.779
50.281
53.621
56.495
58.575
59.528
59.143
57.509
54.753
51.042
46.657
41.914
37.117
32.496
28.242
24.543
21.478
19.010
17.099
15.690
14.700
14.041
13.627
13.394
13.294
13.277
13.302
13.346
13.390
13.413
13.410
13.384
13.337
13.271
13.189
13.092
12.982
12.857
12.709
12.532
12.320
12.070
11.789
11.478
11.143
10.795
10.444
10.103
9.784
9.491
9.226
8.995
8.799
8.633
8.494
8.374
8.271
8.179
8.097
8.020
7.947
7.877
7.809
7.744
7.682
7.624
7.571
7.522
7.479
7.442
7.411
7.387
7.369
7.357
7.349
7.343
7.338
7.329
7.318
7.300
7.277
7.245
7.205
7.156
7.101
7.038
6.970
6.897
6.819
6.740
6.658
6.576
6.495
6.417
6.342
6.272
6.207
6.149
6.096
6.050
6.010
5.977
5.950
5.931
5.920
5.916
5.919
5.928
5.942
5.961
5.982
6.006
6.031
6.058
6.085
6.111
6.136
6.157
6.174
6.185
6.190
6.188
6.180
6.168
6.152
6.133
6.112
6.091
6.072
6.056
6.044
6.040
6.046
6.068
6.107
6.169
6.255
6.364
6.497
6.653
6.833
7.035
7.255
7.488
7.731
7.977
8.223
8.462
8.686
8.888
9.060
9.195
9.284
9.328
9.327
9.281
9.189
9.053
8.875
8.661
8.417
8.151
7.869
7.578
7.283
6.991
6.708
6.439
6.192
5.970
5.774
5.604
5.458
5.333
5.229
5.143
5.073
5.017
4.970
4.930
4.894
4.859
4.823
4.787
4.747
4.704
4.655
4.601
4.543
4.483
4.424
4.367
4.316
4.273
4.240
4.219
4.211
4.218
4.241
4.284
4.345
4.424
4.518
4.627
4.748
4.881
5.022
5.168
5.316
5.460
5.598
5.724
5.835
5.929
6.002
6.053
6.080
6.080
6.052
5.994
5.909
5.800
5.670
5.522
5.357
5.179
4.992
4.800
4.607
4.417
4.233
4.061
3.904
3.764
3.643
3.543
3.465
3.413
3.386
3.387
3.415
3.468
3.546
3.647
3.770
3.915
4.079
4.260
4.455
4.660
4.873
5.091
5.311
5.529
5.742
5.946
6.136
6.310
6.461
6.588
6.687
6.758
6.801
6.815
6.801
6.758
6.686
6.585
6.458
6.306
6.133
5.940
5.730
5.505
5.267
5.020
4.766
4.509
4.251
3.995
3.745
3.502
3.270
3.048
2.836
2.636
2.449
2.274
2.112
1.964
1.829
1.706
1.594
1.494
1.403
1.322
1.250
1.185
1.128
1.077
1.031
0.991
0.955
0.922
0.892
0.864
0.839
0.815
0.794
0.774
0.755
0.738
0.722
0.707
0.693
0.680
0.668
0.658
0.648
0.640
0.632
0.626
0.621
0.617
0.614
0.612
0.612
0.613
0.616
0.620
0.626
0.634
0.645
0.658
0.675
0.695
0.718
0.746
0.778
0.815
0.857
0.905
0.959
1.019
1.087
1.160
1.239
1.325
1.416
1.512
1.614
1.720
1.831
1.944
2.060
2.176
2.291
2.405
2.515
2.620
2.720
2.814
2.899
2.975
3.041
3.096
3.139
3.168
3.183
3.183
3.170
3.143
3.103
3.051
2.987
2.912
2.827
2.732
2.628
2.517
2.400
2.279
2.155
2.029
1.902
1.777
1.653
1.532
1.413
1.299
1.188
1.083
0.983
0.889
0.802
0.721
0.646
0.578
0.515
0.458
0.407
0.360
0.318
0.281
0.248
0.219
0.193
0.171
0.151
0.134
0.120
0.107
0.095
0.085
0.077
0.069
0.063
0.057
0.052
0.048
0.044
0.040
0.037
0.034
0.032
0.029
0.027
0.025
0.023
0.021
0.019
0.018
0.017
0.015
0.014
0.013
0.012
0.011
0.010
0.009
0.009
0.008
0.007
0.007
0.006
0.006
0.005
0.005
0.005
0.005
0.004
0.004
0.004
0.004
0.004
0.003
0.003
0.003
0.003
0.003
0.003
0.003
0.003
0.003
0.003
0.003
0.002
0.002
0.002
0.002
0.002
0.002
0.002
0.002
0.002
0.002
0.002
0.002
0.002
0.002
0.002
0.002
0.002
0.002
0.002
0.002
0.002
0.002
0.002
0.001
0.001
0.001
0.001
0.001
0.001
0.001
0.001
0.001
0.001
0.001
0.001
0.001
0.001
0.001
0.001
0.001
0.001
0.001
0.001
0.001
0.001
0.001
0.001
0.000
0.000
0.000
0.000
0.000
0.000
0.000
0.000
0.000
0.000
0.000
0.000
0.000
0.000
0.000
0.000
0.000
0.000
0.000
0.000
0.000
0.000
0.000
0.000
0.000
0.000
0.000
0.000
0.000
0.000
0.000
0.000
0.000
0.000
0.000
0.000
0.000
0.000
0.000
0.000
0.000
0.000
0.000
0.000
0.000
0.000
0.000
0.000
0.000
0.000
0.000
0.000
0.000
0.000
0.000
0.000
0.000
-0.000
-0.000
-0.000
-0.000
-0.000
-0.000
-0.000
-0.000
-0.000
-0.000
-0.000
0.000
0.000
0.000
0.000
0.000
0.000
0.000
0.000
0.000
0.000
0.000
-0.000
-0.000
-0.000
-0.000
-0.000
-0.000
-0.000
-0.000
-0.000
-0.000
-0.000
0.000
0.000
0.000
0.000
0.000
0.000
0
0
0
0
0
0
0
0
0
0
0
0
0
0
0
0
0
0
0
0
0
0
0
0
0
0
0
0
0
0
0
0
0
0
0
0
0
0
0
0
0
0
0
0
0
0
0
0
0
0
0
0
0
0
0
0
0
0
0
0
0
0
0
0
0
0
0
0
0
0
0
0
0
0
0
0
0
0
0
0
0
0
0
0
0
0
0
0
0
0
0
0
0
0
0
0
0
0
0
0
0
0
0
0
0
0
0
0
0
0
0
0
0
0
0
0
0
0
0
0
0
0
0
0
0
0
0
0
0
0
0
0
0
0
0
0
0
0
0
0
0
0
0
0
0
0
0
0
0
0
0
0
0
0
0
0
0
0
0
0
0
0
0
0
0
0
0
0
0
0
0
0
0
0
0
0
0
0
0
0
0
0
0
0
0
0
0
0
0
0
0
0
0
0
0
0
0
0
0
0
0
0
0
0
0
0
0
0
0
0
0
0
0
0
0
0
0
0
0
0
0
0
0
0
0
0
0
0
0
0
0
0
0
0
0
0
0
0
0
0
0
0
0
0
0
0
0
0
0
0
0
0
0
0
0
0
0
0
0
0
0
0
0
0
0
0
0
0
0
0
0
0
0
0
0
0
0
0
0
0
0
0
0
0
0
0
0
0
0
0
0
0
0
0
0
0
0
0
0
0
0
0
0
0
0
0
0
0
0
0
0
0
0
0
0
0
0
0
0
0
0
0
0
0
0
0
0
0
0
0
0
0
0
0
0
0
0
0
0
0
0
0
0
0
0
0
0
0
0
0
0
0
0
0
0
0
0
0
0
0
0
0
0
0
0
0
0
0
0
0
0
0
0
0
0
0
0
0
0
0
0
0
0
0
0
0
0
0
0
0
0
0
0
0
0
0
0
0
0
0
0
0
0
0
0
0
0
0
0
0
0
0
0
0
0
0
0
0
0
0
0
0
0
0
0
0
0
0
0
0
0
0
0
0
0
0
0
0
0
0
0
0
0
0
0
0
0
0
0
0
0
0
0
0
0
0
0
0
0
0
0
0
0
0
0
0
0
0
0
0
0
0
0
0
$MCA_CAL:
3
-1.4656616 2.9313233 0.00000000000000
$ENER_FIT:
-1.4656616 2.9313233 0.00000000000000
$MCA_CAL_DATA:
3
298 872
597 1749
896 2625
$CAMBIO:
Parent file specification: C:\GADRAS-DRF\Temp\152EU_100.0_237.5_iron_1.53_9.0.pcf
Successful read of spectrum: Yes
Error message: None
Warning: None
Information: None
Neutrons: 0
Number of spectral records in the parent file: 1
Record number of this spectrum in the parent file: 1
Date and time of acquisition read successfully from the original file: Yes
Live time read successfully from the original file: Yes
True time read successfully from the original file: Yes
GADRAS Tag character is:  
Version: 130122
Parent file type: Sandia GADRAS PCF
