$SPEC_ID:
152EU,1uC{26,11.02}
$MEAS_TIM:
3600.00 3600.00
$DATE_MEA:
3/9/2018 5:22:25 PM
$DATA:
0 1193
636.782
593.900
538.670
892.869
783.573
684.559
599.865
529.187
473.572
424.749
395.862
370.883
348.699
332.172
319.893
310.904
304.171
301.791
303.833
308.831
321.612
337.637
350.223
353.964
356.724
363.101
376.479
389.490
400.791
421.259
449.987
478.941
502.295
514.929
526.026
538.655
555.009
582.985
633.556
724.720
828.133
870.602
806.116
690.361
589.818
539.575
527.251
530.683
540.266
549.832
555.419
556.943
555.583
552.137
548.353
546.597
546.443
547.310
549.213
552.128
555.442
558.085
559.442
559.389
557.818
554.840
551.339
548.348
545.299
541.550
537.154
532.880
527.210
519.310
511.046
503.559
499.295
503.187
517.194
540.743
571.009
601.292
622.096
623.933
603.297
566.131
521.410
478.788
444.870
422.473
409.079
401.689
397.581
395.625
395.344
396.015
396.984
398.006
398.808
399.089
398.557
396.997
394.494
391.351
388.262
386.083
385.599
387.902
396.296
414.941
447.363
496.257
560.073
634.842
710.635
774.887
814.514
817.158
781.924
715.863
629.552
536.471
448.381
374.401
319.760
281.543
255.892
239.338
228.643
221.765
217.242
214.386
213.187
213.624
215.531
218.657
222.439
226.192
229.194
230.682
230.270
228.341
225.417
222.161
219.313
217.423
216.811
217.612
219.084
220.246
220.307
218.756
215.205
209.869
203.176
195.669
188.091
181.138
175.173
170.389
166.880
164.455
162.899
161.962
161.357
160.829
160.238
159.506
158.570
157.454
156.180
154.796
153.352
151.898
150.485
149.145
147.907
146.771
145.728
144.785
143.969
143.322
142.872
142.568
142.366
142.225
142.122
142.036
141.937
141.803
141.593
141.261
140.734
139.948
138.884
137.607
136.186
134.678
133.102
131.469
129.820
128.168
126.544
124.967
123.462
122.037
120.709
119.498
118.412
117.461
116.627
115.894
115.223
114.626
114.123
113.724
113.432
113.230
113.111
113.060
113.091
113.214
113.446
113.775
114.182
114.668
115.193
115.721
116.206
116.613
116.887
116.982
116.852
116.501
115.936
115.173
114.239
113.140
111.909
110.566
109.165
107.751
106.380
105.110
103.980
103.040
102.332
101.901
101.772
101.981
102.603
103.808
105.783
108.702
112.614
117.443
123.116
129.528
136.431
143.510
150.463
156.934
162.490
166.652
168.979
169.282
167.629
164.112
158.853
152.141
144.395
136.026
127.444
118.966
110.895
103.529
97.110
91.669
87.194
83.679
81.082
79.311
78.259
77.829
77.912
78.407
79.207
80.216
81.338
82.495
83.626
84.654
85.490
86.006
86.079
85.575
84.445
82.795
80.740
78.400
75.876
73.267
70.633
68.065
65.636
63.430
61.520
59.993
58.918
58.318
58.215
58.620
59.552
61.017
63.036
65.617
68.777
72.479
76.664
81.254
86.189
91.334
96.463
101.339
105.703
109.340
112.078
113.790
114.320
113.555
111.513
108.362
104.251
99.348
93.836
87.915
81.819
75.757
69.946
64.492
59.479
54.973
51.051
47.737
44.997
42.778
41.032
39.718
38.813
38.309
38.195
38.466
39.119
40.185
41.687
43.659
46.118
49.088
52.555
56.518
60.983
65.920
71.258
76.888
82.735
88.679
94.616
100.371
105.798
110.716
114.980
118.484
121.145
122.916
123.708
123.487
122.253
120.068
116.976
113.028
108.281
102.896
97.012
90.806
84.418
77.994
71.625
65.388
59.377
53.669
48.341
43.429
38.981
35.038
31.641
28.780
26.394
24.413
22.766
21.390
20.235
19.280
18.501
17.878
17.389
17.012
16.721
16.498
16.313
16.148
15.983
15.806
15.611
15.383
15.119
14.808
14.461
14.082
13.679
13.258
12.828
12.399
11.982
11.586
11.224
10.905
10.632
10.410
10.239
10.123
10.063
10.055
10.091
10.162
10.259
10.374
10.499
10.619
10.723
10.799
10.835
10.822
10.760
10.652
10.501
10.307
10.076
9.819
9.552
9.295
9.064
8.876
8.752
8.721
8.808
9.042
9.449
10.058
10.891
11.972
13.323
14.965
16.924
19.201
21.783
24.653
27.794
31.186
34.809
38.591
42.452
46.301
50.066
53.653
56.976
59.958
62.503
64.534
65.953
66.698
66.738
66.128
64.894
63.087
60.738
57.899
54.655
51.090
47.306
43.388
39.436
35.522
31.704
28.030
24.549
21.306
18.355
15.711
13.363
11.293
9.487
7.930
6.605
5.492
4.568
3.809
3.192
2.693
2.290
1.967
1.714
1.519
1.371
1.259
1.172
1.105
1.054
1.014
0.983
0.955
0.927
0.898
0.868
0.837
0.803
0.766
0.727
0.685
0.641
0.596
0.550
0.504
0.459
0.415
0.373
0.332
0.295
0.260
0.229
0.201
0.177
0.155
0.137
0.121
0.108
0.097
0.087
0.080
0.074
0.069
0.066
0.062
0.060
0.058
0.056
0.055
0.054
0.053
0.052
0.051
0.050
0.049
0.049
0.048
0.047
0.047
0.046
0.046
0.045
0.044
0.043
0.042
0.042
0.041
0.040
0.039
0.037
0.036
0.035
0.034
0.033
0.032
0.031
0.029
0.028
0.028
0.027
0.026
0.025
0.025
0.025
0.024
0.024
0.024
0.024
0.024
0.024
0.024
0.024
0.024
0.024
0.024
0.024
0.023
0.023
0.023
0.022
0.021
0.020
0.019
0.018
0.017
0.016
0.015
0.014
0.013
0.011
0.010
0.009
0.008
0.007
0.006
0.006
0.005
0.004
0.003
0.003
0.002
0.002
0.002
0.001
0.001
0.001
0.001
0.001
0.000
0.000
0.000
0.000
0.000
0.000
0.000
0.000
0.000
0.000
0.000
0.000
0.000
0.000
0.000
0.000
0.000
0.000
0.000
0.000
0.000
-0.000
-0.000
-0.000
-0.000
-0.000
-0.000
-0.000
0.000
0.000
0.000
0.000
0.000
0.000
0.000
0.000
0.000
0.000
0.000
0
0
0
0
0
0
0
0
0
0
0
0
0
0
0
0
0
0
0
0
0
0
0
0
0
0
0
0
0
0
0
0
0
0
0
0
0
0
0
0
0
0
0
0
0
0
0
0
0
0
0
0
0
0
0
0
0
0
0
0
0
0
0
0
0
0
0
0
0
0
0
0
0
0
0
0
0
0
0
0
0
0
0
0
0
0
0
0
0
0
0
0
0
0
0
0
0
0
0
0
0
0
0
0
0
0
0
0
0
0
0
0
0
0
0
0
0
0
0
0
0
0
0
0
0
0
0
0
0
0
0
0
0
0
0
0
0
0
0
0
0
0
0
0
0
0
0
0
0
0
0
0
0
0
0
0
0
0
0
0
0
0
0
0
0
0
0
0
0
0
0
0
0
0
0
0
0
0
0
0
0
0
0
0
0
0
0
0
0
0
0
0
0
0
0
0
0
0
0
0
0
0
0
0
0
0
0
0
0
0
0
0
0
0
0
0
0
0
0
0
0
0
0
0
0
0
0
0
0
0
0
0
0
0
0
0
0
0
0
0
0
0
0
0
0
0
0
0
0
0
0
0
0
0
0
0
0
0
0
0
0
0
0
0
0
0
0
0
0
0
0
0
0
0
0
0
0
0
0
0
0
0
0
0
0
0
0
0
0
0
0
0
0
0
0
0
0
0
0
0
0
0
0
0
0
0
0
0
0
0
0
0
0
0
0
0
0
0
0
0
0
0
0
0
0
0
0
0
0
0
0
0
0
0
0
0
0
0
0
0
0
0
0
0
0
0
0
0
0
0
0
0
0
0
0
0
0
0
0
0
0
0
0
0
0
0
0
0
0
0
0
0
0
0
0
0
0
0
0
0
0
0
0
0
0
0
0
0
0
0
0
0
0
0
0
0
0
0
0
0
0
0
0
0
0
0
0
0
0
0
0
0
0
0
0
0
0
0
0
0
0
0
0
0
0
0
0
0
0
0
0
0
0
0
0
0
0
0
0
0
0
0
0
0
0
0
0
0
0
0
0
0
0
0
0
0
0
0
0
0
0
0
0
0
0
0
0
0
0
0
0
0
0
0
0
0
0
0
0
0
0
0
0
0
0
0
0
0
0
0
0
0
0
0
0
0
0
0
0
0
0
0
0
0
0
0
0
0
0
0
0
0
0
0
0
0
0
0
0
0
$MCA_CAL:
3
-1.4656616 2.9313233 0.00000000000000
$ENER_FIT:
-1.4656616 2.9313233 0.00000000000000
$MCA_CAL_DATA:
3
298 872
597 1749
896 2625
$CAMBIO:
Parent file specification: C:\GADRAS-DRF\Temp\152EU_150.0_50.0_iron_11.02_6.0.pcf
Successful read of spectrum: Yes
Error message: None
Warning: None
Information: None
Neutrons: 0
Number of spectral records in the parent file: 1
Record number of this spectrum in the parent file: 1
Date and time of acquisition read successfully from the original file: Yes
Live time read successfully from the original file: Yes
True time read successfully from the original file: Yes
GADRAS Tag character is:  
Version: 130122
Parent file type: Sandia GADRAS PCF
