$SPEC_ID:
152EU,1uC{13,4.18}
$MEAS_TIM:
3600.00 3600.00
$DATE_MEA:
3/9/2018 5:22:25 PM
$DATA:
0 1193
297.538
325.441
318.274
465.606
383.327
313.672
262.998
221.859
199.284
182.914
189.485
241.803
369.289
457.293
372.993
279.515
216.720
184.954
187.708
202.897
220.414
239.283
254.090
259.268
265.506
274.401
282.867
286.497
283.650
278.293
274.797
273.283
272.347
270.168
269.751
271.394
276.327
288.447
310.651
344.906
376.660
378.155
339.677
276.978
216.032
178.156
160.170
154.699
155.970
159.653
163.550
166.656
168.032
167.094
164.702
161.819
159.177
157.159
155.637
154.243
152.521
150.148
146.962
142.983
138.430
133.721
129.472
125.808
122.518
119.433
116.496
113.786
111.271
108.846
106.461
104.274
102.949
102.922
104.190
106.494
109.344
111.790
112.680
111.285
107.244
101.170
94.021
86.763
80.258
74.893
70.838
67.858
65.632
63.992
62.813
61.928
61.159
60.426
59.691
58.914
58.049
57.094
56.108
55.165
54.368
53.850
53.861
54.692
56.689
60.233
65.503
72.387
80.609
89.381
97.749
104.502
108.209
107.939
103.931
96.637
86.953
76.014
64.901
54.554
45.843
38.979
33.766
29.982
27.348
25.579
24.447
23.787
23.444
23.338
23.417
23.625
23.898
24.171
24.387
24.505
24.487
24.341
24.113
23.845
23.584
23.376
23.251
23.184
23.131
23.050
22.891
22.605
22.163
21.579
20.876
20.086
19.264
18.465
17.735
17.098
16.573
16.169
15.868
15.647
15.486
15.362
15.256
15.150
15.037
14.915
14.780
14.636
14.486
14.334
14.185
14.042
13.907
13.783
13.672
13.577
13.498
13.437
13.396
13.376
13.373
13.379
13.384
13.383
13.376
13.364
13.346
13.320
13.275
13.207
13.111
12.991
12.853
12.702
12.542
12.375
12.206
12.035
11.866
11.701
11.543
11.394
11.255
11.131
11.021
10.925
10.842
10.769
10.705
10.651
10.609
10.581
10.567
10.565
10.575
10.594
10.622
10.658
10.704
10.759
10.821
10.888
10.954
11.018
11.075
11.122
11.154
11.168
11.163
11.141
11.101
11.045
10.974
10.887
10.784
10.667
10.541
10.416
10.299
10.199
10.123
10.077
10.066
10.095
10.170
10.301
10.496
10.764
11.108
11.528
12.021
12.582
13.206
13.871
14.550
15.218
15.848
16.413
16.884
17.231
17.426
17.454
17.323
17.041
16.619
16.067
15.411
14.681
13.907
13.117
12.337
11.587
10.889
10.262
9.723
9.274
8.911
8.630
8.429
8.299
8.230
8.210
8.226
8.268
8.327
8.392
8.458
8.514
8.554
8.570
8.556
8.506
8.411
8.274
8.103
7.906
7.691
7.468
7.244
7.027
6.824
6.643
6.491
6.374
6.299
6.270
6.295
6.377
6.517
6.712
6.961
7.262
7.612
8.001
8.422
8.863
9.316
9.769
10.206
10.610
10.963
11.249
11.453
11.572
11.602
11.541
11.385
11.137
10.805
10.404
9.948
9.449
8.922
8.379
7.835
7.301
6.793
6.322
5.894
5.513
5.181
4.901
4.675
4.505
4.389
4.329
4.322
4.370
4.470
4.623
4.828
5.084
5.390
5.746
6.148
6.591
7.071
7.584
8.125
8.686
9.256
9.822
10.374
10.897
11.381
11.817
12.195
12.507
12.744
12.897
12.962
12.941
12.834
12.646
12.377
12.030
11.613
11.139
10.617
10.059
9.475
8.876
8.271
7.667
7.072
6.494
5.942
5.420
4.932
4.481
4.070
3.700
3.377
3.095
2.853
2.644
2.466
2.312
2.180
2.067
1.971
1.889
1.820
1.761
1.711
1.669
1.631
1.597
1.565
1.533
1.499
1.465
1.430
1.394
1.357
1.321
1.284
1.248
1.214
1.181
1.150
1.122
1.097
1.076
1.058
1.043
1.031
1.023
1.018
1.016
1.016
1.017
1.019
1.021
1.022
1.021
1.020
1.017
1.014
1.008
1.002
0.995
0.988
0.984
0.983
0.987
0.998
1.016
1.044
1.084
1.139
1.210
1.300
1.410
1.542
1.695
1.871
2.070
2.292
2.538
2.806
3.092
3.393
3.704
4.022
4.344
4.664
4.977
5.278
5.559
5.814
6.037
6.222
6.365
6.464
6.521
6.531
6.496
6.413
6.284
6.110
5.899
5.654
5.382
5.087
4.775
4.451
4.119
3.785
3.453
3.128
2.815
2.518
2.239
1.980
1.741
1.521
1.321
1.142
0.983
0.843
0.722
0.617
0.527
0.450
0.385
0.331
0.285
0.248
0.217
0.192
0.172
0.156
0.142
0.130
0.120
0.112
0.105
0.099
0.094
0.089
0.084
0.079
0.075
0.070
0.066
0.061
0.057
0.053
0.049
0.045
0.041
0.038
0.034
0.031
0.028
0.025
0.023
0.021
0.018
0.017
0.015
0.013
0.012
0.011
0.010
0.009
0.009
0.008
0.008
0.007
0.007
0.006
0.006
0.006
0.006
0.006
0.006
0.005
0.005
0.005
0.005
0.005
0.005
0.005
0.005
0.005
0.005
0.004
0.004
0.004
0.004
0.004
0.004
0.004
0.004
0.004
0.004
0.003
0.003
0.003
0.003
0.003
0.003
0.003
0.003
0.003
0.003
0.003
0.003
0.003
0.003
0.003
0.003
0.003
0.003
0.003
0.002
0.002
0.002
0.002
0.002
0.002
0.002
0.002
0.002
0.002
0.002
0.002
0.002
0.002
0.001
0.001
0.001
0.001
0.001
0.001
0.001
0.001
0.001
0.001
0.001
0.000
0.000
0.000
0.000
0.000
0.000
0.000
0.000
0.000
0.000
0.000
0.000
0.000
0.000
0.000
0.000
0.000
0.000
0.000
0.000
0.000
0.000
0.000
0.000
0.000
0.000
0.000
0.000
0.000
0.000
0.000
0.000
0.000
0.000
0.000
-0.000
-0.000
-0.000
-0.000
-0.000
-0.000
-0.000
-0.000
0.000
0.000
0.000
0.000
0.000
0.000
0.000
0.000
-0.000
-0.000
-0.000
-0.000
-0.000
-0.000
-0.000
-0.000
-0.000
0.000
0.000
0.000
0.000
0.000
0
0
0
0
0
0
0
0
0
0
0
0
0
0
0
0
0
0
0
0
0
0
0
0
0
0
0
0
0
0
0
0
0
0
0
0
0
0
0
0
0
0
0
0
0
0
0
0
0
0
0
0
0
0
0
0
0
0
0
0
0
0
0
0
0
0
0
0
0
0
0
0
0
0
0
0
0
0
0
0
0
0
0
0
0
0
0
0
0
0
0
0
0
0
0
0
0
0
0
0
0
0
0
0
0
0
0
0
0
0
0
0
0
0
0
0
0
0
0
0
0
0
0
0
0
0
0
0
0
0
0
0
0
0
0
0
0
0
0
0
0
0
0
0
0
0
0
0
0
0
0
0
0
0
0
0
0
0
0
0
0
0
0
0
0
0
0
0
0
0
0
0
0
0
0
0
0
0
0
0
0
0
0
0
0
0
0
0
0
0
0
0
0
0
0
0
0
0
0
0
0
0
0
0
0
0
0
0
0
0
0
0
0
0
0
0
0
0
0
0
0
0
0
0
0
0
0
0
0
0
0
0
0
0
0
0
0
0
0
0
0
0
0
0
0
0
0
0
0
0
0
0
0
0
0
0
0
0
0
0
0
0
0
0
0
0
0
0
0
0
0
0
0
0
0
0
0
0
0
0
0
0
0
0
0
0
0
0
0
0
0
0
0
0
0
0
0
0
0
0
0
0
0
0
0
0
0
0
0
0
0
0
0
0
0
0
0
0
0
0
0
0
0
0
0
0
0
0
0
0
0
0
0
0
0
0
0
0
0
0
0
0
0
0
0
0
0
0
0
0
0
0
0
0
0
0
0
0
0
0
0
0
0
0
0
0
0
0
0
0
0
0
0
0
0
0
0
0
0
0
0
0
0
0
0
0
0
0
0
0
0
0
0
0
0
0
0
0
0
0
0
0
0
0
0
0
0
0
0
0
0
0
0
0
0
0
0
0
0
0
0
0
0
0
0
0
0
0
0
0
0
0
0
0
0
0
0
0
0
0
0
0
0
0
0
0
0
0
0
0
0
0
0
0
0
0
0
0
0
0
0
0
0
0
0
0
0
0
0
0
0
0
0
0
0
0
0
0
0
0
0
0
0
0
0
0
0
0
0
0
0
0
0
0
0
0
0
0
0
0
0
0
0
$MCA_CAL:
3
-1.4656616 2.9313233 0.00000000000000
$ENER_FIT:
-1.4656616 2.9313233 0.00000000000000
$MCA_CAL_DATA:
3
298 872
597 1749
896 2625
$CAMBIO:
Parent file specification: C:\GADRAS-DRF\Temp\152EU_75.0_175.0_alum_4.18_7.0.pcf
Successful read of spectrum: Yes
Error message: None
Warning: None
Information: None
Neutrons: 0
Number of spectral records in the parent file: 1
Record number of this spectrum in the parent file: 1
Date and time of acquisition read successfully from the original file: Yes
Live time read successfully from the original file: Yes
True time read successfully from the original file: Yes
GADRAS Tag character is:  
Version: 130122
Parent file type: Sandia GADRAS PCF
