$SPEC_ID:
152EU,1uC{82,1.61}
$MEAS_TIM:
3600.00 3600.00
$DATE_MEA:
3/9/2018 5:22:25 PM
$DATA:
0 1193
377.953
352.784
323.370
318.638
281.165
247.005
216.986
192.653
172.909
155.382
145.438
136.802
128.242
122.331
118.929
116.710
115.550
116.367
119.402
123.718
129.550
136.876
142.024
140.759
136.514
133.463
132.560
132.580
131.960
131.621
131.647
132.072
132.807
133.216
133.588
134.003
134.494
135.160
136.035
137.607
139.895
141.464
141.578
141.422
141.547
144.020
148.569
153.378
162.185
172.270
181.400
187.299
187.771
183.368
176.864
170.340
164.889
160.827
158.075
156.346
155.022
153.464
151.630
149.868
148.258
146.774
145.801
145.701
145.583
145.029
144.203
143.435
142.071
139.564
136.280
132.767
129.769
128.267
129.361
133.615
140.168
147.145
151.949
151.598
144.863
133.456
120.072
107.565
97.509
90.488
85.920
83.081
81.259
80.006
79.057
78.423
78.099
77.922
77.747
77.501
77.076
76.350
75.332
74.130
72.972
72.163
72.140
73.482
77.282
84.852
97.464
116.193
140.828
170.286
200.698
226.994
244.314
248.245
238.224
216.380
186.594
154.237
123.704
97.936
78.655
65.130
56.259
50.713
47.184
44.952
43.581
42.856
42.759
43.271
44.331
45.851
47.619
49.383
50.883
51.854
52.150
51.873
51.176
50.328
49.653
49.369
49.570
50.280
51.235
52.093
52.556
52.405
51.466
49.817
47.619
45.085
42.502
40.143
38.151
36.602
35.529
34.858
34.499
34.359
34.340
34.353
34.344
34.278
34.130
33.909
33.627
33.302
32.952
32.596
32.253
31.939
31.666
31.431
31.225
31.045
30.907
30.830
30.827
30.880
30.973
31.090
31.222
31.360
31.495
31.618
31.716
31.773
31.761
31.653
31.440
31.142
30.780
30.372
29.930
29.467
28.996
28.525
28.060
27.611
27.185
26.788
26.427
26.108
25.835
25.613
25.432
25.285
25.158
25.053
24.976
24.933
24.926
24.950
25.004
25.084
25.196
25.342
25.527
25.750
26.004
26.290
26.594
26.901
27.193
27.454
27.666
27.811
27.874
27.854
27.755
27.581
27.342
27.042
26.692
26.300
25.886
25.468
25.066
24.700
24.385
24.140
23.980
23.921
23.976
24.156
24.491
25.037
25.859
27.017
28.530
30.379
32.547
35.003
37.653
40.380
43.070
45.590
47.782
49.473
50.500
50.794
50.375
49.275
47.532
45.254
42.596
39.712
36.752
33.826
31.039
28.493
26.269
24.384
22.840
21.638
20.768
20.195
19.879
19.781
19.862
20.087
20.421
20.829
21.279
21.744
22.200
22.622
22.976
23.220
23.311
23.202
22.877
22.369
21.717
20.959
20.130
19.264
18.387
17.532
16.725
15.996
15.369
14.874
14.533
14.357
14.351
14.520
14.871
15.409
16.141
17.075
18.216
19.554
21.062
22.713
24.480
26.316
28.145
29.887
31.454
32.775
33.791
34.457
34.718
34.536
33.915
32.910
31.570
29.951
28.114
26.129
24.078
22.036
20.078
18.242
16.554
15.039
13.720
12.608
11.690
10.949
10.369
9.938
9.646
9.491
9.468
9.575
9.810
10.185
10.709
11.392
12.242
13.266
14.461
15.827
17.364
19.063
20.900
22.838
24.849
26.895
28.938
30.922
32.796
34.501
35.986
37.218
38.167
38.817
39.138
39.118
38.757
38.080
37.100
35.837
34.311
32.573
30.667
28.650
26.567
24.464
22.374
20.324
18.348
16.472
14.725
13.116
11.661
10.371
9.261
8.325
7.545
6.899
6.362
5.916
5.544
5.239
4.992
4.797
4.645
4.531
4.444
4.380
4.328
4.282
4.236
4.186
4.130
4.064
3.985
3.892
3.786
3.670
3.546
3.416
3.282
3.148
3.018
2.895
2.782
2.683
2.599
2.531
2.480
2.447
2.432
2.435
2.452
2.480
2.517
2.560
2.606
2.650
2.689
2.719
2.736
2.738
2.724
2.695
2.652
2.595
2.526
2.448
2.366
2.288
2.217
2.160
2.123
2.116
2.145
2.222
2.354
2.550
2.817
3.164
3.598
4.126
4.756
5.490
6.322
7.246
8.257
9.347
10.511
11.724
12.962
14.196
15.402
16.552
17.617
18.575
19.396
20.056
20.524
20.782
20.820
20.653
20.289
19.743
19.022
18.144
17.134
16.021
14.837
13.610
12.372
11.147
9.951
8.801
7.711
6.694
5.768
4.937
4.197
3.545
2.975
2.484
2.066
1.716
1.425
1.187
0.994
0.838
0.711
0.610
0.531
0.469
0.423
0.387
0.360
0.339
0.323
0.311
0.301
0.293
0.284
0.276
0.267
0.257
0.247
0.236
0.224
0.211
0.197
0.183
0.169
0.155
0.141
0.128
0.114
0.102
0.090
0.080
0.070
0.061
0.054
0.047
0.042
0.037
0.033
0.029
0.026
0.024
0.022
0.021
0.020
0.019
0.018
0.017
0.017
0.016
0.016
0.016
0.015
0.015
0.015
0.015
0.015
0.014
0.014
0.014
0.014
0.014
0.013
0.013
0.013
0.013
0.012
0.012
0.012
0.012
0.011
0.011
0.010
0.010
0.010
0.009
0.009
0.009
0.008
0.008
0.008
0.008
0.008
0.007
0.007
0.007
0.007
0.007
0.007
0.007
0.007
0.007
0.007
0.007
0.007
0.007
0.007
0.007
0.007
0.007
0.007
0.006
0.006
0.006
0.005
0.005
0.005
0.004
0.004
0.004
0.003
0.003
0.003
0.002
0.002
0.002
0.002
0.001
0.001
0.001
0.001
0.001
0.001
0.001
0.000
0.000
0.000
0.000
0.000
0.000
0.000
0.000
0.000
0.000
0.000
0.000
0.000
0.000
0.000
0.000
0.000
0.000
0.000
0.000
0.000
0.000
0.000
0.000
0.000
0.000
-0.000
-0.000
-0.000
-0.000
-0.000
-0.000
-0.000
0.000
0.000
0.000
0.000
0.000
0.000
0.000
0.000
0.000
0.000
0.000
0
0
0
0
0
0
0
0
0
0
0
0
0
0
0
0
0
0
0
0
0
0
0
0
0
0
0
0
0
0
0
0
0
0
0
0
0
0
0
0
0
0
0
0
0
0
0
0
0
0
0
0
0
0
0
0
0
0
0
0
0
0
0
0
0
0
0
0
0
0
0
0
0
0
0
0
0
0
0
0
0
0
0
0
0
0
0
0
0
0
0
0
0
0
0
0
0
0
0
0
0
0
0
0
0
0
0
0
0
0
0
0
0
0
0
0
0
0
0
0
0
0
0
0
0
0
0
0
0
0
0
0
0
0
0
0
0
0
0
0
0
0
0
0
0
0
0
0
0
0
0
0
0
0
0
0
0
0
0
0
0
0
0
0
0
0
0
0
0
0
0
0
0
0
0
0
0
0
0
0
0
0
0
0
0
0
0
0
0
0
0
0
0
0
0
0
0
0
0
0
0
0
0
0
0
0
0
0
0
0
0
0
0
0
0
0
0
0
0
0
0
0
0
0
0
0
0
0
0
0
0
0
0
0
0
0
0
0
0
0
0
0
0
0
0
0
0
0
0
0
0
0
0
0
0
0
0
0
0
0
0
0
0
0
0
0
0
0
0
0
0
0
0
0
0
0
0
0
0
0
0
0
0
0
0
0
0
0
0
0
0
0
0
0
0
0
0
0
0
0
0
0
0
0
0
0
0
0
0
0
0
0
0
0
0
0
0
0
0
0
0
0
0
0
0
0
0
0
0
0
0
0
0
0
0
0
0
0
0
0
0
0
0
0
0
0
0
0
0
0
0
0
0
0
0
0
0
0
0
0
0
0
0
0
0
0
0
0
0
0
0
0
0
0
0
0
0
0
0
0
0
0
0
0
0
0
0
0
0
0
0
0
0
0
0
0
0
0
0
0
0
0
0
0
0
0
0
0
0
0
0
0
0
0
0
0
0
0
0
0
0
0
0
0
0
0
0
0
0
0
0
0
0
0
0
0
0
0
0
0
0
0
0
0
0
0
0
0
0
0
0
0
0
0
0
0
0
0
0
0
0
0
0
0
0
0
0
0
0
0
0
0
0
0
0
0
0
0
0
0
0
0
0
0
0
0
0
0
0
0
0
0
0
0
0
0
0
0
0
0
0
0
0
0
0
0
0
0
0
0
0
0
0
0
0
0
0
0
0
0
$MCA_CAL:
3
-1.4656616 2.9313233 0.00000000000000
$ENER_FIT:
-1.4656616 2.9313233 0.00000000000000
$MCA_CAL_DATA:
3
298 872
597 1749
896 2625
$CAMBIO:
Parent file specification: C:\GADRAS-DRF\Temp\152EU_100.0_112.5_lead_1.61_6.0.pcf
Successful read of spectrum: Yes
Error message: None
Warning: None
Information: None
Neutrons: 0
Number of spectral records in the parent file: 1
Record number of this spectrum in the parent file: 1
Date and time of acquisition read successfully from the original file: Yes
Live time read successfully from the original file: Yes
True time read successfully from the original file: Yes
GADRAS Tag character is:  
Version: 130122
Parent file type: Sandia GADRAS PCF
