$SPEC_ID:
152EU,1uC{13,1.82}
$MEAS_TIM:
3600.00 3600.00
$DATE_MEA:
3/9/2018 5:22:25 PM
$DATA:
0 1193
203.844
235.991
234.171
273.133
226.009
177.839
148.436
124.360
113.637
108.236
126.178
197.913
341.553
420.481
314.499
196.489
129.659
97.084
91.818
97.366
104.830
112.622
118.159
120.863
123.358
127.311
131.317
133.957
133.585
131.724
130.519
130.978
132.611
134.707
136.994
139.142
141.512
145.611
153.452
164.514
173.135
170.756
153.955
127.979
102.407
84.619
75.183
71.862
72.041
73.715
75.723
77.455
78.525
78.607
77.933
76.949
76.008
75.273
74.768
74.399
73.926
73.065
71.750
70.009
67.938
65.734
63.631
61.712
59.970
58.303
56.668
55.119
53.696
52.414
51.272
50.274
49.589
49.408
49.699
50.326
51.055
51.598
51.588
50.691
48.916
46.409
43.473
40.463
37.655
35.270
33.375
31.914
30.813
29.986
29.354
28.853
28.429
28.044
27.667
27.281
26.879
26.464
26.065
25.713
25.462
25.372
25.536
26.079
27.108
28.681
30.840
33.522
36.581
39.804
42.748
44.928
46.016
45.863
44.371
41.724
38.220
34.180
29.982
26.005
22.487
19.517
17.170
15.403
14.119
13.221
12.622
12.241
12.006
11.881
11.837
11.844
11.881
11.923
11.953
11.956
11.922
11.848
11.746
11.630
11.511
11.398
11.299
11.214
11.130
11.030
10.900
10.734
10.523
10.265
9.969
9.646
9.312
8.978
8.661
8.375
8.127
7.914
7.738
7.593
7.473
7.370
7.276
7.187
7.100
7.011
6.920
6.827
6.734
6.641
6.550
6.461
6.375
6.293
6.215
6.145
6.081
6.025
5.977
5.937
5.903
5.874
5.845
5.814
5.781
5.745
5.708
5.668
5.624
5.575
5.517
5.450
5.376
5.299
5.219
5.137
5.056
4.974
4.893
4.813
4.736
4.663
4.593
4.529
4.469
4.415
4.366
4.323
4.285
4.251
4.223
4.200
4.181
4.168
4.159
4.155
4.155
4.158
4.165
4.175
4.186
4.198
4.210
4.221
4.230
4.235
4.235
4.229
4.218
4.202
4.180
4.154
4.123
4.088
4.048
4.004
3.957
3.911
3.870
3.836
3.813
3.803
3.808
3.829
3.870
3.931
4.015
4.124
4.258
4.419
4.603
4.806
5.023
5.251
5.481
5.705
5.912
6.092
6.238
6.344
6.405
6.416
6.375
6.280
6.138
5.956
5.741
5.499
5.239
4.969
4.698
4.435
4.187
3.959
3.755
3.576
3.426
3.306
3.215
3.149
3.104
3.076
3.063
3.061
3.068
3.079
3.091
3.103
3.110
3.110
3.101
3.079
3.043
2.995
2.937
2.873
2.803
2.732
2.660
2.592
2.529
2.474
2.429
2.396
2.378
2.375
2.391
2.426
2.482
2.555
2.647
2.755
2.878
3.013
3.158
3.308
3.459
3.607
3.748
3.878
3.990
4.083
4.150
4.187
4.193
4.170
4.118
4.039
3.933
3.803
3.654
3.490
3.314
3.133
2.950
2.769
2.594
2.427
2.273
2.133
2.012
1.909
1.826
1.762
1.719
1.697
1.695
1.714
1.753
1.811
1.889
1.986
2.101
2.233
2.380
2.540
2.714
2.897
3.089
3.285
3.481
3.675
3.862
4.039
4.203
4.350
4.477
4.582
4.660
4.710
4.730
4.723
4.687
4.625
4.535
4.420
4.281
4.123
3.949
3.761
3.563
3.358
3.148
2.938
2.728
2.523
2.325
2.136
1.958
1.791
1.636
1.494
1.366
1.252
1.151
1.063
0.986
0.919
0.860
0.810
0.766
0.728
0.696
0.668
0.643
0.622
0.603
0.586
0.571
0.557
0.543
0.530
0.517
0.504
0.491
0.478
0.465
0.453
0.441
0.430
0.420
0.410
0.401
0.393
0.387
0.381
0.376
0.373
0.370
0.368
0.366
0.365
0.365
0.364
0.364
0.364
0.363
0.363
0.363
0.362
0.362
0.363
0.365
0.368
0.373
0.380
0.390
0.404
0.421
0.443
0.471
0.504
0.544
0.590
0.644
0.704
0.771
0.845
0.927
1.015
1.110
1.209
1.311
1.416
1.522
1.628
1.732
1.833
1.930
2.019
2.099
2.170
2.228
2.272
2.303
2.321
2.324
2.313
2.288
2.248
2.195
2.128
2.051
1.965
1.870
1.770
1.664
1.556
1.445
1.334
1.224
1.116
1.012
0.912
0.818
0.730
0.649
0.573
0.504
0.441
0.384
0.334
0.289
0.250
0.216
0.186
0.161
0.139
0.121
0.105
0.092
0.081
0.072
0.064
0.058
0.053
0.048
0.044
0.041
0.038
0.035
0.033
0.031
0.029
0.027
0.025
0.024
0.022
0.021
0.019
0.018
0.016
0.015
0.014
0.013
0.011
0.010
0.010
0.009
0.008
0.007
0.006
0.006
0.005
0.005
0.004
0.004
0.004
0.003
0.003
0.003
0.003
0.003
0.003
0.002
0.002
0.002
0.002
0.002
0.002
0.002
0.002
0.002
0.002
0.002
0.002
0.002
0.002
0.002
0.002
0.002
0.002
0.002
0.001
0.001
0.001
0.001
0.001
0.001
0.001
0.001
0.001
0.001
0.001
0.001
0.001
0.001
0.001
0.001
0.001
0.001
0.001
0.001
0.001
0.001
0.001
0.001
0.001
0.001
0.001
0.001
0.001
0.001
0.001
0.001
0.001
0.001
0.001
0.001
0.001
0.001
0.001
0.000
0.000
0.000
0.000
0.000
0.000
0.000
0.000
0.000
0.000
0.000
0.000
0.000
0.000
0.000
0.000
0.000
0.000
0.000
0.000
0.000
0.000
0.000
0.000
0.000
0.000
0.000
0.000
0.000
0.000
0.000
0.000
0.000
0.000
0.000
0.000
0.000
0.000
0.000
0.000
0.000
0.000
0.000
0.000
0.000
0.000
0.000
0.000
0.000
0.000
0.000
-0.000
-0.000
-0.000
-0.000
-0.000
-0.000
-0.000
-0.000
-0.000
0.000
0.000
0.000
0.000
0.000
0.000
0.000
0.000
0.000
0.000
0.000
0.000
0.000
0.000
0
0
0
0
0
0
0
0
0
0
0
0
0
0
0
0
0
0
0
0
0
0
0
0
0
0
0
0
0
0
0
0
0
0
0
0
0
0
0
0
0
0
0
0
0
0
0
0
0
0
0
0
0
0
0
0
0
0
0
0
0
0
0
0
0
0
0
0
0
0
0
0
0
0
0
0
0
0
0
0
0
0
0
0
0
0
0
0
0
0
0
0
0
0
0
0
0
0
0
0
0
0
0
0
0
0
0
0
0
0
0
0
0
0
0
0
0
0
0
0
0
0
0
0
0
0
0
0
0
0
0
0
0
0
0
0
0
0
0
0
0
0
0
0
0
0
0
0
0
0
0
0
0
0
0
0
0
0
0
0
0
0
0
0
0
0
0
0
0
0
0
0
0
0
0
0
0
0
0
0
0
0
0
0
0
0
0
0
0
0
0
0
0
0
0
0
0
0
0
0
0
0
0
0
0
0
0
0
0
0
0
0
0
0
0
0
0
0
0
0
0
0
0
0
0
0
0
0
0
0
0
0
0
0
0
0
0
0
0
0
0
0
0
0
0
0
0
0
0
0
0
0
0
0
0
0
0
0
0
0
0
0
0
0
0
0
0
0
0
0
0
0
0
0
0
0
0
0
0
0
0
0
0
0
0
0
0
0
0
0
0
0
0
0
0
0
0
0
0
0
0
0
0
0
0
0
0
0
0
0
0
0
0
0
0
0
0
0
0
0
0
0
0
0
0
0
0
0
0
0
0
0
0
0
0
0
0
0
0
0
0
0
0
0
0
0
0
0
0
0
0
0
0
0
0
0
0
0
0
0
0
0
0
0
0
0
0
0
0
0
0
0
0
0
0
0
0
0
0
0
0
0
0
0
0
0
0
0
0
0
0
0
0
0
0
0
0
0
0
0
0
0
0
0
0
0
0
0
0
0
0
0
0
0
0
0
0
0
0
0
0
0
0
0
0
0
0
0
0
0
0
0
0
0
0
0
0
0
0
0
0
0
0
0
0
0
0
0
0
0
0
0
0
0
0
0
0
0
0
0
0
0
0
0
0
0
0
0
0
0
0
0
0
0
0
0
0
0
0
0
0
0
0
0
0
0
0
0
0
0
0
0
0
0
0
0
0
0
0
0
0
0
0
0
$MCA_CAL:
3
-1.4656616 2.9313233 0.00000000000000
$ENER_FIT:
-1.4656616 2.9313233 0.00000000000000
$MCA_CAL_DATA:
3
298 872
597 1749
896 2625
$CAMBIO:
Parent file specification: C:\GADRAS-DRF\Temp\152EU_50.0_300.0_alum_1.82_7.5.pcf
Successful read of spectrum: Yes
Error message: None
Warning: None
Information: None
Neutrons: 0
Number of spectral records in the parent file: 1
Record number of this spectrum in the parent file: 1
Date and time of acquisition read successfully from the original file: Yes
Live time read successfully from the original file: Yes
True time read successfully from the original file: Yes
GADRAS Tag character is:  
Version: 130122
Parent file type: Sandia GADRAS PCF
