$SPEC_ID:
152EU,1uC{82,0.51}
$MEAS_TIM:
3600.00 3600.00
$DATE_MEA:
3/9/2018 5:22:25 PM
$DATA:
0 1193
448.230
433.223
398.878
365.371
318.274
277.051
241.143
212.924
191.459
172.773
162.220
153.819
147.824
145.489
142.500
140.188
132.856
129.227
131.882
137.139
144.741
155.063
162.686
161.464
157.570
158.249
163.111
165.266
160.921
156.418
155.774
157.696
159.848
161.572
164.065
167.540
172.451
182.725
207.740
254.404
307.934
330.715
300.384
240.105
187.558
162.149
157.863
161.711
172.787
185.653
196.476
201.992
199.968
192.144
182.783
174.735
169.116
165.866
164.476
164.311
164.425
163.846
162.492
160.868
159.146
157.386
156.115
155.810
155.470
154.578
153.307
152.102
150.128
146.743
142.597
138.603
135.976
136.347
141.678
152.997
168.676
185.057
197.070
199.192
189.100
169.756
146.277
124.253
106.747
94.939
87.808
83.972
82.007
81.021
80.491
80.355
80.579
80.962
81.308
81.482
81.324
80.675
79.556
78.126
76.726
75.808
76.019
78.188
83.781
94.537
112.186
138.209
172.349
213.152
255.313
291.866
316.157
322.149
309.018
279.590
239.169
195.180
153.664
118.611
92.362
73.971
61.976
54.553
49.890
46.987
45.237
44.334
44.246
44.935
46.322
48.288
50.566
52.837
54.777
56.055
56.488
56.194
55.357
54.316
53.479
53.125
53.367
54.237
55.416
56.489
57.094
56.954
55.854
53.885
51.245
48.190
45.073
42.228
39.825
37.960
36.674
35.874
35.454
35.301
35.296
35.332
35.345
35.290
35.138
34.900
34.588
34.224
33.830
33.430
33.046
32.695
32.393
32.136
31.914
31.725
31.585
31.515
31.528
31.607
31.731
31.886
32.058
32.240
32.417
32.582
32.718
32.807
32.817
32.719
32.501
32.186
31.795
31.351
30.868
30.359
29.840
29.320
28.807
28.311
27.841
27.403
27.006
26.657
26.360
26.119
25.926
25.771
25.639
25.531
25.456
25.418
25.419
25.455
25.525
25.624
25.759
25.932
26.148
26.406
26.700
27.030
27.380
27.733
28.070
28.372
28.618
28.790
28.871
28.859
28.758
28.573
28.315
27.989
27.608
27.182
26.731
26.275
25.838
25.440
25.101
24.837
24.668
24.611
24.680
24.888
25.268
25.881
26.798
28.083
29.759
31.807
34.206
36.923
39.858
42.879
45.859
48.654
51.087
52.968
54.120
54.464
54.024
52.832
50.932
48.441
45.532
42.373
39.130
35.926
32.873
30.083
27.646
25.581
23.889
22.573
21.621
20.996
20.653
20.548
20.640
20.889
21.258
21.708
22.205
22.718
23.223
23.690
24.083
24.357
24.464
24.355
24.011
23.469
22.768
21.952
21.058
20.123
19.174
18.249
17.376
16.588
15.911
15.376
15.009
14.819
14.814
14.998
15.380
15.963
16.758
17.771
19.010
20.462
22.099
23.890
25.807
27.798
29.781
31.669
33.370
34.805
35.911
36.638
36.930
36.742
36.080
35.004
33.565
31.823
29.844
27.706
25.496
23.294
21.183
19.203
17.385
15.751
14.330
13.130
12.140
11.342
10.718
10.253
9.939
9.772
9.747
9.862
10.115
10.519
11.081
11.815
12.729
13.830
15.114
16.581
18.233
20.059
22.034
24.116
26.277
28.476
30.672
32.804
34.818
36.651
38.249
39.575
40.598
41.300
41.650
41.633
41.253
40.532
39.488
38.141
36.513
34.658
32.623
30.469
28.243
25.996
23.761
21.570
19.457
17.453
15.586
13.867
12.312
10.935
9.749
8.750
7.918
7.227
6.655
6.180
5.783
5.458
5.196
4.989
4.829
4.708
4.617
4.549
4.495
4.448
4.400
4.348
4.289
4.219
4.137
4.038
3.927
3.804
3.673
3.535
3.393
3.251
3.113
2.982
2.862
2.757
2.668
2.596
2.543
2.508
2.493
2.496
2.515
2.545
2.585
2.631
2.680
2.728
2.770
2.802
2.821
2.823
2.809
2.779
2.734
2.674
2.601
2.519
2.433
2.350
2.275
2.214
2.175
2.167
2.199
2.280
2.420
2.628
2.911
3.279
3.739
4.299
4.968
5.747
6.629
7.610
8.683
9.840
11.075
12.362
13.675
14.984
16.264
17.483
18.613
19.630
20.501
21.201
21.700
21.976
22.019
21.845
21.463
20.887
20.127
19.199
18.131
16.953
15.701
14.402
13.093
11.796
10.532
9.315
8.161
7.086
6.105
5.225
4.442
3.751
3.148
2.628
2.185
1.814
1.507
1.255
1.051
0.885
0.752
0.645
0.561
0.496
0.446
0.409
0.380
0.358
0.341
0.328
0.318
0.309
0.300
0.291
0.281
0.271
0.260
0.249
0.236
0.222
0.208
0.193
0.178
0.164
0.149
0.135
0.121
0.108
0.095
0.084
0.074
0.065
0.057
0.050
0.044
0.039
0.034
0.031
0.028
0.025
0.023
0.022
0.021
0.020
0.019
0.018
0.018
0.017
0.017
0.016
0.016
0.016
0.016
0.015
0.015
0.015
0.015
0.015
0.014
0.014
0.014
0.014
0.014
0.013
0.013
0.013
0.012
0.012
0.012
0.011
0.011
0.011
0.010
0.010
0.010
0.009
0.009
0.009
0.008
0.008
0.008
0.008
0.008
0.008
0.008
0.008
0.008
0.008
0.008
0.008
0.008
0.008
0.008
0.008
0.007
0.007
0.007
0.007
0.007
0.007
0.006
0.006
0.006
0.005
0.005
0.005
0.004
0.004
0.004
0.003
0.003
0.003
0.002
0.002
0.002
0.002
0.001
0.001
0.001
0.001
0.001
0.001
0.000
0.000
0.000
0.000
0.000
0.000
0.000
0.000
0.000
0.000
0.000
0.000
0.000
0.000
0.000
0.000
0.000
0.000
0.000
0.000
0.000
0.000
0.000
0.000
0.000
0.000
-0.000
-0.000
-0.000
-0.000
-0.000
-0.000
-0.000
0.000
0.000
0.000
0.000
0.000
0.000
0.000
0.000
0.000
0.000
0.000
0
0
0
0
0
0
0
0
0
0
0
0
0
0
0
0
0
0
0
0
0
0
0
0
0
0
0
0
0
0
0
0
0
0
0
0
0
0
0
0
0
0
0
0
0
0
0
0
0
0
0
0
0
0
0
0
0
0
0
0
0
0
0
0
0
0
0
0
0
0
0
0
0
0
0
0
0
0
0
0
0
0
0
0
0
0
0
0
0
0
0
0
0
0
0
0
0
0
0
0
0
0
0
0
0
0
0
0
0
0
0
0
0
0
0
0
0
0
0
0
0
0
0
0
0
0
0
0
0
0
0
0
0
0
0
0
0
0
0
0
0
0
0
0
0
0
0
0
0
0
0
0
0
0
0
0
0
0
0
0
0
0
0
0
0
0
0
0
0
0
0
0
0
0
0
0
0
0
0
0
0
0
0
0
0
0
0
0
0
0
0
0
0
0
0
0
0
0
0
0
0
0
0
0
0
0
0
0
0
0
0
0
0
0
0
0
0
0
0
0
0
0
0
0
0
0
0
0
0
0
0
0
0
0
0
0
0
0
0
0
0
0
0
0
0
0
0
0
0
0
0
0
0
0
0
0
0
0
0
0
0
0
0
0
0
0
0
0
0
0
0
0
0
0
0
0
0
0
0
0
0
0
0
0
0
0
0
0
0
0
0
0
0
0
0
0
0
0
0
0
0
0
0
0
0
0
0
0
0
0
0
0
0
0
0
0
0
0
0
0
0
0
0
0
0
0
0
0
0
0
0
0
0
0
0
0
0
0
0
0
0
0
0
0
0
0
0
0
0
0
0
0
0
0
0
0
0
0
0
0
0
0
0
0
0
0
0
0
0
0
0
0
0
0
0
0
0
0
0
0
0
0
0
0
0
0
0
0
0
0
0
0
0
0
0
0
0
0
0
0
0
0
0
0
0
0
0
0
0
0
0
0
0
0
0
0
0
0
0
0
0
0
0
0
0
0
0
0
0
0
0
0
0
0
0
0
0
0
0
0
0
0
0
0
0
0
0
0
0
0
0
0
0
0
0
0
0
0
0
0
0
0
0
0
0
0
0
0
0
0
0
0
0
0
0
0
0
0
0
0
0
0
0
0
0
0
0
0
0
0
0
0
0
0
0
0
0
0
0
0
0
0
0
0
0
0
0
0
0
0
0
0
0
0
0
0
0
0
0
0
$MCA_CAL:
3
-1.4656616 2.9313233 0.00000000000000
$ENER_FIT:
-1.4656616 2.9313233 0.00000000000000
$MCA_CAL_DATA:
3
298 872
597 1749
896 2625
$CAMBIO:
Parent file specification: C:\GADRAS-DRF\Temp\152EU_125.0_112.5_lead_0.51_6.0.pcf
Successful read of spectrum: Yes
Error message: None
Warning: None
Information: None
Neutrons: 0
Number of spectral records in the parent file: 1
Record number of this spectrum in the parent file: 1
Date and time of acquisition read successfully from the original file: Yes
Live time read successfully from the original file: Yes
True time read successfully from the original file: Yes
GADRAS Tag character is:  
Version: 130122
Parent file type: Sandia GADRAS PCF
