$SPEC_ID:
152EU,1uC{13,4.18}
$MEAS_TIM:
3600.00 3600.00
$DATE_MEA:
3/9/2018 5:22:25 PM
$DATA:
0 1193
127.523
141.651
139.444
202.886
166.990
137.544
115.641
98.251
87.966
81.052
84.422
103.259
137.634
157.584
139.389
111.404
91.773
83.243
84.136
90.093
97.200
104.751
110.491
113.118
115.532
118.500
120.429
121.283
120.443
118.541
116.542
115.019
114.051
113.159
113.202
114.327
117.003
121.372
126.985
133.052
136.554
133.860
123.249
107.940
92.476
80.508
73.032
69.605
69.009
69.726
70.889
72.144
72.984
73.117
72.663
71.825
70.819
69.767
68.720
67.624
66.407
64.997
63.334
61.380
59.213
56.998
54.916
53.136
51.579
50.044
48.518
47.102
45.832
44.701
43.714
42.889
42.273
41.955
41.951
42.110
42.254
42.200
41.774
40.906
39.591
37.884
35.924
33.858
31.833
29.990
28.390
27.024
25.880
24.954
24.238
23.687
23.224
22.787
22.361
21.944
21.543
21.168
20.836
20.581
20.454
20.498
20.747
21.235
21.993
23.053
24.445
26.121
27.932
29.723
31.293
32.405
32.829
32.499
31.473
29.814
27.648
25.144
22.473
19.796
17.266
15.031
13.162
11.643
10.457
9.574
8.943
8.513
8.236
8.076
8.000
7.975
7.981
8.002
8.023
8.034
8.034
8.017
7.983
7.938
7.886
7.833
7.777
7.718
7.649
7.569
7.473
7.358
7.220
7.060
6.883
6.693
6.495
6.297
6.104
5.926
5.765
5.624
5.501
5.399
5.313
5.242
5.180
5.125
5.074
5.027
4.981
4.936
4.890
4.846
4.803
4.762
4.723
4.686
4.651
4.620
4.592
4.568
4.550
4.538
4.530
4.524
4.518
4.511
4.501
4.488
4.473
4.455
4.434
4.408
4.379
4.344
4.305
4.261
4.216
4.168
4.119
4.071
4.022
3.974
3.928
3.883
3.841
3.801
3.766
3.734
3.706
3.681
3.661
3.644
3.631
3.622
3.616
3.614
3.615
3.619
3.626
3.635
3.646
3.658
3.671
3.684
3.695
3.706
3.714
3.720
3.723
3.723
3.719
3.711
3.700
3.686
3.670
3.651
3.631
3.610
3.591
3.575
3.562
3.555
3.556
3.566
3.589
3.624
3.674
3.737
3.815
3.908
4.016
4.135
4.265
4.402
4.544
4.688
4.829
4.962
5.083
5.184
5.263
5.315
5.341
5.339
5.308
5.248
5.160
5.047
4.913
4.762
4.598
4.425
4.247
4.070
3.897
3.732
3.581
3.446
3.326
3.221
3.131
3.055
2.994
2.946
2.908
2.880
2.859
2.843
2.831
2.821
2.810
2.797
2.780
2.757
2.728
2.695
2.657
2.617
2.576
2.535
2.495
2.458
2.425
2.398
2.379
2.368
2.367
2.375
2.395
2.425
2.467
2.520
2.584
2.657
2.737
2.822
2.911
3.002
3.093
3.180
3.260
3.332
3.392
3.438
3.469
3.485
3.484
3.467
3.432
3.379
3.310
3.227
3.133
3.029
2.917
2.800
2.681
2.561
2.443
2.329
2.223
2.126
2.041
1.967
1.907
1.860
1.828
1.811
1.810
1.825
1.855
1.900
1.958
2.030
2.114
2.211
2.318
2.433
2.555
2.682
2.813
2.945
3.078
3.206
3.330
3.445
3.550
3.642
3.719
3.780
3.825
3.853
3.863
3.855
3.827
3.781
3.718
3.639
3.546
3.439
3.322
3.194
3.058
2.915
2.768
2.617
2.466
2.315
2.166
2.021
1.881
1.746
1.618
1.498
1.386
1.283
1.190
1.105
1.028
0.959
0.897
0.842
0.793
0.749
0.709
0.675
0.644
0.617
0.593
0.571
0.552
0.534
0.518
0.503
0.490
0.478
0.466
0.455
0.444
0.434
0.425
0.416
0.407
0.399
0.392
0.385
0.379
0.374
0.369
0.365
0.361
0.358
0.355
0.353
0.352
0.351
0.351
0.351
0.352
0.354
0.356
0.360
0.365
0.371
0.379
0.389
0.401
0.415
0.432
0.453
0.476
0.503
0.534
0.569
0.608
0.652
0.700
0.752
0.807
0.866
0.928
0.993
1.061
1.131
1.202
1.274
1.344
1.413
1.480
1.543
1.602
1.657
1.705
1.748
1.783
1.810
1.829
1.839
1.840
1.831
1.813
1.787
1.753
1.711
1.663
1.608
1.548
1.482
1.412
1.339
1.263
1.187
1.109
1.032
0.956
0.882
0.810
0.740
0.674
0.610
0.550
0.494
0.442
0.394
0.351
0.311
0.275
0.243
0.214
0.188
0.165
0.144
0.127
0.111
0.098
0.086
0.076
0.068
0.061
0.054
0.049
0.044
0.040
0.036
0.033
0.030
0.028
0.026
0.024
0.022
0.020
0.019
0.017
0.016
0.015
0.014
0.013
0.012
0.011
0.010
0.009
0.008
0.008
0.007
0.006
0.006
0.005
0.005
0.005
0.004
0.004
0.004
0.003
0.003
0.003
0.003
0.003
0.002
0.002
0.002
0.002
0.002
0.002
0.002
0.002
0.002
0.002
0.002
0.002
0.002
0.002
0.001
0.001
0.001
0.001
0.001
0.001
0.001
0.001
0.001
0.001
0.001
0.001
0.001
0.001
0.001
0.001
0.001
0.001
0.001
0.001
0.001
0.001
0.001
0.001
0.001
0.001
0.001
0.001
0.001
0.001
0.001
0.001
0.001
0.001
0.001
0.001
0.001
0.001
0.001
0.001
0.001
0.001
0.000
0.000
0.000
0.000
0.000
0.000
0.000
0.000
0.000
0.000
0.000
0.000
0.000
0.000
0.000
0.000
0.000
0.000
0.000
0.000
0.000
0.000
0.000
0.000
0.000
0.000
0.000
0.000
0.000
0.000
0.000
0.000
0.000
0.000
0.000
0.000
0.000
0.000
0.000
0.000
0.000
0.000
0.000
0.000
0.000
0.000
0.000
0.000
0.000
0.000
0.000
0.000
0.000
0.000
0.000
0.000
0.000
0.000
0.000
0.000
0.000
0.000
0.000
0.000
-0.000
-0.000
-0.000
-0.000
-0.000
-0.000
-0.000
-0.000
-0.000
-0.000
0.000
0.000
0.000
0.000
0.000
0.000
0.000
0.000
0.000
0.000
0.000
-0.000
-0.000
-0.000
-0.000
-0.000
-0.000
-0.000
-0.000
-0.000
-0.000
0.000
0.000
0.000
0.000
0.000
0.000
0
0
0
0
0
0
0
0
0
0
0
0
0
0
0
0
0
0
0
0
0
0
0
0
0
0
0
0
0
0
0
0
0
0
0
0
0
0
0
0
0
0
0
0
0
0
0
0
0
0
0
0
0
0
0
0
0
0
0
0
0
0
0
0
0
0
0
0
0
0
0
0
0
0
0
0
0
0
0
0
0
0
0
0
0
0
0
0
0
0
0
0
0
0
0
0
0
0
0
0
0
0
0
0
0
0
0
0
0
0
0
0
0
0
0
0
0
0
0
0
0
0
0
0
0
0
0
0
0
0
0
0
0
0
0
0
0
0
0
0
0
0
0
0
0
0
0
0
0
0
0
0
0
0
0
0
0
0
0
0
0
0
0
0
0
0
0
0
0
0
0
0
0
0
0
0
0
0
0
0
0
0
0
0
0
0
0
0
0
0
0
0
0
0
0
0
0
0
0
0
0
0
0
0
0
0
0
0
0
0
0
0
0
0
0
0
0
0
0
0
0
0
0
0
0
0
0
0
0
0
0
0
0
0
0
0
0
0
0
0
0
0
0
0
0
0
0
0
0
0
0
0
0
0
0
0
0
0
0
0
0
0
0
0
0
0
0
0
0
0
0
0
0
0
0
0
0
0
0
0
0
0
0
0
0
0
0
0
0
0
0
0
0
0
0
0
0
0
0
0
0
0
0
0
0
0
0
0
0
0
0
0
0
0
0
0
0
0
0
0
0
0
0
0
0
0
0
0
0
0
0
0
0
0
0
0
0
0
0
0
0
0
0
0
0
0
0
0
0
0
0
0
0
0
0
0
0
0
0
0
0
0
0
0
0
0
0
0
0
0
0
0
0
0
0
0
0
0
0
0
0
0
0
0
0
0
0
0
0
0
0
0
0
0
0
0
0
0
0
0
0
0
0
0
0
0
0
0
0
0
0
0
0
0
0
0
0
0
0
0
0
0
0
0
0
0
0
0
0
0
0
0
0
0
0
0
0
0
0
0
0
0
0
0
0
0
0
0
0
0
0
0
0
0
0
0
0
0
0
0
0
0
0
0
0
0
0
0
0
0
0
0
0
0
0
0
0
0
$MCA_CAL:
3
-1.4656616 2.9313233 0.00000000000000
$ENER_FIT:
-1.4656616 2.9313233 0.00000000000000
$MCA_CAL_DATA:
3
298 872
597 1749
896 2625
$CAMBIO:
Parent file specification: C:\GADRAS-DRF\Temp\152EU_125.0_300.0_alum_4.18_8.5.pcf
Successful read of spectrum: Yes
Error message: None
Warning: None
Information: None
Neutrons: 0
Number of spectral records in the parent file: 1
Record number of this spectrum in the parent file: 1
Date and time of acquisition read successfully from the original file: Yes
Live time read successfully from the original file: Yes
True time read successfully from the original file: Yes
GADRAS Tag character is:  
Version: 130122
Parent file type: Sandia GADRAS PCF
