$SPEC_ID:
152EU,1uC{13,7.49}
$MEAS_TIM:
3600.00 3600.00
$DATE_MEA:
3/9/2018 5:22:25 PM
$DATA:
0 1193
88.403
94.565
88.555
169.092
142.086
118.875
100.141
85.822
76.684
69.254
66.215
66.866
73.794
81.184
78.334
75.300
72.585
73.404
78.918
86.283
93.793
101.817
107.926
108.585
109.480
111.179
112.884
113.665
112.217
109.949
108.340
107.391
106.855
105.874
105.568
105.679
106.058
107.287
109.821
115.737
121.801
120.879
109.061
92.002
77.144
68.619
65.430
64.747
65.471
66.722
68.135
69.384
69.997
69.685
68.714
67.409
66.075
64.899
63.879
62.951
61.938
60.667
59.160
57.364
55.303
53.262
51.477
49.994
48.590
47.229
45.960
44.760
43.598
42.435
41.193
39.927
38.898
38.288
38.166
38.369
38.701
38.994
38.933
38.124
36.570
34.473
32.107
29.760
27.704
26.077
24.806
23.791
22.926
22.193
21.643
21.235
20.865
20.497
20.141
19.785
19.406
19.002
18.589
18.183
17.804
17.479
17.242
17.166
17.373
17.978
19.074
20.712
22.805
25.204
27.541
29.382
30.375
30.237
28.909
26.631
23.698
20.483
17.362
14.579
12.315
10.627
9.414
8.570
8.002
7.625
7.381
7.236
7.162
7.147
7.181
7.250
7.339
7.430
7.500
7.527
7.504
7.442
7.354
7.255
7.165
7.097
7.057
7.052
7.067
7.074
7.048
6.978
6.858
6.687
6.479
6.246
6.004
5.772
5.568
5.398
5.264
5.165
5.095
5.046
5.010
4.982
4.955
4.925
4.890
4.851
4.807
4.760
4.712
4.662
4.614
4.568
4.526
4.487
4.450
4.416
4.387
4.364
4.349
4.341
4.336
4.332
4.327
4.322
4.318
4.314
4.306
4.294
4.275
4.249
4.217
4.179
4.136
4.089
4.039
3.988
3.937
3.886
3.836
3.787
3.740
3.696
3.655
3.618
3.585
3.557
3.532
3.510
3.489
3.472
3.457
3.445
3.437
3.432
3.429
3.429
3.432
3.438
3.446
3.458
3.471
3.487
3.503
3.519
3.533
3.544
3.551
3.553
3.549
3.540
3.524
3.502
3.476
3.445
3.411
3.373
3.333
3.292
3.251
3.214
3.183
3.160
3.146
3.142
3.150
3.170
3.207
3.265
3.347
3.456
3.590
3.749
3.931
4.131
4.340
4.550
4.751
4.933
5.086
5.199
5.262
5.269
5.223
5.127
4.984
4.799
4.582
4.343
4.094
3.844
3.601
3.372
3.165
2.985
2.834
2.711
2.615
2.545
2.498
2.473
2.464
2.468
2.484
2.507
2.535
2.565
2.595
2.620
2.638
2.646
2.641
2.621
2.589
2.546
2.491
2.427
2.357
2.283
2.208
2.134
2.064
2.001
1.947
1.906
1.877
1.863
1.865
1.883
1.918
1.971
2.041
2.127
2.230
2.347
2.476
2.614
2.758
2.904
3.048
3.183
3.302
3.399
3.469
3.511
3.522
3.502
3.448
3.363
3.250
3.116
2.964
2.799
2.626
2.451
2.278
2.112
1.957
1.816
1.690
1.579
1.483
1.405
1.342
1.295
1.264
1.247
1.244
1.256
1.282
1.322
1.378
1.449
1.534
1.634
1.748
1.877
2.020
2.174
2.338
2.508
2.684
2.860
3.035
3.203
3.360
3.501
3.622
3.722
3.797
3.847
3.869
3.861
3.825
3.762
3.673
3.561
3.426
3.273
3.105
2.925
2.738
2.547
2.357
2.168
1.985
1.809
1.643
1.489
1.347
1.219
1.104
1.003
0.916
0.842
0.779
0.727
0.683
0.646
0.615
0.589
0.567
0.548
0.534
0.522
0.512
0.503
0.496
0.488
0.481
0.472
0.463
0.453
0.442
0.431
0.419
0.407
0.395
0.383
0.372
0.361
0.351
0.342
0.334
0.327
0.322
0.318
0.316
0.314
0.314
0.314
0.316
0.317
0.319
0.321
0.323
0.324
0.324
0.323
0.321
0.318
0.315
0.311
0.306
0.301
0.296
0.293
0.290
0.290
0.293
0.298
0.308
0.322
0.342
0.369
0.402
0.443
0.491
0.548
0.612
0.685
0.766
0.855
0.950
1.050
1.154
1.260
1.367
1.473
1.576
1.673
1.761
1.839
1.904
1.954
1.989
2.009
2.012
1.999
1.969
1.922
1.860
1.786
1.700
1.606
1.504
1.398
1.288
1.177
1.067
0.960
0.856
0.759
0.668
0.584
0.507
0.437
0.374
0.319
0.271
0.230
0.194
0.164
0.138
0.117
0.099
0.085
0.073
0.063
0.056
0.050
0.045
0.041
0.038
0.036
0.034
0.032
0.031
0.029
0.028
0.027
0.025
0.024
0.023
0.022
0.020
0.019
0.018
0.016
0.015
0.014
0.013
0.011
0.010
0.009
0.008
0.007
0.007
0.006
0.005
0.005
0.004
0.004
0.003
0.003
0.003
0.003
0.002
0.002
0.002
0.002
0.002
0.002
0.002
0.002
0.002
0.002
0.002
0.002
0.002
0.002
0.002
0.002
0.001
0.001
0.001
0.001
0.001
0.001
0.001
0.001
0.001
0.001
0.001
0.001
0.001
0.001
0.001
0.001
0.001
0.001
0.001
0.001
0.001
0.001
0.001
0.001
0.001
0.001
0.001
0.001
0.001
0.001
0.001
0.001
0.001
0.001
0.001
0.001
0.001
0.001
0.001
0.001
0.001
0.001
0.001
0.001
0.001
0.001
0.001
0.000
0.000
0.000
0.000
0.000
0.000
0.000
0.000
0.000
0.000
0.000
0.000
0.000
0.000
0.000
0.000
0.000
0.000
0.000
0.000
0.000
0.000
0.000
0.000
0.000
0.000
0.000
0.000
0.000
0.000
0.000
0.000
0.000
0.000
0.000
0.000
0.000
0.000
0.000
0.000
0.000
0.000
0.000
0.000
0.000
0.000
0.000
0.000
0.000
-0.000
-0.000
-0.000
-0.000
-0.000
-0.000
-0.000
0.000
0.000
0.000
0.000
0.000
0.000
0.000
0.000
-0.000
-0.000
-0.000
-0.000
-0.000
-0.000
-0.000
-0.000
0.000
0.000
0.000
0.000
0
0
0
0
0
0
0
0
0
0
0
0
0
0
0
0
0
0
0
0
0
0
0
0
0
0
0
0
0
0
0
0
0
0
0
0
0
0
0
0
0
0
0
0
0
0
0
0
0
0
0
0
0
0
0
0
0
0
0
0
0
0
0
0
0
0
0
0
0
0
0
0
0
0
0
0
0
0
0
0
0
0
0
0
0
0
0
0
0
0
0
0
0
0
0
0
0
0
0
0
0
0
0
0
0
0
0
0
0
0
0
0
0
0
0
0
0
0
0
0
0
0
0
0
0
0
0
0
0
0
0
0
0
0
0
0
0
0
0
0
0
0
0
0
0
0
0
0
0
0
0
0
0
0
0
0
0
0
0
0
0
0
0
0
0
0
0
0
0
0
0
0
0
0
0
0
0
0
0
0
0
0
0
0
0
0
0
0
0
0
0
0
0
0
0
0
0
0
0
0
0
0
0
0
0
0
0
0
0
0
0
0
0
0
0
0
0
0
0
0
0
0
0
0
0
0
0
0
0
0
0
0
0
0
0
0
0
0
0
0
0
0
0
0
0
0
0
0
0
0
0
0
0
0
0
0
0
0
0
0
0
0
0
0
0
0
0
0
0
0
0
0
0
0
0
0
0
0
0
0
0
0
0
0
0
0
0
0
0
0
0
0
0
0
0
0
0
0
0
0
0
0
0
0
0
0
0
0
0
0
0
0
0
0
0
0
0
0
0
0
0
0
0
0
0
0
0
0
0
0
0
0
0
0
0
0
0
0
0
0
0
0
0
0
0
0
0
0
0
0
0
0
0
0
0
0
0
0
0
0
0
0
0
0
0
0
0
0
0
0
0
0
0
0
0
0
0
0
0
0
0
0
0
0
0
0
0
0
0
0
0
0
0
0
0
0
0
0
0
0
0
0
0
0
0
0
0
0
0
0
0
0
0
0
0
0
0
0
0
0
0
0
0
0
0
0
0
0
0
0
0
0
0
0
0
0
0
0
0
0
0
0
0
0
0
0
0
0
0
0
0
0
0
0
0
0
0
0
0
0
0
0
0
0
0
0
0
0
0
0
0
0
0
0
0
0
0
0
0
0
0
0
0
0
0
0
0
0
0
0
0
0
0
0
0
0
0
0
0
0
0
0
0
0
0
$MCA_CAL:
3
-1.4656616 2.9313233 0.00000000000000
$ENER_FIT:
-1.4656616 2.9313233 0.00000000000000
$MCA_CAL_DATA:
3
298 872
597 1749
896 2625
$CAMBIO:
Parent file specification: C:\GADRAS-DRF\Temp\152EU_150.0_300.0_alum_7.49_6.5.pcf
Successful read of spectrum: Yes
Error message: None
Warning: None
Information: None
Neutrons: 0
Number of spectral records in the parent file: 1
Record number of this spectrum in the parent file: 1
Date and time of acquisition read successfully from the original file: Yes
Live time read successfully from the original file: Yes
True time read successfully from the original file: Yes
GADRAS Tag character is:  
Version: 130122
Parent file type: Sandia GADRAS PCF
