$SPEC_ID:
152EU,1uC{82,0.92}
$MEAS_TIM:
3600.00 3600.00
$DATE_MEA:
3/9/2018 5:22:25 PM
$DATA:
0 1193
268.173
255.643
236.964
223.378
197.773
172.722
150.833
133.578
120.048
108.078
101.389
95.484
89.455
85.272
82.833
81.494
81.064
82.118
85.171
89.103
93.811
98.831
101.420
101.433
99.219
97.413
96.274
95.716
95.245
94.684
94.347
94.338
94.617
95.004
95.595
96.495
97.795
99.754
102.456
105.604
108.283
109.087
107.812
104.968
101.975
101.133
102.026
104.330
108.710
113.681
118.263
122.411
125.019
125.486
124.297
122.137
119.635
117.154
114.843
112.665
110.353
107.668
104.663
101.440
98.114
94.975
92.424
90.411
88.660
87.103
85.740
84.516
83.382
82.374
81.569
81.111
81.153
81.806
83.123
84.894
86.787
88.220
88.520
87.352
84.627
80.546
75.641
70.441
65.431
61.031
57.377
54.508
52.334
50.671
49.366
48.334
47.494
46.767
46.070
45.364
44.655
43.968
43.379
42.985
42.927
43.405
44.627
46.828
50.250
55.045
61.129
68.374
76.350
84.325
91.538
97.180
100.404
100.558
97.762
92.325
84.713
75.721
66.203
56.876
48.249
40.801
34.765
30.049
26.533
24.061
22.427
21.424
20.886
20.699
20.753
20.957
21.248
21.564
21.857
22.103
22.280
22.374
22.403
22.387
22.347
22.295
22.236
22.179
22.106
21.988
21.790
21.492
21.094
20.595
20.000
19.338
18.643
17.952
17.293
16.689
16.160
15.722
15.371
15.092
14.874
14.704
14.567
14.452
14.344
14.238
14.131
14.021
13.905
13.788
13.674
13.567
13.470
13.382
13.303
13.234
13.176
13.134
13.112
13.111
13.125
13.148
13.170
13.185
13.190
13.188
13.176
13.154
13.119
13.067
12.992
12.892
12.771
12.634
12.486
12.330
12.170
12.007
11.844
11.681
11.524
11.374
11.235
11.112
11.003
10.908
10.826
10.756
10.698
10.653
10.622
10.608
10.609
10.625
10.654
10.693
10.740
10.795
10.858
10.927
11.000
11.078
11.154
11.226
11.287
11.335
11.369
11.388
11.392
11.382
11.357
11.318
11.266
11.200
11.121
11.034
10.948
10.870
10.807
10.768
10.758
10.786
10.857
10.980
11.160
11.398
11.699
12.064
12.495
12.989
13.535
14.121
14.735
15.365
15.994
16.596
17.149
17.628
18.011
18.285
18.443
18.479
18.385
18.156
17.803
17.341
16.790
16.168
15.494
14.786
14.065
13.353
12.670
12.035
11.462
10.952
10.508
10.134
9.830
9.597
9.424
9.303
9.224
9.178
9.155
9.148
9.147
9.145
9.133
9.103
9.053
8.981
8.888
8.774
8.638
8.483
8.314
8.140
7.966
7.801
7.651
7.523
7.422
7.355
7.329
7.350
7.421
7.542
7.711
7.926
8.188
8.493
8.835
9.205
9.594
9.991
10.389
10.776
11.142
11.476
11.763
11.994
12.157
12.244
12.255
12.194
12.059
11.855
11.580
11.243
10.853
10.421
9.960
9.478
8.989
8.501
8.024
7.567
7.139
6.748
6.405
6.114
5.876
5.695
5.571
5.507
5.504
5.564
5.682
5.858
6.088
6.373
6.709
7.093
7.518
7.978
8.469
8.984
9.517
10.060
10.604
11.138
11.651
12.133
12.574
12.964
13.297
13.570
13.775
13.909
13.966
13.943
13.839
13.663
13.419
13.112
12.746
12.329
11.865
11.363
10.828
10.269
9.692
9.104
8.514
7.926
7.350
6.789
6.253
5.747
5.279
4.851
4.463
4.111
3.793
3.507
3.250
3.022
2.818
2.637
2.478
2.338
2.216
2.110
2.017
1.936
1.866
1.803
1.748
1.698
1.651
1.605
1.562
1.520
1.480
1.442
1.405
1.370
1.337
1.305
1.275
1.248
1.222
1.199
1.179
1.161
1.146
1.133
1.122
1.113
1.106
1.100
1.096
1.093
1.092
1.091
1.093
1.095
1.099
1.105
1.114
1.126
1.143
1.166
1.197
1.235
1.283
1.342
1.412
1.496
1.595
1.710
1.842
1.993
2.163
2.351
2.555
2.775
3.011
3.262
3.526
3.802
4.085
4.372
4.659
4.942
5.217
5.480
5.728
5.957
6.163
6.345
6.496
6.616
6.699
6.744
6.749
6.717
6.648
6.545
6.409
6.243
6.047
5.824
5.577
5.311
5.031
4.738
4.439
4.137
3.836
3.539
3.249
2.967
2.694
2.434
2.187
1.957
1.743
1.548
1.369
1.207
1.060
0.928
0.811
0.707
0.615
0.535
0.466
0.407
0.356
0.313
0.276
0.244
0.217
0.193
0.173
0.156
0.142
0.130
0.119
0.110
0.102
0.095
0.088
0.082
0.076
0.071
0.066
0.061
0.057
0.053
0.049
0.045
0.041
0.038
0.035
0.032
0.029
0.026
0.024
0.022
0.020
0.018
0.017
0.015
0.014
0.013
0.012
0.011
0.010
0.010
0.009
0.008
0.008
0.008
0.007
0.007
0.007
0.007
0.006
0.006
0.006
0.006
0.006
0.006
0.005
0.005
0.005
0.005
0.005
0.005
0.005
0.005
0.004
0.004
0.004
0.004
0.004
0.004
0.004
0.004
0.004
0.004
0.004
0.003
0.003
0.003
0.003
0.003
0.003
0.003
0.003
0.003
0.003
0.003
0.003
0.003
0.003
0.003
0.003
0.002
0.002
0.002
0.002
0.002
0.002
0.002
0.002
0.002
0.002
0.002
0.002
0.001
0.001
0.001
0.001
0.001
0.001
0.001
0.001
0.001
0.001
0.001
0.001
0.000
0.000
0.000
0.000
0.000
0.000
0.000
0.000
0.000
0.000
0.000
0.000
0.000
0.000
0.000
0.000
0.000
0.000
0.000
0.000
0.000
0.000
0.000
0.000
0.000
0.000
0.000
0.000
0.000
0.000
0.000
0.000
0.000
0.000
0.000
0.000
0.000
0.000
0.000
0.000
0.000
0.000
0.000
0.000
0.000
0.000
-0.000
-0.000
-0.000
-0.000
-0.000
-0.000
-0.000
-0.000
-0.000
0.000
0.000
0.000
0.000
0.000
0.000
0.000
0.000
0.000
0.000
0.000
0.000
0.000
0.000
0.000
0.000
0
0
0
0
0
0
0
0
0
0
0
0
0
0
0
0
0
0
0
0
0
0
0
0
0
0
0
0
0
0
0
0
0
0
0
0
0
0
0
0
0
0
0
0
0
0
0
0
0
0
0
0
0
0
0
0
0
0
0
0
0
0
0
0
0
0
0
0
0
0
0
0
0
0
0
0
0
0
0
0
0
0
0
0
0
0
0
0
0
0
0
0
0
0
0
0
0
0
0
0
0
0
0
0
0
0
0
0
0
0
0
0
0
0
0
0
0
0
0
0
0
0
0
0
0
0
0
0
0
0
0
0
0
0
0
0
0
0
0
0
0
0
0
0
0
0
0
0
0
0
0
0
0
0
0
0
0
0
0
0
0
0
0
0
0
0
0
0
0
0
0
0
0
0
0
0
0
0
0
0
0
0
0
0
0
0
0
0
0
0
0
0
0
0
0
0
0
0
0
0
0
0
0
0
0
0
0
0
0
0
0
0
0
0
0
0
0
0
0
0
0
0
0
0
0
0
0
0
0
0
0
0
0
0
0
0
0
0
0
0
0
0
0
0
0
0
0
0
0
0
0
0
0
0
0
0
0
0
0
0
0
0
0
0
0
0
0
0
0
0
0
0
0
0
0
0
0
0
0
0
0
0
0
0
0
0
0
0
0
0
0
0
0
0
0
0
0
0
0
0
0
0
0
0
0
0
0
0
0
0
0
0
0
0
0
0
0
0
0
0
0
0
0
0
0
0
0
0
0
0
0
0
0
0
0
0
0
0
0
0
0
0
0
0
0
0
0
0
0
0
0
0
0
0
0
0
0
0
0
0
0
0
0
0
0
0
0
0
0
0
0
0
0
0
0
0
0
0
0
0
0
0
0
0
0
0
0
0
0
0
0
0
0
0
0
0
0
0
0
0
0
0
0
0
0
0
0
0
0
0
0
0
0
0
0
0
0
0
0
0
0
0
0
0
0
0
0
0
0
0
0
0
0
0
0
0
0
0
0
0
0
0
0
0
0
0
0
0
0
0
0
0
0
0
0
0
0
0
0
0
0
0
0
0
0
0
0
0
0
0
0
0
0
0
0
0
0
0
0
0
0
0
0
0
0
0
0
0
0
0
0
0
0
0
$MCA_CAL:
3
-1.4656616 2.9313233 0.00000000000000
$ENER_FIT:
-1.4656616 2.9313233 0.00000000000000
$MCA_CAL_DATA:
3
298 872
597 1749
896 2625
$CAMBIO:
Parent file specification: C:\GADRAS-DRF\Temp\152EU_100.0_175.0_lead_0.92_8.0.pcf
Successful read of spectrum: Yes
Error message: None
Warning: None
Information: None
Neutrons: 0
Number of spectral records in the parent file: 1
Record number of this spectrum in the parent file: 1
Date and time of acquisition read successfully from the original file: Yes
Live time read successfully from the original file: Yes
True time read successfully from the original file: Yes
GADRAS Tag character is:  
Version: 130122
Parent file type: Sandia GADRAS PCF
