$SPEC_ID:
152EU,1uC{26,11.02}
$MEAS_TIM:
3600.00 3600.00
$DATE_MEA:
3/9/2018 5:22:25 PM
$DATA:
0 1193
628.063
587.374
547.949
938.713
790.353
691.401
606.286
534.081
476.676
426.349
396.718
371.336
349.245
332.859
321.274
313.107
306.868
304.451
306.798
312.367
323.523
336.828
348.112
354.887
360.832
368.053
379.698
393.552
407.093
426.943
451.537
477.054
499.779
513.576
528.061
546.819
575.341
615.464
664.083
717.808
761.048
773.762
745.638
693.635
635.650
586.057
555.791
543.836
542.702
545.577
549.141
552.515
553.982
552.915
550.792
548.994
548.483
549.061
550.247
551.879
553.696
555.289
556.181
555.877
554.342
551.882
548.910
545.889
542.747
539.148
535.007
530.392
525.585
521.033
517.826
517.581
521.134
528.176
538.096
549.751
561.632
570.852
574.341
570.703
559.624
541.842
519.627
495.371
471.551
450.562
433.479
420.209
410.534
404.006
400.108
398.119
397.108
396.321
395.565
394.826
394.137
393.639
393.557
394.709
398.294
405.286
415.873
430.063
448.167
471.226
500.279
534.606
571.130
606.680
637.522
659.528
668.695
663.920
646.257
616.841
577.928
532.441
483.385
433.859
387.113
346.289
312.688
285.733
264.739
248.999
237.716
230.108
225.397
222.910
221.974
221.950
222.458
223.187
223.843
224.256
224.375
224.136
223.537
222.662
221.627
220.517
219.310
217.934
216.296
214.339
211.998
209.237
206.015
202.366
198.388
194.160
189.792
185.414
181.181
177.228
173.654
170.469
167.693
165.340
163.358
161.677
160.210
158.890
157.664
156.501
155.360
154.219
153.079
151.947
150.842
149.776
148.749
147.772
146.845
145.987
145.199
144.495
143.897
143.399
142.973
142.579
142.180
141.741
141.247
140.701
140.087
139.404
138.641
137.800
136.865
135.833
134.706
133.510
132.257
130.956
129.642
128.318
126.999
125.698
124.436
123.217
122.051
120.956
119.936
119.000
118.148
117.391
116.716
116.132
115.641
115.233
114.908
114.660
114.492
114.389
114.343
114.345
114.392
114.466
114.546
114.628
114.688
114.711
114.686
114.610
114.467
114.252
113.954
113.586
113.143
112.632
112.067
111.444
110.798
110.153
109.543
108.989
108.524
108.195
108.038
108.097
108.414
109.030
109.952
111.192
112.760
114.667
116.909
119.436
122.197
125.125
128.164
131.245
134.268
137.102
139.625
141.709
143.248
144.166
144.457
144.114
143.115
141.447
139.142
136.275
132.936
129.211
125.197
120.977
116.654
112.337
108.130
104.142
100.473
97.182
94.256
91.691
89.475
87.606
86.067
84.823
83.831
83.056
82.452
81.973
81.585
81.235
80.877
80.462
79.948
79.286
78.477
77.554
76.542
75.475
74.375
73.288
72.232
71.255
70.383
69.660
69.110
68.776
68.669
68.798
69.184
69.832
70.763
71.967
73.422
75.081
76.912
78.865
80.913
83.002
85.076
87.060
88.891
90.510
91.837
92.828
93.451
93.704
93.558
93.013
92.045
90.658
88.877
86.762
84.371
81.745
78.948
76.026
73.044
70.052
67.120
64.303
61.667
59.263
57.145
55.329
53.828
52.666
51.857
51.420
51.366
51.693
52.383
53.430
54.814
56.532
58.560
60.888
63.460
66.239
69.188
72.257
75.415
78.602
81.785
84.879
87.841
90.596
93.098
95.270
97.077
98.499
99.507
100.101
100.247
99.945
99.164
97.925
96.260
94.208
91.794
89.069
86.056
82.804
79.342
75.724
71.995
68.188
64.361
60.547
56.800
53.139
49.597
46.197
42.965
39.922
37.098
34.510
32.156
30.023
28.095
26.359
24.796
23.396
22.141
21.021
20.020
19.134
18.343
17.641
17.013
16.449
15.941
15.479
15.063
14.681
14.330
14.002
13.692
13.395
13.112
12.842
12.587
12.346
12.118
11.907
11.709
11.526
11.359
11.207
11.069
10.948
10.840
10.749
10.672
10.611
10.566
10.534
10.519
10.517
10.531
10.561
10.611
10.689
10.801
10.950
11.145
11.390
11.691
12.056
12.491
13.004
13.600
14.289
15.076
15.969
16.973
18.088
19.307
20.627
22.039
23.537
25.121
26.779
28.506
30.282
32.087
33.893
35.684
37.433
39.122
40.721
42.222
43.593
44.818
45.883
46.762
47.443
47.898
48.122
48.089
47.820
47.319
46.606
45.688
44.583
43.303
41.856
40.263
38.541
36.718
34.810
32.845
30.845
28.833
26.828
24.856
22.926
21.051
19.237
17.498
15.842
14.277
12.817
11.468
10.232
9.102
8.074
7.143
6.305
5.552
4.881
4.286
3.761
3.302
2.902
2.556
2.256
1.999
1.777
1.585
1.417
1.272
1.145
1.036
0.942
0.861
0.791
0.728
0.672
0.621
0.574
0.532
0.492
0.456
0.423
0.392
0.363
0.336
0.310
0.286
0.263
0.242
0.222
0.203
0.186
0.171
0.156
0.144
0.132
0.121
0.112
0.103
0.096
0.089
0.083
0.078
0.073
0.069
0.065
0.062
0.059
0.056
0.054
0.052
0.050
0.048
0.047
0.046
0.044
0.043
0.042
0.041
0.040
0.039
0.038
0.037
0.036
0.036
0.035
0.034
0.033
0.032
0.032
0.031
0.030
0.030
0.029
0.028
0.028
0.027
0.027
0.026
0.026
0.025
0.025
0.024
0.024
0.023
0.022
0.022
0.021
0.021
0.020
0.020
0.019
0.019
0.018
0.017
0.017
0.016
0.015
0.015
0.014
0.013
0.013
0.012
0.011
0.011
0.010
0.009
0.009
0.008
0.007
0.007
0.006
0.006
0.005
0.005
0.004
0.004
0.004
0.003
0.003
0.003
0.002
0.002
0.002
0.002
0.001
0.001
0.001
0.001
0.001
0.001
0.001
0.000
0.000
0.000
0.000
0.000
0.000
0.000
0.000
0.000
0.000
0.000
0.000
0.000
0.000
0.000
0.000
0.000
0.000
0.000
0.000
0.000
0.000
0.000
0.000
0.000
0.000
0.000
0.000
0.000
0.000
0.000
0.000
0.000
-0.000
-0.000
-0.000
-0.000
-0.000
-0.000
-0.000
-0.000
-0.000
-0.000
0.000
0.000
0.000
0.000
0.000
0.000
0.000
0.000
0.000
0.000
0.000
-0.000
-0.000
-0.000
-0.000
-0.000
-0.000
-0.000
-0.000
-0.000
-0.000
0.000
0.000
0.000
0.000
0.000
0.000
0
0
0
0
0
0
0
0
0
0
0
0
0
0
0
0
0
0
0
0
0
0
0
0
0
0
0
0
0
0
0
0
0
0
0
0
0
0
0
0
0
0
0
0
0
0
0
0
0
0
0
0
0
0
0
0
0
0
0
0
0
0
0
0
0
0
0
0
0
0
0
0
0
0
0
0
0
0
0
0
0
0
0
0
0
0
0
0
0
0
0
0
0
0
0
0
0
0
0
0
0
0
0
0
0
0
0
0
0
0
0
0
0
0
0
0
0
0
0
0
0
0
0
0
0
0
0
0
0
0
0
0
0
0
0
0
0
0
0
0
0
0
0
0
0
0
0
0
0
0
0
0
0
0
0
0
0
0
0
0
0
0
0
0
0
0
0
0
0
0
0
0
0
0
0
0
0
0
0
0
0
0
0
0
0
0
0
0
0
0
0
0
0
0
0
0
0
0
0
0
0
0
0
0
0
0
0
0
0
0
0
0
0
0
0
0
0
0
0
0
0
0
0
0
0
0
0
0
0
0
0
0
0
0
0
0
0
0
0
0
0
0
0
0
0
0
0
0
0
0
0
0
0
0
0
0
0
0
0
0
0
0
0
0
0
0
0
0
0
0
0
0
0
0
0
0
0
0
0
0
0
0
0
0
0
0
0
0
0
0
0
0
0
0
0
0
0
0
0
0
0
0
0
0
0
0
0
0
0
0
0
0
0
0
0
0
0
0
0
0
0
0
0
0
0
0
0
0
0
0
0
0
0
0
0
0
0
0
0
0
0
0
0
0
0
0
0
0
0
0
0
0
0
0
0
0
0
0
0
0
0
0
0
0
0
0
0
0
0
0
0
0
0
0
0
0
0
0
0
0
0
0
0
0
0
0
0
0
0
0
0
0
0
0
0
0
0
0
0
0
0
0
0
0
0
0
0
0
0
0
0
0
0
0
0
0
0
0
0
0
0
0
0
0
0
0
0
0
0
0
0
0
0
0
0
0
0
0
0
0
0
0
0
0
0
0
0
0
0
0
0
0
0
0
0
0
0
0
0
0
0
0
0
0
0
0
0
0
0
0
0
0
0
0
0
0
0
0
$MCA_CAL:
3
-1.4656616 2.9313233 0.00000000000000
$ENER_FIT:
-1.4656616 2.9313233 0.00000000000000
$MCA_CAL_DATA:
3
298 872
597 1749
896 2625
$CAMBIO:
Parent file specification: C:\GADRAS-DRF\Temp\152EU_150.0_50.0_iron_11.02_8.5.pcf
Successful read of spectrum: Yes
Error message: None
Warning: None
Information: None
Neutrons: 0
Number of spectral records in the parent file: 1
Record number of this spectrum in the parent file: 1
Date and time of acquisition read successfully from the original file: Yes
Live time read successfully from the original file: Yes
True time read successfully from the original file: Yes
GADRAS Tag character is:  
Version: 130122
Parent file type: Sandia GADRAS PCF
