$SPEC_ID:
152EU,1uC{13,4.18}
$MEAS_TIM:
3600.00 3600.00
$DATE_MEA:
3/9/2018 5:22:25 PM
$DATA:
0 1193
337.910
365.297
361.664
480.583
433.122
356.232
299.064
253.247
225.907
208.838
222.644
283.395
385.072
440.032
390.138
306.855
246.120
217.662
215.852
229.111
246.172
264.252
278.526
285.203
292.834
300.487
306.077
308.369
307.669
305.163
303.087
303.027
303.914
304.607
305.973
309.099
316.283
328.218
343.345
359.044
367.340
359.541
332.286
292.076
249.724
215.290
192.125
179.179
174.045
173.672
174.765
175.803
176.208
175.577
173.866
171.613
169.254
167.028
164.999
163.097
161.142
158.917
156.273
153.124
149.571
145.811
142.066
138.564
135.286
132.044
128.808
125.713
122.864
120.300
118.087
116.391
115.382
115.030
115.217
115.692
116.056
115.905
114.878
112.638
109.211
104.868
99.902
94.648
89.442
84.550
80.191
76.531
73.558
71.217
69.419
68.026
66.897
65.939
65.082
64.276
63.534
62.891
62.404
62.192
62.386
63.094
64.382
66.312
68.934
72.281
76.379
81.092
85.997
90.660
94.624
97.416
98.554
97.744
95.134
90.933
85.397
78.912
71.905
64.789
57.911
51.577
46.086
41.558
37.914
35.070
32.931
31.383
30.303
29.577
29.115
28.844
28.691
28.597
28.526
28.447
28.332
28.174
27.982
27.766
27.532
27.278
27.004
26.707
26.382
26.023
25.618
25.163
24.657
24.106
23.514
22.889
22.245
21.600
20.972
20.376
19.821
19.313
18.858
18.461
18.115
17.809
17.533
17.280
17.044
16.824
16.615
16.415
16.222
16.034
15.852
15.675
15.504
15.341
15.188
15.048
14.920
14.806
14.704
14.613
14.533
14.460
14.390
14.322
14.250
14.174
14.091
13.999
13.894
13.779
13.653
13.518
13.374
13.226
13.072
12.914
12.754
12.593
12.432
12.273
12.119
11.970
11.830
11.699
11.577
11.465
11.363
11.273
11.193
11.124
11.068
11.025
10.994
10.975
10.966
10.966
10.972
10.982
10.998
11.016
11.035
11.055
11.074
11.090
11.101
11.107
11.104
11.091
11.070
11.041
11.006
10.965
10.921
10.875
10.828
10.784
10.746
10.714
10.694
10.691
10.711
10.758
10.838
10.955
11.108
11.297
11.522
11.783
12.078
12.401
12.745
13.103
13.467
13.830
14.183
14.512
14.807
15.055
15.246
15.367
15.417
15.398
15.310
15.153
14.929
14.641
14.298
13.911
13.490
13.044
12.584
12.119
11.658
11.211
10.787
10.396
10.046
9.738
9.469
9.237
9.039
8.872
8.734
8.621
8.527
8.448
8.381
8.319
8.259
8.198
8.135
8.068
7.994
7.913
7.823
7.727
7.628
7.530
7.437
7.352
7.280
7.224
7.186
7.169
7.175
7.208
7.271
7.363
7.482
7.625
7.791
7.976
8.178
8.394
8.617
8.841
9.061
9.269
9.460
9.628
9.768
9.877
9.951
9.987
9.981
9.930
9.833
9.695
9.518
9.308
9.070
8.807
8.524
8.227
7.922
7.615
7.314
7.024
6.752
6.503
6.282
6.090
5.931
5.808
5.723
5.681
5.681
5.723
5.804
5.924
6.081
6.274
6.499
6.755
7.038
7.341
7.662
7.994
8.335
8.677
9.018
9.350
9.667
9.962
10.231
10.465
10.660
10.812
10.919
10.982
10.999
10.972
10.898
10.778
10.614
10.408
10.163
9.884
9.574
9.238
8.877
8.497
8.103
7.697
7.287
6.875
6.468
6.069
5.683
5.312
4.958
4.621
4.303
4.004
3.725
3.467
3.232
3.016
2.820
2.643
2.482
2.338
2.208
2.092
1.989
1.897
1.816
1.743
1.678
1.619
1.566
1.517
1.473
1.431
1.393
1.358
1.326
1.296
1.268
1.241
1.217
1.194
1.173
1.153
1.136
1.120
1.105
1.093
1.082
1.074
1.067
1.062
1.059
1.058
1.059
1.062
1.068
1.077
1.090
1.107
1.128
1.155
1.186
1.223
1.267
1.318
1.377
1.444
1.521
1.607
1.704
1.812
1.929
2.057
2.193
2.339
2.493
2.656
2.826
3.002
3.184
3.368
3.553
3.737
3.918
4.093
4.262
4.421
4.570
4.706
4.827
4.932
5.019
5.086
5.131
5.154
5.152
5.129
5.083
5.017
4.931
4.827
4.705
4.566
4.412
4.244
4.064
3.876
3.680
3.479
3.275
3.071
2.868
2.668
2.472
2.281
2.096
1.918
1.747
1.586
1.434
1.293
1.163
1.042
0.932
0.831
0.740
0.656
0.581
0.514
0.454
0.401
0.354
0.312
0.276
0.245
0.217
0.193
0.173
0.154
0.138
0.124
0.112
0.102
0.092
0.084
0.077
0.071
0.066
0.060
0.056
0.051
0.047
0.044
0.040
0.037
0.034
0.032
0.029
0.027
0.025
0.023
0.021
0.019
0.018
0.016
0.015
0.014
0.013
0.012
0.011
0.010
0.010
0.009
0.008
0.008
0.007
0.007
0.007
0.006
0.006
0.006
0.006
0.005
0.005
0.005
0.005
0.005
0.005
0.004
0.004
0.004
0.004
0.004
0.004
0.004
0.004
0.004
0.004
0.004
0.003
0.003
0.003
0.003
0.003
0.003
0.003
0.003
0.003
0.003
0.003
0.003
0.003
0.003
0.003
0.002
0.002
0.002
0.002
0.002
0.002
0.002
0.002
0.002
0.002
0.002
0.002
0.002
0.002
0.002
0.001
0.001
0.001
0.001
0.001
0.001
0.001
0.001
0.001
0.001
0.001
0.001
0.001
0.001
0.001
0.001
0.000
0.000
0.000
0.000
0.000
0.000
0.000
0.000
0.000
0.000
0.000
0.000
0.000
0.000
0.000
0.000
0.000
0.000
0.000
0.000
0.000
0.000
0.000
0.000
0.000
0.000
0.000
0.000
0.000
0.000
0.000
0.000
0.000
0.000
0.000
0.000
0.000
0.000
0.000
0.000
0.000
0.000
0.000
0.000
0.000
0.000
0.000
0.000
0.000
0.000
0.000
-0.000
-0.000
-0.000
-0.000
-0.000
-0.000
-0.000
-0.000
-0.000
-0.000
-0.000
0.000
0.000
0.000
0.000
0.000
0.000
0.000
0.000
0.000
0.000
0.000
-0.000
-0.000
-0.000
-0.000
-0.000
-0.000
-0.000
-0.000
-0.000
-0.000
-0.000
0.000
0.000
0.000
0.000
0.000
0.000
0
0
0
0
0
0
0
0
0
0
0
0
0
0
0
0
0
0
0
0
0
0
0
0
0
0
0
0
0
0
0
0
0
0
0
0
0
0
0
0
0
0
0
0
0
0
0
0
0
0
0
0
0
0
0
0
0
0
0
0
0
0
0
0
0
0
0
0
0
0
0
0
0
0
0
0
0
0
0
0
0
0
0
0
0
0
0
0
0
0
0
0
0
0
0
0
0
0
0
0
0
0
0
0
0
0
0
0
0
0
0
0
0
0
0
0
0
0
0
0
0
0
0
0
0
0
0
0
0
0
0
0
0
0
0
0
0
0
0
0
0
0
0
0
0
0
0
0
0
0
0
0
0
0
0
0
0
0
0
0
0
0
0
0
0
0
0
0
0
0
0
0
0
0
0
0
0
0
0
0
0
0
0
0
0
0
0
0
0
0
0
0
0
0
0
0
0
0
0
0
0
0
0
0
0
0
0
0
0
0
0
0
0
0
0
0
0
0
0
0
0
0
0
0
0
0
0
0
0
0
0
0
0
0
0
0
0
0
0
0
0
0
0
0
0
0
0
0
0
0
0
0
0
0
0
0
0
0
0
0
0
0
0
0
0
0
0
0
0
0
0
0
0
0
0
0
0
0
0
0
0
0
0
0
0
0
0
0
0
0
0
0
0
0
0
0
0
0
0
0
0
0
0
0
0
0
0
0
0
0
0
0
0
0
0
0
0
0
0
0
0
0
0
0
0
0
0
0
0
0
0
0
0
0
0
0
0
0
0
0
0
0
0
0
0
0
0
0
0
0
0
0
0
0
0
0
0
0
0
0
0
0
0
0
0
0
0
0
0
0
0
0
0
0
0
0
0
0
0
0
0
0
0
0
0
0
0
0
0
0
0
0
0
0
0
0
0
0
0
0
0
0
0
0
0
0
0
0
0
0
0
0
0
0
0
0
0
0
0
0
0
0
0
0
0
0
0
0
0
0
0
0
0
0
0
0
0
0
0
0
0
0
0
0
0
0
0
0
0
0
0
0
0
0
0
0
0
0
0
0
0
0
0
0
0
0
0
0
0
0
0
0
0
0
$MCA_CAL:
3
-1.4656616 2.9313233 0.00000000000000
$ENER_FIT:
-1.4656616 2.9313233 0.00000000000000
$MCA_CAL_DATA:
3
298 872
597 1749
896 2625
$CAMBIO:
Parent file specification: C:\GADRAS-DRF\Temp\152EU_50.0_175.0_alum_4.18_9.0.pcf
Successful read of spectrum: Yes
Error message: None
Warning: None
Information: None
Neutrons: 0
Number of spectral records in the parent file: 1
Record number of this spectrum in the parent file: 1
Date and time of acquisition read successfully from the original file: Yes
Live time read successfully from the original file: Yes
True time read successfully from the original file: Yes
GADRAS Tag character is:  
Version: 130122
Parent file type: Sandia GADRAS PCF
