$SPEC_ID:
152EU,1uC{26,1.53}
$MEAS_TIM:
3600.00 3600.00
$DATE_MEA:
3/9/2018 5:22:25 PM
$DATA:
0 1193
420.611
447.988
422.593
441.529
372.664
316.018
269.211
233.037
207.372
186.065
174.304
167.016
165.002
166.670
165.335
163.060
158.578
158.460
165.302
175.438
188.121
202.164
213.457
217.945
223.469
232.980
244.325
250.178
247.928
243.301
242.646
246.223
251.513
255.996
260.411
264.852
271.516
286.364
316.386
362.556
405.387
412.636
370.959
297.870
225.968
179.406
157.459
151.354
153.330
158.434
163.699
167.864
169.832
168.918
166.258
163.091
160.361
158.583
157.617
156.998
156.120
154.504
151.941
148.536
144.467
140.095
136.043
132.453
129.126
125.933
122.860
120.028
117.454
115.083
112.921
111.144
110.325
110.921
113.124
116.704
121.015
124.819
126.611
125.401
120.670
113.208
104.270
95.153
87.028
80.411
75.530
72.103
69.719
68.071
66.891
66.010
65.294
64.657
64.028
63.351
62.570
61.682
60.753
59.872
59.191
58.895
59.314
60.826
63.854
68.858
76.066
85.369
96.444
108.264
119.586
128.835
134.172
134.383
129.747
120.812
108.745
95.039
81.097
68.083
57.074
48.361
41.754
37.009
33.743
31.556
30.146
29.317
28.889
28.762
28.867
29.132
29.478
29.824
30.100
30.253
30.233
30.052
29.765
29.426
29.091
28.814
28.635
28.522
28.424
28.290
28.057
27.666
27.078
26.310
25.389
24.355
23.277
22.226
21.263
20.416
19.711
19.158
18.734
18.411
18.160
17.956
17.775
17.595
17.407
17.209
16.998
16.777
16.551
16.325
16.105
15.894
15.692
15.505
15.334
15.183
15.055
14.952
14.875
14.826
14.798
14.782
14.766
14.743
14.713
14.680
14.642
14.596
14.529
14.434
14.305
14.146
13.966
13.770
13.564
13.349
13.132
12.914
12.699
12.489
12.289
12.100
11.925
11.767
11.628
11.507
11.401
11.309
11.227
11.158
11.105
11.069
11.051
11.048
11.061
11.085
11.120
11.167
11.225
11.295
11.373
11.457
11.542
11.624
11.698
11.760
11.804
11.826
11.825
11.803
11.760
11.698
11.618
11.519
11.402
11.268
11.123
10.978
10.843
10.730
10.644
10.595
10.589
10.632
10.734
10.903
11.151
11.486
11.915
12.434
13.040
13.729
14.493
15.305
16.137
16.955
17.731
18.430
19.017
19.455
19.709
19.764
19.625
19.305
18.814
18.166
17.392
16.527
15.610
14.673
13.748
12.860
12.032
11.289
10.650
10.118
9.688
9.357
9.120
8.970
8.893
8.874
8.900
8.956
9.032
9.116
9.201
9.275
9.330
9.356
9.347
9.294
9.189
9.034
8.837
8.610
8.362
8.103
7.842
7.590
7.353
7.143
6.967
6.833
6.747
6.717
6.750
6.851
7.019
7.253
7.552
7.913
8.334
8.802
9.307
9.837
10.381
10.924
11.447
11.932
12.357
12.703
12.953
13.103
13.147
13.084
12.909
12.624
12.240
11.773
11.241
10.658
10.042
9.407
8.770
8.144
7.548
6.995
6.494
6.046
5.657
5.328
5.064
4.865
4.731
4.662
4.656
4.713
4.832
5.013
5.254
5.556
5.917
6.338
6.813
7.337
7.905
8.511
9.150
9.812
10.486
11.154
11.806
12.424
12.998
13.514
13.964
14.336
14.620
14.806
14.888
14.869
14.751
14.536
14.228
13.830
13.350
12.803
12.200
11.554
10.878
10.183
9.480
8.777
8.085
7.412
6.770
6.164
5.597
5.074
4.596
4.168
3.791
3.465
3.183
2.941
2.734
2.556
2.403
2.273
2.162
2.068
1.988
1.922
1.865
1.816
1.773
1.735
1.698
1.662
1.625
1.586
1.546
1.505
1.463
1.422
1.380
1.340
1.300
1.263
1.227
1.196
1.168
1.143
1.123
1.106
1.094
1.085
1.080
1.078
1.079
1.081
1.083
1.086
1.087
1.088
1.087
1.085
1.081
1.076
1.069
1.061
1.054
1.050
1.049
1.054
1.066
1.088
1.120
1.167
1.230
1.312
1.415
1.543
1.694
1.872
2.075
2.304
2.560
2.844
3.153
3.483
3.831
4.190
4.558
4.929
5.299
5.660
6.007
6.332
6.626
6.885
7.099
7.265
7.382
7.449
7.463
7.425
7.333
7.186
6.989
6.748
6.470
6.159
5.822
5.466
5.095
4.716
4.334
3.955
3.583
3.224
2.884
2.565
2.268
1.993
1.742
1.513
1.307
1.125
0.965
0.826
0.706
0.603
0.515
0.441
0.378
0.326
0.283
0.248
0.219
0.196
0.177
0.161
0.148
0.137
0.128
0.120
0.113
0.107
0.101
0.095
0.090
0.085
0.080
0.075
0.070
0.065
0.060
0.056
0.051
0.047
0.043
0.039
0.036
0.032
0.029
0.026
0.023
0.021
0.019
0.017
0.015
0.014
0.013
0.011
0.011
0.010
0.009
0.009
0.008
0.008
0.007
0.007
0.007
0.007
0.006
0.006
0.006
0.006
0.006
0.006
0.006
0.006
0.005
0.005
0.005
0.005
0.005
0.005
0.005
0.005
0.005
0.004
0.004
0.004
0.004
0.004
0.004
0.004
0.004
0.004
0.004
0.003
0.003
0.003
0.003
0.003
0.003
0.003
0.003
0.003
0.003
0.003
0.003
0.003
0.003
0.003
0.003
0.003
0.003
0.003
0.002
0.002
0.002
0.002
0.002
0.002
0.002
0.002
0.002
0.002
0.001
0.001
0.001
0.001
0.001
0.001
0.001
0.001
0.001
0.001
0.001
0.000
0.000
0.000
0.000
0.000
0.000
0.000
0.000
0.000
0.000
0.000
0.000
0.000
0.000
0.000
0.000
0.000
0.000
0.000
0.000
0.000
0.000
0.000
0.000
0.000
0.000
0.000
0.000
0.000
0.000
0.000
0.000
0.000
0.000
-0.000
-0.000
-0.000
-0.000
-0.000
-0.000
-0.000
-0.000
0.000
0.000
0.000
0.000
0.000
0.000
0.000
0.000
-0.000
-0.000
-0.000
-0.000
-0.000
-0.000
-0.000
-0.000
-0.000
0.000
0.000
0.000
0.000
0.000
0
0
0
0
0
0
0
0
0
0
0
0
0
0
0
0
0
0
0
0
0
0
0
0
0
0
0
0
0
0
0
0
0
0
0
0
0
0
0
0
0
0
0
0
0
0
0
0
0
0
0
0
0
0
0
0
0
0
0
0
0
0
0
0
0
0
0
0
0
0
0
0
0
0
0
0
0
0
0
0
0
0
0
0
0
0
0
0
0
0
0
0
0
0
0
0
0
0
0
0
0
0
0
0
0
0
0
0
0
0
0
0
0
0
0
0
0
0
0
0
0
0
0
0
0
0
0
0
0
0
0
0
0
0
0
0
0
0
0
0
0
0
0
0
0
0
0
0
0
0
0
0
0
0
0
0
0
0
0
0
0
0
0
0
0
0
0
0
0
0
0
0
0
0
0
0
0
0
0
0
0
0
0
0
0
0
0
0
0
0
0
0
0
0
0
0
0
0
0
0
0
0
0
0
0
0
0
0
0
0
0
0
0
0
0
0
0
0
0
0
0
0
0
0
0
0
0
0
0
0
0
0
0
0
0
0
0
0
0
0
0
0
0
0
0
0
0
0
0
0
0
0
0
0
0
0
0
0
0
0
0
0
0
0
0
0
0
0
0
0
0
0
0
0
0
0
0
0
0
0
0
0
0
0
0
0
0
0
0
0
0
0
0
0
0
0
0
0
0
0
0
0
0
0
0
0
0
0
0
0
0
0
0
0
0
0
0
0
0
0
0
0
0
0
0
0
0
0
0
0
0
0
0
0
0
0
0
0
0
0
0
0
0
0
0
0
0
0
0
0
0
0
0
0
0
0
0
0
0
0
0
0
0
0
0
0
0
0
0
0
0
0
0
0
0
0
0
0
0
0
0
0
0
0
0
0
0
0
0
0
0
0
0
0
0
0
0
0
0
0
0
0
0
0
0
0
0
0
0
0
0
0
0
0
0
0
0
0
0
0
0
0
0
0
0
0
0
0
0
0
0
0
0
0
0
0
0
0
0
0
0
0
0
0
0
0
0
0
0
0
0
0
0
0
0
0
0
0
0
0
0
0
0
0
0
0
0
0
0
0
0
0
0
0
0
0
0
0
0
0
0
0
0
0
0
0
0
0
0
0
0
0
0
0
0
0
0
0
0
0
0
0
0
$MCA_CAL:
3
-1.4656616 2.9313233 0.00000000000000
$ENER_FIT:
-1.4656616 2.9313233 0.00000000000000
$MCA_CAL_DATA:
3
298 872
597 1749
896 2625
$CAMBIO:
Parent file specification: C:\GADRAS-DRF\Temp\152EU_50.0_175.0_iron_1.53_7.0.pcf
Successful read of spectrum: Yes
Error message: None
Warning: None
Information: None
Neutrons: 0
Number of spectral records in the parent file: 1
Record number of this spectrum in the parent file: 1
Date and time of acquisition read successfully from the original file: Yes
Live time read successfully from the original file: Yes
True time read successfully from the original file: Yes
GADRAS Tag character is:  
Version: 130122
Parent file type: Sandia GADRAS PCF
