$SPEC_ID:
152EU,1uC{82,0.22}
$MEAS_TIM:
3600.00 3600.00
$DATE_MEA:
3/9/2018 5:22:25 PM
$DATA:
0 1193
1591.036
1545.841
1482.695
1524.018
1313.141
1091.662
916.170
756.648
672.370
605.523
608.123
827.747
1480.571
2032.113
1770.767
1306.132
859.451
540.126
436.605
428.592
439.712
456.807
466.787
472.792
480.122
499.007
519.728
532.772
539.314
559.704
598.539
641.796
675.104
697.789
720.714
764.765
864.919
1073.415
1429.843
1893.167
2302.710
2441.580
2213.094
1728.646
1204.684
818.166
608.522
528.064
514.494
523.660
531.187
530.043
521.749
508.814
496.447
488.956
486.872
489.221
494.725
502.690
511.275
518.197
523.034
525.755
526.225
524.777
522.099
519.034
515.899
511.684
505.970
499.423
492.836
487.219
485.639
492.367
511.866
548.062
601.625
670.452
744.297
810.173
854.357
864.728
839.385
781.216
702.078
617.080
537.539
472.292
424.569
393.064
375.139
366.631
363.881
364.647
367.032
370.015
372.818
374.903
375.853
375.740
375.430
376.127
380.474
391.554
413.386
450.868
508.409
588.888
694.512
822.439
965.595
1114.795
1253.387
1363.396
1431.450
1449.351
1411.184
1323.805
1199.225
1050.448
893.198
743.235
610.575
499.214
412.369
348.484
303.489
273.458
255.077
245.237
241.239
241.638
245.184
250.719
257.298
263.984
270.028
274.954
278.329
280.069
280.643
280.538
280.188
279.894
279.952
280.369
280.607
280.101
278.327
274.975
269.744
262.476
253.582
243.579
233.014
222.462
212.540
203.823
196.566
190.722
186.256
183.038
180.767
179.143
177.873
176.793
175.756
174.635
173.373
172.000
170.538
169.016
167.503
166.061
164.750
163.605
162.636
161.868
161.303
160.961
160.871
161.041
161.434
161.949
162.484
162.943
163.291
163.529
163.637
163.595
163.331
162.784
161.870
160.580
158.976
157.136
155.122
152.979
150.766
148.512
146.262
144.052
141.931
139.930
138.086
136.425
134.946
133.662
132.576
131.698
131.005
130.500
130.183
130.044
130.084
130.299
130.696
131.256
131.972
132.826
133.815
134.907
136.060
137.258
138.457
139.610
140.652
141.529
142.170
142.539
142.648
142.521
142.168
141.604
140.844
139.873
138.703
137.334
135.859
134.408
133.119
132.140
131.587
131.548
132.104
133.347
135.351
138.194
141.952
146.697
152.503
159.363
167.142
175.669
184.784
194.310
203.953
213.312
222.006
229.642
235.891
240.511
243.329
244.166
242.824
239.308
233.893
226.838
218.424
208.928
198.683
188.028
177.320
166.909
157.125
148.143
140.078
133.055
127.185
122.543
119.031
116.511
114.836
113.866
113.459
113.497
113.851
114.391
115.007
115.569
115.967
116.088
115.827
115.068
113.743
111.930
109.724
107.228
104.531
101.756
98.978
96.316
93.858
91.716
89.974
88.728
88.047
88.002
88.679
90.141
92.402
95.403
99.115
103.483
108.470
113.972
119.847
125.921
132.043
138.035
143.739
148.986
153.574
157.345
160.100
161.684
162.025
161.190
159.208
156.140
152.014
146.921
141.037
134.527
127.594
120.408
113.164
105.997
99.051
92.446
86.320
80.790
75.977
71.911
68.608
66.096
64.387
63.507
63.455
64.224
65.790
68.149
71.275
75.163
79.758
85.026
90.893
97.307
104.223
111.560
119.215
127.023
134.879
142.607
150.094
157.177
163.750
169.654
174.780
178.998
182.154
184.183
185.059
184.829
183.482
181.058
177.567
173.064
167.640
161.449
154.588
147.207
139.406
131.326
123.078
114.759
106.501
98.398
90.579
83.126
76.093
69.507
63.400
57.796
52.734
48.230
44.258
40.776
37.735
35.092
32.795
30.807
29.084
27.601
26.324
25.229
24.279
23.450
22.713
22.053
21.455
20.900
20.378
19.866
19.356
18.844
18.337
17.836
17.347
16.873
16.418
15.984
15.576
15.200
14.857
14.553
14.292
14.076
13.901
13.764
13.659
13.581
13.525
13.487
13.464
13.449
13.442
13.437
13.433
13.425
13.412
13.401
13.406
13.440
13.516
13.648
13.849
14.134
14.527
15.053
15.737
16.605
17.681
18.992
20.554
22.377
24.466
26.827
29.464
32.383
35.592
39.070
42.779
46.671
50.702
54.820
58.988
63.150
67.260
71.233
75.021
78.535
81.707
84.478
86.763
88.536
89.768
90.478
90.629
90.235
89.270
87.743
85.659
83.086
80.088
76.714
73.039
69.112
65.007
60.771
56.465
52.138
47.842
43.624
39.544
35.646
31.979
28.548
25.358
22.408
19.699
17.234
15.012
13.035
11.289
9.760
8.427
7.273
6.280
5.431
4.706
4.092
3.575
3.144
2.787
2.493
2.250
2.046
1.870
1.718
1.587
1.472
1.373
1.284
1.203
1.128
1.056
0.988
0.922
0.859
0.799
0.741
0.686
0.633
0.583
0.535
0.489
0.446
0.406
0.369
0.335
0.303
0.275
0.249
0.226
0.205
0.186
0.170
0.156
0.143
0.132
0.123
0.115
0.108
0.103
0.098
0.094
0.090
0.087
0.084
0.081
0.079
0.077
0.076
0.074
0.072
0.071
0.069
0.068
0.066
0.065
0.063
0.062
0.061
0.059
0.058
0.056
0.055
0.054
0.052
0.051
0.050
0.049
0.047
0.046
0.045
0.044
0.043
0.043
0.042
0.041
0.040
0.040
0.039
0.038
0.038
0.037
0.037
0.036
0.035
0.035
0.034
0.033
0.032
0.031
0.030
0.029
0.028
0.027
0.026
0.024
0.023
0.022
0.020
0.019
0.018
0.017
0.015
0.014
0.013
0.012
0.011
0.010
0.009
0.008
0.007
0.006
0.005
0.005
0.004
0.004
0.003
0.003
0.002
0.002
0.002
0.001
0.001
0.001
0.001
0.001
0.001
0.000
0.000
0.000
0.000
0.000
0.000
0.000
0.000
0.000
0.000
0.000
0.000
0.000
0.000
0.000
0.000
0.000
0.000
0.000
0.000
0.000
0.000
0.000
-0.000
-0.000
-0.000
-0.000
-0.000
-0.000
-0.000
-0.000
-0.000
0.000
0.000
0.000
0.000
0.000
0.000
0.000
0.000
0.000
0.000
0.000
0.000
0.000
0.000
0
0
0
0
0
0
0
0
0
0
0
0
0
0
0
0
0
0
0
0
0
0
0
0
0
0
0
0
0
0
0
0
0
0
0
0
0
0
0
0
0
0
0
0
0
0
0
0
0
0
0
0
0
0
0
0
0
0
0
0
0
0
0
0
0
0
0
0
0
0
0
0
0
0
0
0
0
0
0
0
0
0
0
0
0
0
0
0
0
0
0
0
0
0
0
0
0
0
0
0
0
0
0
0
0
0
0
0
0
0
0
0
0
0
0
0
0
0
0
0
0
0
0
0
0
0
0
0
0
0
0
0
0
0
0
0
0
0
0
0
0
0
0
0
0
0
0
0
0
0
0
0
0
0
0
0
0
0
0
0
0
0
0
0
0
0
0
0
0
0
0
0
0
0
0
0
0
0
0
0
0
0
0
0
0
0
0
0
0
0
0
0
0
0
0
0
0
0
0
0
0
0
0
0
0
0
0
0
0
0
0
0
0
0
0
0
0
0
0
0
0
0
0
0
0
0
0
0
0
0
0
0
0
0
0
0
0
0
0
0
0
0
0
0
0
0
0
0
0
0
0
0
0
0
0
0
0
0
0
0
0
0
0
0
0
0
0
0
0
0
0
0
0
0
0
0
0
0
0
0
0
0
0
0
0
0
0
0
0
0
0
0
0
0
0
0
0
0
0
0
0
0
0
0
0
0
0
0
0
0
0
0
0
0
0
0
0
0
0
0
0
0
0
0
0
0
0
0
0
0
0
0
0
0
0
0
0
0
0
0
0
0
0
0
0
0
0
0
0
0
0
0
0
0
0
0
0
0
0
0
0
0
0
0
0
0
0
0
0
0
0
0
0
0
0
0
0
0
0
0
0
0
0
0
0
0
0
0
0
0
0
0
0
0
0
0
0
0
0
0
0
0
0
0
0
0
0
0
0
0
0
0
0
0
0
0
0
0
0
0
0
0
0
0
0
0
0
0
0
0
0
0
0
0
0
0
0
0
0
0
0
0
0
0
0
0
0
0
0
0
0
0
0
0
0
0
0
0
0
0
0
0
0
0
0
0
0
0
0
0
0
0
0
0
0
0
0
0
0
0
0
0
0
0
0
0
0
0
0
0
0
0
0
0
0
0
0
0
0
0
0
0
0
0
$MCA_CAL:
3
-1.4656616 2.9313233 0.00000000000000
$ENER_FIT:
-1.4656616 2.9313233 0.00000000000000
$MCA_CAL_DATA:
3
298 872
597 1749
896 2625
$CAMBIO:
Parent file specification: C:\GADRAS-DRF\Temp\152EU_100.0_50.0_lead_0.22_7.5.pcf
Successful read of spectrum: Yes
Error message: None
Warning: None
Information: None
Neutrons: 0
Number of spectral records in the parent file: 1
Record number of this spectrum in the parent file: 1
Date and time of acquisition read successfully from the original file: Yes
Live time read successfully from the original file: Yes
True time read successfully from the original file: Yes
GADRAS Tag character is:  
Version: 130122
Parent file type: Sandia GADRAS PCF
