$SPEC_ID:
152EU,1uC{26,6.28}
$MEAS_TIM:
3600.00 3600.00
$DATE_MEA:
3/9/2018 5:22:25 PM
$DATA:
0 1193
162.203
163.632
155.669
235.340
194.785
165.712
141.786
123.317
110.378
99.397
93.267
88.049
83.441
80.641
79.375
79.101
79.879
82.341
86.560
91.858
98.194
105.023
109.669
110.718
111.168
112.309
113.917
115.291
115.283
115.330
116.318
117.861
119.589
120.165
120.852
121.843
123.539
126.236
130.304
135.617
139.839
138.691
130.578
117.968
105.779
97.905
94.022
93.107
94.070
95.889
97.864
99.557
100.589
100.546
99.659
98.393
97.095
95.937
94.959
94.087
93.129
91.851
90.144
87.978
85.407
82.680
80.122
77.797
75.659
73.617
71.635
69.755
68.006
66.395
64.879
63.428
62.311
61.842
61.884
62.156
62.471
62.634
62.284
61.074
59.045
56.378
53.340
50.229
47.305
44.791
42.745
41.082
39.741
38.694
37.897
37.264
36.713
36.201
35.698
35.185
34.650
34.099
33.565
33.084
32.697
32.453
32.446
32.822
33.704
35.147
37.182
39.751
42.713
45.856
48.709
50.755
51.653
51.261
49.493
46.542
42.722
38.363
33.859
29.598
25.824
22.630
20.086
18.156
16.742
15.749
15.081
14.645
14.359
14.189
14.105
14.077
14.082
14.092
14.088
14.054
13.977
13.854
13.702
13.538
13.376
13.226
13.095
12.983
12.873
12.746
12.586
12.385
12.138
11.842
11.506
11.144
10.768
10.394
10.041
9.723
9.450
9.219
9.030
8.880
8.758
8.654
8.558
8.468
8.380
8.291
8.200
8.109
8.017
7.926
7.836
7.749
7.664
7.585
7.511
7.445
7.387
7.338
7.299
7.269
7.247
7.230
7.214
7.196
7.175
7.151
7.123
7.091
7.053
7.007
6.952
6.887
6.814
6.736
6.656
6.573
6.489
6.406
6.323
6.241
6.162
6.087
6.017
5.952
5.892
5.838
5.790
5.749
5.713
5.683
5.659
5.641
5.628
5.621
5.619
5.622
5.629
5.641
5.656
5.675
5.695
5.716
5.737
5.757
5.773
5.785
5.790
5.788
5.779
5.763
5.742
5.715
5.682
5.643
5.598
5.548
5.494
5.442
5.394
5.355
5.330
5.319
5.325
5.351
5.398
5.468
5.565
5.690
5.847
6.036
6.251
6.489
6.744
7.012
7.283
7.545
7.786
7.995
8.161
8.279
8.342
8.348
8.289
8.168
7.991
7.767
7.504
7.210
6.894
6.567
6.239
5.920
5.620
5.344
5.096
4.880
4.698
4.554
4.443
4.362
4.307
4.272
4.255
4.250
4.256
4.266
4.279
4.290
4.296
4.293
4.278
4.249
4.202
4.140
4.066
3.983
3.895
3.805
3.716
3.630
3.551
3.481
3.424
3.382
3.358
3.352
3.370
3.411
3.477
3.565
3.675
3.805
3.953
4.115
4.289
4.468
4.649
4.826
4.995
5.150
5.284
5.393
5.471
5.512
5.514
5.479
5.410
5.307
5.173
5.009
4.822
4.616
4.398
4.171
3.943
3.717
3.499
3.291
3.098
2.924
2.773
2.646
2.543
2.464
2.410
2.382
2.379
2.402
2.448
2.520
2.615
2.734
2.875
3.037
3.217
3.415
3.628
3.854
4.090
4.331
4.573
4.811
5.040
5.257
5.457
5.637
5.791
5.918
6.011
6.069
6.090
6.077
6.029
5.946
5.830
5.681
5.504
5.302
5.079
4.840
4.588
4.328
4.064
3.798
3.534
3.275
3.025
2.787
2.561
2.350
2.155
1.975
1.812
1.668
1.541
1.429
1.332
1.247
1.173
1.109
1.053
1.005
0.963
0.927
0.896
0.868
0.843
0.821
0.801
0.783
0.765
0.748
0.730
0.713
0.696
0.679
0.663
0.647
0.632
0.617
0.603
0.590
0.579
0.568
0.559
0.552
0.545
0.540
0.537
0.534
0.531
0.530
0.528
0.527
0.526
0.526
0.525
0.524
0.523
0.522
0.522
0.523
0.525
0.529
0.535
0.544
0.556
0.573
0.595
0.624
0.659
0.701
0.752
0.811
0.879
0.956
1.042
1.137
1.241
1.353
1.473
1.599
1.729
1.863
1.997
2.132
2.265
2.394
2.516
2.630
2.732
2.821
2.894
2.950
2.988
3.008
3.011
2.996
2.962
2.909
2.839
2.752
2.652
2.539
2.417
2.286
2.149
2.009
1.866
1.722
1.580
1.440
1.305
1.176
1.055
0.942
0.837
0.740
0.651
0.569
0.496
0.431
0.374
0.323
0.279
0.241
0.208
0.180
0.156
0.136
0.119
0.104
0.093
0.083
0.075
0.068
0.063
0.058
0.053
0.049
0.046
0.043
0.040
0.038
0.035
0.033
0.031
0.029
0.027
0.025
0.023
0.021
0.020
0.018
0.016
0.015
0.014
0.012
0.011
0.010
0.009
0.008
0.008
0.007
0.006
0.006
0.005
0.005
0.004
0.004
0.004
0.004
0.004
0.003
0.003
0.003
0.003
0.003
0.003
0.003
0.003
0.003
0.003
0.002
0.002
0.002
0.002
0.002
0.002
0.002
0.002
0.002
0.002
0.002
0.002
0.002
0.002
0.002
0.002
0.002
0.002
0.002
0.002
0.002
0.002
0.001
0.001
0.001
0.001
0.001
0.001
0.001
0.001
0.001
0.001
0.001
0.001
0.001
0.001
0.001
0.001
0.001
0.001
0.001
0.001
0.001
0.001
0.001
0.001
0.001
0.001
0.001
0.001
0.001
0.001
0.001
0.000
0.000
0.000
0.000
0.000
0.000
0.000
0.000
0.000
0.000
0.000
0.000
0.000
0.000
0.000
0.000
0.000
0.000
0.000
0.000
0.000
0.000
0.000
0.000
0.000
0.000
0.000
0.000
0.000
0.000
0.000
0.000
0.000
0.000
0.000
0.000
0.000
0.000
0.000
0.000
0.000
0.000
0.000
0.000
0.000
0.000
0.000
-0.000
-0.000
-0.000
-0.000
-0.000
-0.000
-0.000
-0.000
-0.000
0.000
0.000
0.000
0.000
0.000
0.000
0.000
0.000
0.000
0.000
0.000
0.000
0.000
0.000
0
0
0
0
0
0
0
0
0
0
0
0
0
0
0
0
0
0
0
0
0
0
0
0
0
0
0
0
0
0
0
0
0
0
0
0
0
0
0
0
0
0
0
0
0
0
0
0
0
0
0
0
0
0
0
0
0
0
0
0
0
0
0
0
0
0
0
0
0
0
0
0
0
0
0
0
0
0
0
0
0
0
0
0
0
0
0
0
0
0
0
0
0
0
0
0
0
0
0
0
0
0
0
0
0
0
0
0
0
0
0
0
0
0
0
0
0
0
0
0
0
0
0
0
0
0
0
0
0
0
0
0
0
0
0
0
0
0
0
0
0
0
0
0
0
0
0
0
0
0
0
0
0
0
0
0
0
0
0
0
0
0
0
0
0
0
0
0
0
0
0
0
0
0
0
0
0
0
0
0
0
0
0
0
0
0
0
0
0
0
0
0
0
0
0
0
0
0
0
0
0
0
0
0
0
0
0
0
0
0
0
0
0
0
0
0
0
0
0
0
0
0
0
0
0
0
0
0
0
0
0
0
0
0
0
0
0
0
0
0
0
0
0
0
0
0
0
0
0
0
0
0
0
0
0
0
0
0
0
0
0
0
0
0
0
0
0
0
0
0
0
0
0
0
0
0
0
0
0
0
0
0
0
0
0
0
0
0
0
0
0
0
0
0
0
0
0
0
0
0
0
0
0
0
0
0
0
0
0
0
0
0
0
0
0
0
0
0
0
0
0
0
0
0
0
0
0
0
0
0
0
0
0
0
0
0
0
0
0
0
0
0
0
0
0
0
0
0
0
0
0
0
0
0
0
0
0
0
0
0
0
0
0
0
0
0
0
0
0
0
0
0
0
0
0
0
0
0
0
0
0
0
0
0
0
0
0
0
0
0
0
0
0
0
0
0
0
0
0
0
0
0
0
0
0
0
0
0
0
0
0
0
0
0
0
0
0
0
0
0
0
0
0
0
0
0
0
0
0
0
0
0
0
0
0
0
0
0
0
0
0
0
0
0
0
0
0
0
0
0
0
0
0
0
0
0
0
0
0
0
0
0
0
0
0
0
0
0
0
0
0
0
0
0
0
0
0
0
0
0
0
0
0
0
0
0
0
0
0
0
0
0
0
0
0
0
0
0
0
0
0
0
0
0
$MCA_CAL:
3
-1.4656616 2.9313233 0.00000000000000
$ENER_FIT:
-1.4656616 2.9313233 0.00000000000000
$MCA_CAL_DATA:
3
298 872
597 1749
896 2625
$CAMBIO:
Parent file specification: C:\GADRAS-DRF\Temp\152EU_75.0_237.5_iron_6.28_7.5.pcf
Successful read of spectrum: Yes
Error message: None
Warning: None
Information: None
Neutrons: 0
Number of spectral records in the parent file: 1
Record number of this spectrum in the parent file: 1
Date and time of acquisition read successfully from the original file: Yes
Live time read successfully from the original file: Yes
True time read successfully from the original file: Yes
GADRAS Tag character is:  
Version: 130122
Parent file type: Sandia GADRAS PCF
