$SPEC_ID:
152EU,1uC{82,0.22}
$MEAS_TIM:
3600.00 3600.00
$DATE_MEA:
3/9/2018 5:22:25 PM
$DATA:
0 1193
623.822
639.089
608.957
579.682
498.789
420.952
357.467
304.541
272.464
246.317
241.664
284.562
415.487
525.134
455.010
360.887
269.878
208.859
197.517
204.325
215.595
229.656
241.980
246.328
251.573
262.198
275.743
281.658
276.609
267.930
262.954
261.818
262.736
265.767
272.337
283.493
302.514
339.163
406.249
501.748
590.948
619.249
562.167
447.981
332.597
256.974
222.866
215.792
222.202
233.789
244.562
251.989
254.589
251.989
246.667
240.718
235.423
231.311
228.117
225.267
222.080
217.894
212.618
206.844
200.840
195.057
190.466
187.097
184.327
181.679
178.969
176.377
173.887
171.395
169.155
167.810
168.717
173.081
181.681
194.017
208.342
221.494
229.657
230.157
221.453
205.442
185.259
164.289
145.610
130.582
119.819
112.657
108.092
105.266
103.420
102.175
101.298
100.607
99.932
99.121
98.025
96.632
95.105
93.687
92.799
92.955
95.035
100.042
109.107
123.454
143.721
169.689
200.552
233.490
265.085
291.247
307.337
310.205
300.251
278.568
248.240
213.424
177.942
144.802
116.749
94.588
77.911
66.146
58.271
53.202
50.141
48.594
48.104
48.413
49.335
50.674
52.218
53.748
55.085
56.092
56.650
56.789
56.645
56.349
56.047
55.877
55.939
56.156
56.404
56.551
56.431
55.879
54.788
53.207
51.208
48.896
46.460
44.095
41.959
40.120
38.636
37.532
36.752
36.230
35.895
35.683
35.528
35.372
35.190
34.972
34.708
34.405
34.078
33.740
33.408
33.093
32.805
32.556
32.346
32.182
32.064
31.996
31.989
32.043
32.148
32.278
32.407
32.515
32.602
32.675
32.732
32.760
32.731
32.624
32.423
32.142
31.795
31.400
30.968
30.507
30.034
29.556
29.081
28.619
28.177
27.763
27.382
27.046
26.758
26.515
26.311
26.140
25.996
25.884
25.809
25.776
25.786
25.835
25.920
26.035
26.178
26.350
26.553
26.786
27.040
27.310
27.581
27.845
28.088
28.297
28.457
28.557
28.593
28.571
28.492
28.360
28.178
27.945
27.663
27.335
26.980
26.624
26.293
26.017
25.817
25.711
25.719
25.860
26.156
26.632
27.313
28.225
29.383
30.777
32.401
34.243
36.281
38.448
40.665
42.851
44.926
46.799
48.381
49.570
50.275
50.452
50.119
49.304
48.038
46.356
44.339
42.083
39.686
37.238
34.822
32.501
30.339
28.398
26.730
25.340
24.218
23.355
22.742
22.357
22.164
22.124
22.200
22.357
22.564
22.795
23.027
23.231
23.383
23.462
23.448
23.319
23.055
22.658
22.153
21.567
20.923
20.253
19.577
18.921
18.307
17.762
17.305
16.959
16.741
16.667
16.758
17.026
17.472
18.089
18.877
19.830
20.939
22.174
23.507
24.905
26.340
27.771
29.152
30.431
31.553
32.470
33.136
33.540
33.668
33.516
33.071
32.335
31.340
30.130
28.747
27.231
25.627
23.973
22.312
20.683
19.129
17.687
16.379
15.211
14.195
13.338
12.649
12.132
11.785
11.607
11.593
11.744
12.056
12.530
13.161
13.952
14.897
15.999
17.244
18.617
20.105
21.693
23.367
25.101
26.865
28.616
30.322
31.943
33.448
34.804
35.985
36.966
37.715
38.209
38.431
38.391
38.091
37.542
36.748
35.721
34.481
33.067
31.505
29.833
28.079
26.275
24.449
22.623
20.825
19.078
17.410
15.835
14.364
13.004
11.765
10.652
9.676
8.828
8.096
7.468
6.930
6.469
6.073
5.734
5.446
5.203
4.999
4.827
4.680
4.555
4.446
4.346
4.253
4.160
4.063
3.963
3.861
3.756
3.650
3.543
3.436
3.331
3.229
3.133
3.042
2.961
2.889
2.826
2.774
2.732
2.700
2.678
2.666
2.662
2.664
2.670
2.678
2.685
2.690
2.692
2.691
2.685
2.676
2.664
2.647
2.628
2.611
2.600
2.599
2.612
2.644
2.699
2.784
2.905
3.068
3.281
3.548
3.878
4.271
4.731
5.256
5.850
6.515
7.249
8.051
8.907
9.807
10.738
11.691
12.652
13.611
14.547
15.447
16.288
17.051
17.722
18.278
18.712
19.016
19.193
19.233
19.139
18.903
18.528
18.022
17.403
16.686
15.885
15.019
14.099
13.145
12.168
11.183
10.204
9.246
8.320
7.442
6.619
5.853
5.144
4.494
3.903
3.371
2.901
2.488
2.130
1.820
1.554
1.327
1.136
0.974
0.840
0.729
0.638
0.564
0.505
0.456
0.415
0.381
0.353
0.329
0.308
0.291
0.275
0.260
0.246
0.232
0.218
0.205
0.192
0.180
0.168
0.156
0.144
0.132
0.121
0.111
0.101
0.091
0.083
0.074
0.067
0.060
0.054
0.048
0.043
0.039
0.035
0.032
0.029
0.027
0.025
0.023
0.022
0.021
0.020
0.019
0.018
0.017
0.017
0.017
0.016
0.016
0.015
0.015
0.015
0.015
0.014
0.014
0.014
0.013
0.013
0.013
0.013
0.012
0.012
0.012
0.011
0.011
0.011
0.011
0.010
0.010
0.010
0.009
0.009
0.009
0.009
0.009
0.008
0.008
0.008
0.008
0.008
0.008
0.008
0.008
0.008
0.007
0.007
0.007
0.007
0.007
0.007
0.007
0.007
0.006
0.006
0.006
0.006
0.005
0.005
0.005
0.005
0.004
0.004
0.004
0.004
0.003
0.003
0.003
0.002
0.002
0.002
0.002
0.002
0.001
0.001
0.001
0.001
0.001
0.001
0.001
0.000
0.000
0.000
0.000
0.000
0.000
0.000
0.000
0.000
0.000
0.000
0.000
0.000
0.000
0.000
0.000
0.000
0.000
0.000
0.000
0.000
0.000
0.000
0.000
0.000
0.000
0.000
0.000
-0.000
-0.000
-0.000
-0.000
-0.000
-0.000
-0.000
-0.000
0.000
0.000
0.000
0.000
0.000
0.000
0.000
0.000
-0.000
-0.000
-0.000
-0.000
-0.000
-0.000
-0.000
-0.000
-0.000
0.000
0.000
0.000
0.000
0.000
0
0
0
0
0
0
0
0
0
0
0
0
0
0
0
0
0
0
0
0
0
0
0
0
0
0
0
0
0
0
0
0
0
0
0
0
0
0
0
0
0
0
0
0
0
0
0
0
0
0
0
0
0
0
0
0
0
0
0
0
0
0
0
0
0
0
0
0
0
0
0
0
0
0
0
0
0
0
0
0
0
0
0
0
0
0
0
0
0
0
0
0
0
0
0
0
0
0
0
0
0
0
0
0
0
0
0
0
0
0
0
0
0
0
0
0
0
0
0
0
0
0
0
0
0
0
0
0
0
0
0
0
0
0
0
0
0
0
0
0
0
0
0
0
0
0
0
0
0
0
0
0
0
0
0
0
0
0
0
0
0
0
0
0
0
0
0
0
0
0
0
0
0
0
0
0
0
0
0
0
0
0
0
0
0
0
0
0
0
0
0
0
0
0
0
0
0
0
0
0
0
0
0
0
0
0
0
0
0
0
0
0
0
0
0
0
0
0
0
0
0
0
0
0
0
0
0
0
0
0
0
0
0
0
0
0
0
0
0
0
0
0
0
0
0
0
0
0
0
0
0
0
0
0
0
0
0
0
0
0
0
0
0
0
0
0
0
0
0
0
0
0
0
0
0
0
0
0
0
0
0
0
0
0
0
0
0
0
0
0
0
0
0
0
0
0
0
0
0
0
0
0
0
0
0
0
0
0
0
0
0
0
0
0
0
0
0
0
0
0
0
0
0
0
0
0
0
0
0
0
0
0
0
0
0
0
0
0
0
0
0
0
0
0
0
0
0
0
0
0
0
0
0
0
0
0
0
0
0
0
0
0
0
0
0
0
0
0
0
0
0
0
0
0
0
0
0
0
0
0
0
0
0
0
0
0
0
0
0
0
0
0
0
0
0
0
0
0
0
0
0
0
0
0
0
0
0
0
0
0
0
0
0
0
0
0
0
0
0
0
0
0
0
0
0
0
0
0
0
0
0
0
0
0
0
0
0
0
0
0
0
0
0
0
0
0
0
0
0
0
0
0
0
0
0
0
0
0
0
0
0
0
0
0
0
0
0
0
0
0
0
0
0
0
0
0
0
0
0
0
0
0
0
0
0
0
0
0
0
0
0
0
0
0
0
0
0
0
0
0
0
0
0
$MCA_CAL:
3
-1.4656616 2.9313233 0.00000000000000
$ENER_FIT:
-1.4656616 2.9313233 0.00000000000000
$MCA_CAL_DATA:
3
298 872
597 1749
896 2625
$CAMBIO:
Parent file specification: C:\GADRAS-DRF\Temp\152EU_75.0_112.5_lead_0.22_7.0.pcf
Successful read of spectrum: Yes
Error message: None
Warning: None
Information: None
Neutrons: 0
Number of spectral records in the parent file: 1
Record number of this spectrum in the parent file: 1
Date and time of acquisition read successfully from the original file: Yes
Live time read successfully from the original file: Yes
True time read successfully from the original file: Yes
GADRAS Tag character is:  
Version: 130122
Parent file type: Sandia GADRAS PCF
