$SPEC_ID:
152EU,1uC{26,3.50}
$MEAS_TIM:
3600.00 3600.00
$DATE_MEA:
3/9/2018 5:22:25 PM
$DATA:
0 1193
189.947
197.805
188.479
237.737
198.609
168.625
144.135
125.306
111.756
100.524
94.286
89.162
84.550
81.829
80.830
81.146
82.432
85.522
90.300
96.114
103.031
110.380
116.290
119.127
121.520
124.640
127.396
129.339
129.326
128.583
128.060
127.991
128.312
128.330
129.461
132.083
136.900
144.048
152.838
162.272
168.453
166.907
155.568
137.979
119.736
105.597
96.920
93.291
93.283
94.927
97.110
99.376
100.973
101.467
101.059
100.083
98.893
97.673
96.484
95.228
93.773
91.982
89.756
87.040
83.959
80.772
77.777
75.264
73.127
71.062
69.045
67.213
65.627
64.283
63.193
62.374
61.884
61.825
62.208
62.826
63.431
63.718
63.385
62.305
60.462
57.944
54.985
51.834
48.736
45.924
43.509
41.485
39.838
38.533
37.530
36.756
36.109
35.505
34.918
34.343
33.782
33.258
32.799
32.465
32.342
32.508
33.029
33.970
35.386
37.322
39.814
42.774
45.949
49.077
51.823
53.793
54.605
54.146
52.496
49.748
46.120
41.906
37.405
32.891
28.623
24.849
21.687
19.115
17.105
15.608
14.539
13.812
13.346
13.080
12.956
12.917
12.932
12.973
13.014
13.039
13.044
13.022
12.972
12.900
12.818
12.732
12.641
12.542
12.428
12.294
12.134
11.940
11.708
11.438
11.138
10.817
10.482
10.145
9.819
9.517
9.246
9.008
8.803
8.632
8.491
8.374
8.275
8.187
8.108
8.035
7.964
7.893
7.824
7.755
7.689
7.626
7.566
7.510
7.458
7.410
7.369
7.334
7.309
7.292
7.283
7.277
7.270
7.261
7.248
7.231
7.210
7.183
7.151
7.113
7.067
7.012
6.949
6.879
6.804
6.726
6.647
6.567
6.487
6.409
6.333
6.259
6.190
6.126
6.067
6.016
5.970
5.932
5.899
5.873
5.853
5.839
5.831
5.830
5.834
5.843
5.857
5.874
5.895
5.918
5.942
5.966
5.988
6.008
6.024
6.037
6.044
6.045
6.040
6.030
6.013
5.991
5.965
5.935
5.902
5.870
5.840
5.813
5.794
5.783
5.786
5.806
5.845
5.908
5.993
6.103
6.237
6.396
6.580
6.785
7.006
7.240
7.482
7.727
7.968
8.196
8.402
8.576
8.712
8.803
8.849
8.848
8.799
8.701
8.554
8.365
8.140
7.887
7.612
7.322
7.024
6.725
6.435
6.158
5.905
5.677
5.475
5.299
5.148
5.022
4.920
4.839
4.777
4.730
4.695
4.670
4.650
4.634
4.616
4.596
4.568
4.530
4.483
4.427
4.365
4.299
4.230
4.162
4.095
4.034
3.979
3.935
3.903
3.885
3.884
3.899
3.932
3.983
4.055
4.146
4.254
4.377
4.512
4.656
4.807
4.961
5.114
5.261
5.398
5.520
5.622
5.701
5.754
5.782
5.781
5.753
5.695
5.608
5.493
5.355
5.197
5.022
4.835
4.640
4.440
4.239
4.041
3.851
3.673
3.510
3.367
3.244
3.142
3.064
3.010
2.982
2.981
3.006
3.057
3.132
3.230
3.351
3.494
3.656
3.836
4.029
4.235
4.448
4.668
4.891
5.113
5.330
5.537
5.731
5.908
6.063
6.193
6.297
6.372
6.420
6.438
6.425
6.380
6.303
6.198
6.067
5.911
5.734
5.537
5.323
5.096
4.857
4.611
4.359
4.106
3.854
3.606
3.363
3.129
2.903
2.689
2.487
2.300
2.128
1.972
1.830
1.702
1.587
1.484
1.391
1.308
1.235
1.169
1.112
1.060
1.015
0.975
0.939
0.906
0.877
0.850
0.826
0.804
0.783
0.764
0.745
0.728
0.711
0.695
0.680
0.666
0.653
0.641
0.630
0.620
0.611
0.603
0.596
0.590
0.585
0.580
0.577
0.575
0.574
0.574
0.574
0.576
0.579
0.583
0.589
0.597
0.607
0.620
0.637
0.657
0.681
0.710
0.744
0.783
0.828
0.880
0.938
1.004
1.077
1.156
1.243
1.335
1.434
1.537
1.646
1.760
1.876
1.995
2.114
2.232
2.347
2.458
2.564
2.663
2.754
2.835
2.906
2.965
3.011
3.043
3.060
3.060
3.046
3.016
2.973
2.917
2.848
2.768
2.677
2.576
2.466
2.350
2.229
2.103
1.975
1.846
1.718
1.592
1.469
1.349
1.233
1.122
1.016
0.916
0.822
0.736
0.656
0.584
0.518
0.458
0.404
0.355
0.312
0.274
0.240
0.211
0.185
0.163
0.144
0.127
0.113
0.101
0.090
0.081
0.073
0.066
0.060
0.055
0.050
0.046
0.043
0.039
0.036
0.034
0.031
0.029
0.027
0.025
0.023
0.021
0.020
0.018
0.017
0.015
0.014
0.013
0.012
0.011
0.010
0.009
0.008
0.008
0.007
0.006
0.006
0.006
0.005
0.005
0.005
0.004
0.004
0.004
0.004
0.003
0.003
0.003
0.003
0.003
0.003
0.003
0.003
0.003
0.003
0.003
0.002
0.002
0.002
0.002
0.002
0.002
0.002
0.002
0.002
0.002
0.002
0.002
0.002
0.002
0.002
0.002
0.002
0.002
0.002
0.002
0.002
0.002
0.002
0.001
0.001
0.001
0.001
0.001
0.001
0.001
0.001
0.001
0.001
0.001
0.001
0.001
0.001
0.001
0.001
0.001
0.001
0.001
0.001
0.001
0.001
0.001
0.001
0.001
0.001
0.000
0.000
0.000
0.000
0.000
0.000
0.000
0.000
0.000
0.000
0.000
0.000
0.000
0.000
0.000
0.000
0.000
0.000
0.000
0.000
0.000
0.000
0.000
0.000
0.000
0.000
0.000
0.000
0.000
0.000
0.000
0.000
0.000
0.000
0.000
0.000
0.000
0.000
0.000
0.000
0.000
0.000
0.000
0.000
0.000
0.000
0.000
0.000
0.000
0.000
0.000
0.000
0.000
0.000
0.000
0.000
0.000
-0.000
-0.000
-0.000
-0.000
-0.000
-0.000
-0.000
-0.000
-0.000
-0.000
0.000
0.000
0.000
0.000
0.000
0.000
0.000
0.000
0.000
0.000
0.000
-0.000
-0.000
-0.000
-0.000
-0.000
-0.000
-0.000
-0.000
-0.000
-0.000
0.000
0.000
0.000
0.000
0.000
0.000
0
0
0
0
0
0
0
0
0
0
0
0
0
0
0
0
0
0
0
0
0
0
0
0
0
0
0
0
0
0
0
0
0
0
0
0
0
0
0
0
0
0
0
0
0
0
0
0
0
0
0
0
0
0
0
0
0
0
0
0
0
0
0
0
0
0
0
0
0
0
0
0
0
0
0
0
0
0
0
0
0
0
0
0
0
0
0
0
0
0
0
0
0
0
0
0
0
0
0
0
0
0
0
0
0
0
0
0
0
0
0
0
0
0
0
0
0
0
0
0
0
0
0
0
0
0
0
0
0
0
0
0
0
0
0
0
0
0
0
0
0
0
0
0
0
0
0
0
0
0
0
0
0
0
0
0
0
0
0
0
0
0
0
0
0
0
0
0
0
0
0
0
0
0
0
0
0
0
0
0
0
0
0
0
0
0
0
0
0
0
0
0
0
0
0
0
0
0
0
0
0
0
0
0
0
0
0
0
0
0
0
0
0
0
0
0
0
0
0
0
0
0
0
0
0
0
0
0
0
0
0
0
0
0
0
0
0
0
0
0
0
0
0
0
0
0
0
0
0
0
0
0
0
0
0
0
0
0
0
0
0
0
0
0
0
0
0
0
0
0
0
0
0
0
0
0
0
0
0
0
0
0
0
0
0
0
0
0
0
0
0
0
0
0
0
0
0
0
0
0
0
0
0
0
0
0
0
0
0
0
0
0
0
0
0
0
0
0
0
0
0
0
0
0
0
0
0
0
0
0
0
0
0
0
0
0
0
0
0
0
0
0
0
0
0
0
0
0
0
0
0
0
0
0
0
0
0
0
0
0
0
0
0
0
0
0
0
0
0
0
0
0
0
0
0
0
0
0
0
0
0
0
0
0
0
0
0
0
0
0
0
0
0
0
0
0
0
0
0
0
0
0
0
0
0
0
0
0
0
0
0
0
0
0
0
0
0
0
0
0
0
0
0
0
0
0
0
0
0
0
0
0
0
0
0
0
0
0
0
0
0
0
0
0
0
0
0
0
0
0
0
0
0
0
0
0
0
0
0
0
0
0
0
0
0
0
0
0
0
0
0
0
0
0
0
0
0
0
$MCA_CAL:
3
-1.4656616 2.9313233 0.00000000000000
$ENER_FIT:
-1.4656616 2.9313233 0.00000000000000
$MCA_CAL_DATA:
3
298 872
597 1749
896 2625
$CAMBIO:
Parent file specification: C:\GADRAS-DRF\Temp\152EU_100.0_237.5_iron_3.50_8.5.pcf
Successful read of spectrum: Yes
Error message: None
Warning: None
Information: None
Neutrons: 0
Number of spectral records in the parent file: 1
Record number of this spectrum in the parent file: 1
Date and time of acquisition read successfully from the original file: Yes
Live time read successfully from the original file: Yes
True time read successfully from the original file: Yes
GADRAS Tag character is:  
Version: 130122
Parent file type: Sandia GADRAS PCF
