$SPEC_ID:
152EU,1uC{13,13.16}
$MEAS_TIM:
3600.00 3600.00
$DATE_MEA:
3/9/2018 5:22:25 PM
$DATA:
0 1193
99.762
100.586
96.243
238.080
219.815
184.174
156.358
134.467
120.247
108.257
103.156
100.511
101.070
104.313
108.316
112.337
116.874
124.332
135.100
148.039
161.238
174.704
184.928
187.077
190.027
193.034
195.023
195.656
194.908
194.114
193.984
194.801
194.984
193.093
191.247
190.191
190.422
192.103
194.761
197.943
199.576
194.385
181.342
163.447
146.123
134.676
128.292
125.090
124.596
125.167
125.763
126.251
126.067
124.897
122.950
120.612
118.236
115.958
113.831
111.856
109.940
107.982
105.939
103.784
101.518
99.248
97.154
95.226
93.348
91.490
89.642
87.749
85.756
83.660
81.514
79.509
77.851
76.609
75.792
75.226
74.677
73.883
72.589
70.687
68.181
65.182
61.926
58.640
55.521
52.730
50.279
48.136
46.319
44.882
43.822
43.021
42.355
41.762
41.201
40.649
40.105
39.571
39.073
38.641
38.320
38.167
38.248
38.643
39.441
40.702
42.410
44.536
46.922
49.290
51.349
52.794
53.311
52.667
50.959
48.360
45.074
41.347
37.436
33.584
30.024
26.978
24.544
22.655
21.229
20.190
19.464
18.978
18.672
18.501
18.422
18.400
18.409
18.425
18.430
18.412
18.360
18.270
18.154
18.025
17.897
17.773
17.651
17.531
17.405
17.260
17.083
16.868
16.616
16.330
16.016
15.681
15.336
14.992
14.658
14.347
14.069
13.833
13.633
13.465
13.319
13.189
13.073
12.964
12.859
12.756
12.653
12.549
12.443
12.336
12.231
12.127
12.028
11.933
11.844
11.762
11.688
11.621
11.563
11.513
11.469
11.428
11.387
11.342
11.294
11.242
11.184
11.122
11.054
10.980
10.898
10.808
10.712
10.610
10.506
10.400
10.293
10.186
10.079
9.974
9.871
9.771
9.676
9.587
9.504
9.427
9.356
9.292
9.232
9.179
9.134
9.095
9.064
9.039
9.020
9.005
8.994
8.986
8.981
8.978
8.976
8.976
8.975
8.971
8.964
8.952
8.934
8.911
8.883
8.849
8.809
8.764
8.713
8.657
8.595
8.530
8.465
8.405
8.351
8.308
8.279
8.265
8.268
8.292
8.339
8.409
8.505
8.629
8.783
8.964
9.168
9.389
9.623
9.864
10.104
10.332
10.536
10.706
10.833
10.909
10.933
10.905
10.821
10.680
10.486
10.248
9.972
9.665
9.337
8.995
8.649
8.308
7.981
7.677
7.401
7.155
6.940
6.755
6.603
6.483
6.389
6.320
6.269
6.233
6.209
6.191
6.176
6.160
6.138
6.108
6.068
6.017
5.957
5.887
5.808
5.721
5.628
5.533
5.439
5.349
5.266
5.193
5.134
5.091
5.068
5.067
5.091
5.139
5.208
5.299
5.410
5.540
5.686
5.843
6.009
6.179
6.349
6.515
6.671
6.812
6.931
7.023
7.081
7.104
7.089
7.040
6.958
6.843
6.696
6.520
6.322
6.104
5.873
5.633
5.388
5.145
4.907
4.679
4.466
4.272
4.102
3.959
3.842
3.753
3.691
3.658
3.653
3.676
3.727
3.806
3.911
4.041
4.196
4.375
4.574
4.791
5.021
5.263
5.514
5.768
6.023
6.272
6.511
6.734
6.937
7.114
7.263
7.382
7.468
7.519
7.532
7.506
7.440
7.338
7.203
7.038
6.843
6.624
6.381
6.120
5.842
5.553
5.257
4.955
4.652
4.351
4.057
3.771
3.498
3.241
3.003
2.785
2.587
2.408
2.246
2.100
1.969
1.852
1.746
1.653
1.570
1.497
1.432
1.376
1.326
1.283
1.245
1.212
1.181
1.154
1.128
1.103
1.078
1.055
1.032
1.011
0.990
0.970
0.951
0.933
0.916
0.900
0.885
0.871
0.859
0.848
0.839
0.830
0.823
0.817
0.811
0.806
0.803
0.799
0.797
0.795
0.794
0.794
0.794
0.796
0.799
0.804
0.811
0.822
0.837
0.857
0.881
0.911
0.948
0.992
1.043
1.103
1.172
1.251
1.340
1.437
1.544
1.659
1.781
1.911
2.049
2.192
2.338
2.487
2.636
2.782
2.924
3.060
3.188
3.307
3.413
3.505
3.581
3.641
3.680
3.698
3.695
3.672
3.629
3.568
3.489
3.394
3.285
3.161
3.025
2.880
2.727
2.568
2.405
2.241
2.078
1.917
1.759
1.605
1.457
1.316
1.182
1.057
0.941
0.836
0.739
0.652
0.573
0.503
0.440
0.384
0.335
0.292
0.254
0.222
0.195
0.171
0.151
0.134
0.119
0.106
0.095
0.086
0.078
0.072
0.066
0.061
0.057
0.052
0.049
0.045
0.042
0.039
0.037
0.034
0.032
0.029
0.027
0.025
0.023
0.021
0.019
0.018
0.016
0.015
0.014
0.012
0.011
0.010
0.009
0.009
0.008
0.007
0.007
0.006
0.006
0.005
0.005
0.005
0.005
0.004
0.004
0.004
0.004
0.004
0.004
0.004
0.003
0.003
0.003
0.003
0.003
0.003
0.003
0.003
0.003
0.003
0.003
0.003
0.003
0.003
0.002
0.002
0.002
0.002
0.002
0.002
0.002
0.002
0.002
0.002
0.002
0.002
0.002
0.002
0.002
0.002
0.002
0.002
0.002
0.002
0.002
0.002
0.002
0.002
0.001
0.001
0.001
0.001
0.001
0.001
0.001
0.001
0.001
0.001
0.001
0.001
0.001
0.001
0.001
0.001
0.001
0.001
0.001
0.001
0.000
0.000
0.000
0.000
0.000
0.000
0.000
0.000
0.000
0.000
0.000
0.000
0.000
0.000
0.000
0.000
0.000
0.000
0.000
0.000
0.000
0.000
0.000
0.000
0.000
0.000
0.000
0.000
0.000
0.000
0.000
0.000
0.000
0.000
0.000
0.000
0.000
0.000
0.000
0.000
0.000
0.000
0.000
0.000
0.000
0.000
0.000
0.000
0.000
0.000
0.000
-0.000
-0.000
-0.000
-0.000
-0.000
-0.000
-0.000
-0.000
-0.000
0.000
0.000
0.000
0.000
0.000
0.000
0.000
0.000
0.000
0.000
0.000
0.000
0.000
0.000
0.000
0.000
0
0
0
0
0
0
0
0
0
0
0
0
0
0
0
0
0
0
0
0
0
0
0
0
0
0
0
0
0
0
0
0
0
0
0
0
0
0
0
0
0
0
0
0
0
0
0
0
0
0
0
0
0
0
0
0
0
0
0
0
0
0
0
0
0
0
0
0
0
0
0
0
0
0
0
0
0
0
0
0
0
0
0
0
0
0
0
0
0
0
0
0
0
0
0
0
0
0
0
0
0
0
0
0
0
0
0
0
0
0
0
0
0
0
0
0
0
0
0
0
0
0
0
0
0
0
0
0
0
0
0
0
0
0
0
0
0
0
0
0
0
0
0
0
0
0
0
0
0
0
0
0
0
0
0
0
0
0
0
0
0
0
0
0
0
0
0
0
0
0
0
0
0
0
0
0
0
0
0
0
0
0
0
0
0
0
0
0
0
0
0
0
0
0
0
0
0
0
0
0
0
0
0
0
0
0
0
0
0
0
0
0
0
0
0
0
0
0
0
0
0
0
0
0
0
0
0
0
0
0
0
0
0
0
0
0
0
0
0
0
0
0
0
0
0
0
0
0
0
0
0
0
0
0
0
0
0
0
0
0
0
0
0
0
0
0
0
0
0
0
0
0
0
0
0
0
0
0
0
0
0
0
0
0
0
0
0
0
0
0
0
0
0
0
0
0
0
0
0
0
0
0
0
0
0
0
0
0
0
0
0
0
0
0
0
0
0
0
0
0
0
0
0
0
0
0
0
0
0
0
0
0
0
0
0
0
0
0
0
0
0
0
0
0
0
0
0
0
0
0
0
0
0
0
0
0
0
0
0
0
0
0
0
0
0
0
0
0
0
0
0
0
0
0
0
0
0
0
0
0
0
0
0
0
0
0
0
0
0
0
0
0
0
0
0
0
0
0
0
0
0
0
0
0
0
0
0
0
0
0
0
0
0
0
0
0
0
0
0
0
0
0
0
0
0
0
0
0
0
0
0
0
0
0
0
0
0
0
0
0
0
0
0
0
0
0
0
0
0
0
0
0
0
0
0
0
0
0
0
0
0
0
0
0
0
0
0
0
0
0
0
0
0
0
0
0
0
0
0
0
0
0
0
0
0
0
0
0
0
0
0
0
0
0
$MCA_CAL:
3
-1.4656616 2.9313233 0.00000000000000
$ENER_FIT:
-1.4656616 2.9313233 0.00000000000000
$MCA_CAL_DATA:
3
298 872
597 1749
896 2625
$CAMBIO:
Parent file specification: C:\GADRAS-DRF\Temp\152EU_150.0_175.0_alum_13.16_8.0.pcf
Successful read of spectrum: Yes
Error message: None
Warning: None
Information: None
Neutrons: 0
Number of spectral records in the parent file: 1
Record number of this spectrum in the parent file: 1
Date and time of acquisition read successfully from the original file: Yes
Live time read successfully from the original file: Yes
True time read successfully from the original file: Yes
GADRAS Tag character is:  
Version: 130122
Parent file type: Sandia GADRAS PCF
