$SPEC_ID:
152EU,1uC{82,0.22}
$MEAS_TIM:
3600.00 3600.00
$DATE_MEA:
3/9/2018 5:22:25 PM
$DATA:
0 1193
269.923
282.809
266.971
244.691
209.959
178.014
151.776
131.107
117.652
106.250
102.243
110.830
141.536
167.004
144.901
122.401
100.550
88.034
88.508
92.832
98.309
105.285
110.339
111.465
111.676
114.170
118.475
121.443
119.987
117.138
115.672
115.960
116.745
117.735
119.242
121.081
123.438
128.349
140.084
160.262
180.793
186.233
168.633
137.281
108.058
91.076
85.052
84.615
87.656
91.955
96.587
100.687
103.090
103.198
101.825
99.839
98.033
96.877
96.301
96.017
95.483
94.141
91.881
88.866
85.360
81.632
78.300
75.686
73.279
71.015
69.047
67.340
65.866
64.588
63.360
62.235
61.604
61.790
63.014
65.260
68.217
71.133
72.934
72.438
69.539
64.734
58.996
53.314
48.448
44.794
42.240
40.549
39.400
38.563
37.904
37.357
36.905
36.512
36.121
35.686
35.167
34.563
33.903
33.235
32.628
32.200
32.123
32.635
34.057
36.700
40.824
46.579
53.757
61.960
70.049
76.653
80.672
81.215
78.042
71.794
63.314
53.837
44.624
36.431
29.754
24.759
21.179
18.722
17.096
16.020
15.318
14.902
14.698
14.671
14.792
15.019
15.304
15.595
15.829
15.945
15.923
15.782
15.550
15.281
15.041
14.874
14.792
14.800
14.859
14.897
14.848
14.676
14.356
13.879
13.285
12.615
11.920
11.250
10.659
10.168
9.782
9.501
9.308
9.177
9.085
9.012
8.945
8.870
8.784
8.687
8.578
8.461
8.341
8.221
8.105
7.997
7.898
7.807
7.724
7.648
7.584
7.539
7.519
7.519
7.530
7.544
7.558
7.573
7.590
7.605
7.614
7.611
7.591
7.554
7.497
7.420
7.326
7.221
7.108
6.990
6.870
6.750
6.632
6.518
6.410
6.308
6.216
6.134
6.064
6.006
5.957
5.916
5.880
5.852
5.832
5.820
5.818
5.825
5.839
5.860
5.889
5.925
5.971
6.024
6.083
6.148
6.216
6.283
6.346
6.399
6.440
6.467
6.478
6.472
6.449
6.411
6.360
6.296
6.222
6.139
6.051
5.959
5.870
5.790
5.725
5.681
5.662
5.671
5.711
5.787
5.910
6.088
6.332
6.645
7.024
7.467
7.971
8.521
9.098
9.678
10.238
10.753
11.194
11.530
11.732
11.788
11.703
11.483
11.136
10.677
10.132
9.530
8.901
8.268
7.653
7.073
6.548
6.093
5.710
5.399
5.157
4.985
4.875
4.818
4.805
4.828
4.878
4.948
5.031
5.119
5.206
5.283
5.342
5.374
5.373
5.338
5.270
5.172
5.045
4.894
4.725
4.546
4.363
4.185
4.016
3.864
3.735
3.636
3.570
3.540
3.549
3.600
3.695
3.834
4.017
4.243
4.511
4.818
5.156
5.516
5.891
6.272
6.646
6.996
7.308
7.566
7.757
7.877
7.920
7.885
7.765
7.565
7.297
6.971
6.602
6.199
5.776
5.346
4.920
4.511
4.130
3.783
3.471
3.196
2.962
2.769
2.616
2.503
2.428
2.389
2.384
2.415
2.482
2.585
2.724
2.901
3.114
3.365
3.652
3.975
4.332
4.719
5.130
5.557
5.997
6.441
6.879
7.300
7.695
8.051
8.359
8.614
8.810
8.943
9.007
9.000
8.922
8.778
8.572
8.309
7.992
7.629
7.229
6.801
6.355
5.899
5.442
4.990
4.549
4.126
3.726
3.356
3.015
2.707
2.431
2.188
1.980
1.803
1.655
1.530
1.426
1.339
1.265
1.203
1.151
1.110
1.076
1.048
1.026
1.008
0.991
0.975
0.958
0.940
0.919
0.897
0.874
0.848
0.822
0.795
0.767
0.740
0.713
0.689
0.666
0.645
0.627
0.612
0.601
0.592
0.587
0.585
0.585
0.587
0.591
0.596
0.602
0.607
0.612
0.615
0.617
0.616
0.612
0.607
0.600
0.591
0.581
0.570
0.560
0.552
0.547
0.547
0.553
0.566
0.589
0.623
0.670
0.732
0.811
0.907
1.021
1.154
1.306
1.477
1.669
1.878
2.102
2.338
2.583
2.833
3.085
3.335
3.577
3.805
4.014
4.198
4.352
4.473
4.559
4.609
4.620
4.594
4.528
4.423
4.283
4.113
3.918
3.702
3.469
3.225
2.973
2.718
2.464
2.216
1.978
1.753
1.543
1.349
1.171
1.009
0.864
0.736
0.625
0.529
0.447
0.377
0.318
0.269
0.228
0.194
0.167
0.145
0.127
0.114
0.102
0.093
0.086
0.081
0.076
0.072
0.069
0.066
0.063
0.060
0.057
0.055
0.052
0.049
0.046
0.043
0.040
0.037
0.034
0.031
0.029
0.026
0.023
0.021
0.019
0.017
0.015
0.013
0.012
0.010
0.009
0.008
0.007
0.007
0.006
0.006
0.005
0.005
0.005
0.004
0.004
0.004
0.004
0.004
0.004
0.004
0.004
0.004
0.003
0.003
0.003
0.003
0.003
0.003
0.003
0.003
0.003
0.003
0.003
0.003
0.003
0.003
0.003
0.003
0.002
0.002
0.002
0.002
0.002
0.002
0.002
0.002
0.002
0.002
0.002
0.002
0.002
0.002
0.002
0.002
0.002
0.002
0.002
0.002
0.002
0.002
0.002
0.002
0.002
0.002
0.002
0.002
0.001
0.001
0.001
0.001
0.001
0.001
0.001
0.001
0.001
0.001
0.001
0.001
0.001
0.001
0.001
0.001
0.000
0.000
0.000
0.000
0.000
0.000
0.000
0.000
0.000
0.000
0.000
0.000
0.000
0.000
0.000
0.000
0.000
0.000
0.000
0.000
0.000
0.000
0.000
0.000
0.000
0.000
0.000
0.000
0.000
0.000
0.000
0.000
0.000
0.000
0.000
0.000
0.000
0.000
0.000
0.000
-0.000
-0.000
-0.000
-0.000
-0.000
-0.000
-0.000
0.000
0.000
0.000
0.000
0.000
0.000
0.000
0.000
-0.000
-0.000
-0.000
-0.000
-0.000
-0.000
-0.000
-0.000
0.000
0.000
0.000
0.000
0
0
0
0
0
0
0
0
0
0
0
0
0
0
0
0
0
0
0
0
0
0
0
0
0
0
0
0
0
0
0
0
0
0
0
0
0
0
0
0
0
0
0
0
0
0
0
0
0
0
0
0
0
0
0
0
0
0
0
0
0
0
0
0
0
0
0
0
0
0
0
0
0
0
0
0
0
0
0
0
0
0
0
0
0
0
0
0
0
0
0
0
0
0
0
0
0
0
0
0
0
0
0
0
0
0
0
0
0
0
0
0
0
0
0
0
0
0
0
0
0
0
0
0
0
0
0
0
0
0
0
0
0
0
0
0
0
0
0
0
0
0
0
0
0
0
0
0
0
0
0
0
0
0
0
0
0
0
0
0
0
0
0
0
0
0
0
0
0
0
0
0
0
0
0
0
0
0
0
0
0
0
0
0
0
0
0
0
0
0
0
0
0
0
0
0
0
0
0
0
0
0
0
0
0
0
0
0
0
0
0
0
0
0
0
0
0
0
0
0
0
0
0
0
0
0
0
0
0
0
0
0
0
0
0
0
0
0
0
0
0
0
0
0
0
0
0
0
0
0
0
0
0
0
0
0
0
0
0
0
0
0
0
0
0
0
0
0
0
0
0
0
0
0
0
0
0
0
0
0
0
0
0
0
0
0
0
0
0
0
0
0
0
0
0
0
0
0
0
0
0
0
0
0
0
0
0
0
0
0
0
0
0
0
0
0
0
0
0
0
0
0
0
0
0
0
0
0
0
0
0
0
0
0
0
0
0
0
0
0
0
0
0
0
0
0
0
0
0
0
0
0
0
0
0
0
0
0
0
0
0
0
0
0
0
0
0
0
0
0
0
0
0
0
0
0
0
0
0
0
0
0
0
0
0
0
0
0
0
0
0
0
0
0
0
0
0
0
0
0
0
0
0
0
0
0
0
0
0
0
0
0
0
0
0
0
0
0
0
0
0
0
0
0
0
0
0
0
0
0
0
0
0
0
0
0
0
0
0
0
0
0
0
0
0
0
0
0
0
0
0
0
0
0
0
0
0
0
0
0
0
0
0
0
0
0
0
0
0
0
0
0
0
0
0
0
0
0
0
0
0
0
0
0
0
0
0
0
0
0
0
0
0
0
0
0
0
0
0
0
0
0
0
0
0
$MCA_CAL:
3
-1.4656616 2.9313233 0.00000000000000
$ENER_FIT:
-1.4656616 2.9313233 0.00000000000000
$MCA_CAL_DATA:
3
298 872
597 1749
896 2625
$CAMBIO:
Parent file specification: C:\GADRAS-DRF\Temp\152EU_75.0_237.5_lead_0.22_6.5.pcf
Successful read of spectrum: Yes
Error message: None
Warning: None
Information: None
Neutrons: 0
Number of spectral records in the parent file: 1
Record number of this spectrum in the parent file: 1
Date and time of acquisition read successfully from the original file: Yes
Live time read successfully from the original file: Yes
True time read successfully from the original file: Yes
GADRAS Tag character is:  
Version: 130122
Parent file type: Sandia GADRAS PCF
