$SPEC_ID:
152EU,1uC{13,1.82}
$MEAS_TIM:
3600.00 3600.00
$DATE_MEA:
3/9/2018 5:22:25 PM
$DATA:
0 1193
175.976
209.763
207.833
243.969
202.154
158.074
131.602
110.150
101.404
96.568
110.862
174.523
325.775
428.429
294.822
179.492
116.089
83.992
81.478
87.175
94.071
102.060
108.441
110.789
113.098
117.346
122.484
125.935
125.143
122.464
120.297
118.780
117.111
115.723
115.911
117.424
119.828
124.451
134.653
152.598
170.659
173.668
153.677
120.820
90.938
73.303
66.529
65.250
66.828
69.380
72.196
74.723
76.227
76.324
75.529
74.392
73.401
72.825
72.586
72.462
72.057
70.979
69.157
66.634
63.585
60.364
57.500
55.246
53.220
51.351
49.718
48.287
47.014
45.849
44.678
43.555
42.793
42.605
43.096
44.200
45.705
47.195
48.050
47.575
45.721
42.794
39.340
35.919
32.982
30.762
29.179
28.086
27.288
26.674
26.199
25.819
25.483
25.161
24.832
24.474
24.063
23.601
23.104
22.599
22.130
21.759
21.573
21.703
22.336
23.649
25.792
28.846
32.683
37.073
41.383
44.852
46.871
46.949
44.963
41.288
36.407
30.998
25.751
21.087
17.285
14.438
12.389
10.968
10.016
9.380
8.962
8.710
8.581
8.552
8.607
8.722
8.870
9.023
9.144
9.199
9.177
9.089
8.954
8.799
8.660
8.560
8.509
8.513
8.548
8.573
8.549
8.456
8.281
8.020
7.695
7.329
6.948
6.583
6.261
5.995
5.786
5.635
5.532
5.464
5.417
5.383
5.352
5.316
5.274
5.225
5.170
5.109
5.046
4.982
4.920
4.861
4.808
4.760
4.716
4.676
4.643
4.620
4.610
4.610
4.617
4.624
4.632
4.640
4.649
4.657
4.661
4.658
4.645
4.623
4.589
4.545
4.492
4.432
4.369
4.302
4.234
4.167
4.100
4.036
3.974
3.917
3.864
3.818
3.778
3.744
3.716
3.692
3.670
3.653
3.641
3.633
3.630
3.632
3.638
3.648
3.662
3.681
3.704
3.732
3.763
3.797
3.832
3.867
3.900
3.928
3.949
3.962
3.966
3.961
3.946
3.923
3.892
3.854
3.811
3.763
3.711
3.658
3.606
3.560
3.522
3.495
3.483
3.486
3.506
3.546
3.612
3.709
3.843
4.015
4.225
4.471
4.750
5.056
5.377
5.699
6.009
6.294
6.536
6.720
6.829
6.856
6.804
6.676
6.478
6.217
5.908
5.567
5.211
4.853
4.505
4.177
3.880
3.622
3.406
3.229
3.093
2.995
2.932
2.899
2.890
2.902
2.928
2.967
3.012
3.061
3.109
3.151
3.182
3.199
3.197
3.175
3.136
3.079
3.006
2.919
2.822
2.720
2.616
2.514
2.418
2.331
2.258
2.200
2.162
2.145
2.150
2.178
2.231
2.309
2.412
2.538
2.689
2.861
3.051
3.253
3.464
3.678
3.887
4.084
4.259
4.403
4.510
4.576
4.598
4.576
4.506
4.392
4.238
4.052
3.841
3.612
3.371
3.126
2.884
2.651
2.435
2.238
2.060
1.904
1.771
1.661
1.574
1.510
1.467
1.444
1.441
1.458
1.496
1.554
1.633
1.733
1.854
1.996
2.158
2.341
2.544
2.763
2.995
3.237
3.486
3.737
3.985
4.223
4.447
4.648
4.822
4.965
5.075
5.149
5.184
5.179
5.133
5.050
4.931
4.780
4.598
4.390
4.160
3.915
3.660
3.399
3.138
2.879
2.627
2.385
2.157
1.945
1.751
1.575
1.417
1.278
1.159
1.058
0.973
0.902
0.842
0.792
0.750
0.714
0.684
0.660
0.641
0.625
0.612
0.601
0.592
0.582
0.573
0.562
0.550
0.537
0.523
0.509
0.493
0.478
0.462
0.446
0.431
0.416
0.403
0.391
0.381
0.372
0.365
0.360
0.357
0.356
0.356
0.357
0.359
0.362
0.365
0.368
0.371
0.373
0.373
0.373
0.370
0.367
0.363
0.358
0.352
0.345
0.340
0.335
0.332
0.332
0.335
0.343
0.356
0.376
0.403
0.438
0.483
0.539
0.604
0.680
0.768
0.866
0.975
1.096
1.224
1.360
1.500
1.644
1.788
1.931
2.070
2.201
2.321
2.427
2.515
2.584
2.632
2.661
2.667
2.651
2.612
2.552
2.470
2.372
2.259
2.135
2.000
1.859
1.714
1.567
1.421
1.277
1.140
1.010
0.889
0.778
0.675
0.581
0.498
0.424
0.360
0.305
0.258
0.218
0.184
0.155
0.132
0.112
0.096
0.084
0.074
0.066
0.059
0.054
0.050
0.047
0.044
0.042
0.040
0.038
0.037
0.035
0.033
0.032
0.030
0.028
0.027
0.025
0.023
0.022
0.020
0.018
0.017
0.015
0.014
0.012
0.011
0.010
0.009
0.008
0.007
0.006
0.005
0.005
0.004
0.004
0.004
0.003
0.003
0.003
0.003
0.003
0.002
0.002
0.002
0.002
0.002
0.002
0.002
0.002
0.002
0.002
0.002
0.002
0.002
0.002
0.002
0.002
0.002
0.002
0.002
0.002
0.002
0.002
0.002
0.001
0.001
0.001
0.001
0.001
0.001
0.001
0.001
0.001
0.001
0.001
0.001
0.001
0.001
0.001
0.001
0.001
0.001
0.001
0.001
0.001
0.001
0.001
0.001
0.001
0.001
0.001
0.001
0.001
0.001
0.001
0.001
0.001
0.001
0.001
0.001
0.001
0.001
0.001
0.000
0.000
0.000
0.000
0.000
0.000
0.000
0.000
0.000
0.000
0.000
0.000
0.000
0.000
0.000
0.000
0.000
0.000
0.000
0.000
0.000
0.000
0.000
0.000
0.000
0.000
0.000
0.000
0.000
0.000
0.000
0.000
0.000
0.000
0.000
0.000
0.000
0.000
0.000
0.000
0.000
0.000
0.000
0.000
0.000
0.000
-0.000
-0.000
-0.000
-0.000
-0.000
-0.000
-0.000
0.000
0.000
0.000
0.000
0.000
0.000
0.000
0.000
-0.000
-0.000
-0.000
-0.000
-0.000
-0.000
-0.000
-0.000
0.000
0.000
0.000
0.000
0
0
0
0
0
0
0
0
0
0
0
0
0
0
0
0
0
0
0
0
0
0
0
0
0
0
0
0
0
0
0
0
0
0
0
0
0
0
0
0
0
0
0
0
0
0
0
0
0
0
0
0
0
0
0
0
0
0
0
0
0
0
0
0
0
0
0
0
0
0
0
0
0
0
0
0
0
0
0
0
0
0
0
0
0
0
0
0
0
0
0
0
0
0
0
0
0
0
0
0
0
0
0
0
0
0
0
0
0
0
0
0
0
0
0
0
0
0
0
0
0
0
0
0
0
0
0
0
0
0
0
0
0
0
0
0
0
0
0
0
0
0
0
0
0
0
0
0
0
0
0
0
0
0
0
0
0
0
0
0
0
0
0
0
0
0
0
0
0
0
0
0
0
0
0
0
0
0
0
0
0
0
0
0
0
0
0
0
0
0
0
0
0
0
0
0
0
0
0
0
0
0
0
0
0
0
0
0
0
0
0
0
0
0
0
0
0
0
0
0
0
0
0
0
0
0
0
0
0
0
0
0
0
0
0
0
0
0
0
0
0
0
0
0
0
0
0
0
0
0
0
0
0
0
0
0
0
0
0
0
0
0
0
0
0
0
0
0
0
0
0
0
0
0
0
0
0
0
0
0
0
0
0
0
0
0
0
0
0
0
0
0
0
0
0
0
0
0
0
0
0
0
0
0
0
0
0
0
0
0
0
0
0
0
0
0
0
0
0
0
0
0
0
0
0
0
0
0
0
0
0
0
0
0
0
0
0
0
0
0
0
0
0
0
0
0
0
0
0
0
0
0
0
0
0
0
0
0
0
0
0
0
0
0
0
0
0
0
0
0
0
0
0
0
0
0
0
0
0
0
0
0
0
0
0
0
0
0
0
0
0
0
0
0
0
0
0
0
0
0
0
0
0
0
0
0
0
0
0
0
0
0
0
0
0
0
0
0
0
0
0
0
0
0
0
0
0
0
0
0
0
0
0
0
0
0
0
0
0
0
0
0
0
0
0
0
0
0
0
0
0
0
0
0
0
0
0
0
0
0
0
0
0
0
0
0
0
0
0
0
0
0
0
0
0
0
0
0
0
0
0
0
0
0
0
0
0
0
0
0
0
0
0
0
0
0
0
0
0
0
0
0
0
0
0
$MCA_CAL:
3
-1.4656616 2.9313233 0.00000000000000
$ENER_FIT:
-1.4656616 2.9313233 0.00000000000000
$MCA_CAL_DATA:
3
298 872
597 1749
896 2625
$CAMBIO:
Parent file specification: C:\GADRAS-DRF\Temp\152EU_100.0_300.0_alum_1.82_6.5.pcf
Successful read of spectrum: Yes
Error message: None
Warning: None
Information: None
Neutrons: 0
Number of spectral records in the parent file: 1
Record number of this spectrum in the parent file: 1
Date and time of acquisition read successfully from the original file: Yes
Live time read successfully from the original file: Yes
True time read successfully from the original file: Yes
GADRAS Tag character is:  
Version: 130122
Parent file type: Sandia GADRAS PCF
