$SPEC_ID:
152EU,1uC{0,0}
$MEAS_TIM:
3600.00 3600.00
$DATE_MEA:
3/9/2018 5:22:25 PM
$DATA:
0 1193
405.963
512.328
579.454
688.296
567.722
373.275
298.905
234.801
210.634
207.102
321.578
808.466
1755.510
2296.896
1665.352
862.951
423.415
213.650
146.846
141.172
148.942
159.501
168.547
177.886
187.987
201.716
215.271
222.461
220.451
212.286
203.791
198.277
196.346
198.173
204.598
216.817
237.496
271.736
322.257
381.334
428.215
436.805
397.578
324.004
243.610
181.709
144.772
129.010
127.030
130.971
136.179
141.336
144.672
145.359
144.027
141.592
138.880
136.333
134.067
131.916
129.431
126.222
122.337
117.944
113.297
108.848
105.159
102.206
99.667
97.462
95.597
94.012
92.655
91.607
91.013
91.113
92.163
94.327
97.668
101.791
106.098
109.603
111.186
110.251
106.597
100.535
92.969
84.815
76.941
70.103
64.546
60.334
57.307
55.137
53.551
52.389
51.502
50.770
50.078
49.367
48.641
47.926
47.325
46.963
47.030
47.795
49.537
52.564
57.188
63.605
71.700
81.299
91.841
102.380
111.930
119.438
123.805
124.181
120.715
113.798
104.031
92.456
80.190
68.169
57.051
47.454
39.680
33.613
29.102
25.945
23.869
22.601
21.924
21.693
21.766
22.028
22.399
22.803
23.180
23.499
23.734
23.869
23.923
23.920
23.886
23.833
23.771
23.709
23.630
23.498
23.273
22.932
22.474
21.896
21.206
20.436
19.628
18.823
18.057
17.355
16.741
16.234
15.827
15.507
15.258
15.067
14.917
14.791
14.675
14.561
14.446
14.328
14.203
14.077
13.954
13.840
13.736
13.643
13.560
13.489
13.431
13.391
13.373
13.378
13.402
13.434
13.466
13.491
13.505
13.511
13.506
13.491
13.461
13.411
13.336
13.232
13.105
12.960
12.802
12.635
12.463
12.288
12.111
11.936
11.766
11.605
11.455
11.323
11.206
11.105
11.018
10.945
10.885
10.839
10.809
10.797
10.802
10.823
10.858
10.904
10.960
11.024
11.097
11.176
11.260
11.350
11.438
11.520
11.591
11.648
11.689
11.713
11.722
11.714
11.691
11.651
11.597
11.528
11.445
11.353
11.263
11.180
11.114
11.073
11.065
11.097
11.177
11.314
11.512
11.774
12.104
12.504
12.977
13.516
14.112
14.751
15.421
16.109
16.794
17.452
18.056
18.580
19.002
19.305
19.482
19.527
19.432
19.190
18.812
18.317
17.725
17.056
16.330
15.567
14.791
14.023
13.286
12.603
11.984
11.435
10.957
10.553
10.226
9.975
9.790
9.660
9.576
9.528
9.505
9.499
9.500
9.499
9.489
9.459
9.408
9.334
9.236
9.117
8.973
8.809
8.630
8.445
8.261
8.086
7.927
7.791
7.684
7.613
7.586
7.609
7.686
7.815
7.996
8.227
8.507
8.834
9.201
9.597
10.014
10.441
10.867
11.283
11.675
12.032
12.341
12.590
12.766
12.861
12.876
12.813
12.672
12.456
12.166
11.808
11.394
10.935
10.445
9.933
9.413
8.894
8.387
7.900
7.445
7.029
6.664
6.354
6.100
5.906
5.774
5.705
5.702
5.764
5.889
6.076
6.321
6.624
6.980
7.388
7.839
8.329
8.850
9.397
9.963
10.539
11.118
11.685
12.231
12.743
13.212
13.627
13.982
14.272
14.491
14.636
14.698
14.675
14.568
14.383
14.126
13.803
13.417
12.978
12.488
11.958
11.393
10.802
10.193
9.573
8.949
8.328
7.719
7.127
6.560
6.026
5.531
5.079
4.669
4.297
3.961
3.659
3.388
3.146
2.931
2.741
2.573
2.426
2.297
2.186
2.088
2.003
1.929
1.863
1.805
1.752
1.703
1.656
1.610
1.566
1.525
1.485
1.446
1.409
1.374
1.341
1.310
1.281
1.254
1.230
1.209
1.191
1.175
1.161
1.150
1.141
1.133
1.128
1.123
1.120
1.119
1.119
1.120
1.123
1.128
1.134
1.143
1.156
1.174
1.199
1.231
1.271
1.322
1.383
1.457
1.545
1.649
1.770
1.909
2.068
2.246
2.443
2.658
2.889
3.138
3.401
3.678
3.968
4.266
4.568
4.869
5.167
5.456
5.732
5.993
6.234
6.451
6.642
6.802
6.928
7.016
7.064
7.070
7.037
6.965
6.858
6.717
6.542
6.338
6.104
5.846
5.567
5.273
4.967
4.653
4.337
4.021
3.710
3.406
3.110
2.825
2.552
2.293
2.051
1.828
1.623
1.435
1.265
1.111
0.973
0.850
0.741
0.645
0.561
0.489
0.426
0.373
0.327
0.289
0.255
0.227
0.202
0.182
0.164
0.149
0.136
0.125
0.115
0.107
0.099
0.092
0.085
0.079
0.074
0.069
0.064
0.060
0.055
0.051
0.047
0.043
0.040
0.036
0.033
0.030
0.028
0.025
0.023
0.021
0.019
0.017
0.016
0.015
0.014
0.012
0.012
0.011
0.010
0.009
0.009
0.008
0.008
0.008
0.007
0.007
0.007
0.007
0.006
0.006
0.006
0.006
0.006
0.006
0.006
0.005
0.005
0.005
0.005
0.005
0.005
0.005
0.005
0.004
0.004
0.004
0.004
0.004
0.004
0.004
0.004
0.004
0.004
0.004
0.004
0.003
0.003
0.003
0.003
0.003
0.003
0.003
0.003
0.003
0.003
0.003
0.003
0.003
0.003
0.003
0.002
0.002
0.002
0.002
0.002
0.002
0.002
0.002
0.002
0.002
0.001
0.001
0.001
0.001
0.001
0.001
0.001
0.001
0.001
0.001
0.001
0.001
0.001
0.000
0.000
0.000
0.000
0.000
0.000
0.000
0.000
0.000
0.000
0.000
0.000
0.000
0.000
0.000
0.000
0.000
0.000
0.000
0.000
0.000
0.000
0.000
0.000
0.000
0.000
0.000
0.000
0.000
0.000
0.000
0.000
0.000
0.000
0.000
0.000
0.000
0.000
0.000
0.000
0.000
0.000
0.000
0.000
0.000
-0.000
-0.000
-0.000
-0.000
-0.000
-0.000
-0.000
-0.000
-0.000
0.000
0.000
0.000
0.000
0.000
0.000
0
0
0
0
0
0
0
0
0
0
0
0
0
0
0
0
0
0
0
0
0
0
0
0
0
0
0
0
0
0
0
0
0
0
0
0
0
0
0
0
0
0
0
0
0
0
0
0
0
0
0
0
0
0
0
0
0
0
0
0
0
0
0
0
0
0
0
0
0
0
0
0
0
0
0
0
0
0
0
0
0
0
0
0
0
0
0
0
0
0
0
0
0
0
0
0
0
0
0
0
0
0
0
0
0
0
0
0
0
0
0
0
0
0
0
0
0
0
0
0
0
0
0
0
0
0
0
0
0
0
0
0
0
0
0
0
0
0
0
0
0
0
0
0
0
0
0
0
0
0
0
0
0
0
0
0
0
0
0
0
0
0
0
0
0
0
0
0
0
0
0
0
0
0
0
0
0
0
0
0
0
0
0
0
0
0
0
0
0
0
0
0
0
0
0
0
0
0
0
0
0
0
0
0
0
0
0
0
0
0
0
0
0
0
0
0
0
0
0
0
0
0
0
0
0
0
0
0
0
0
0
0
0
0
0
0
0
0
0
0
0
0
0
0
0
0
0
0
0
0
0
0
0
0
0
0
0
0
0
0
0
0
0
0
0
0
0
0
0
0
0
0
0
0
0
0
0
0
0
0
0
0
0
0
0
0
0
0
0
0
0
0
0
0
0
0
0
0
0
0
0
0
0
0
0
0
0
0
0
0
0
0
0
0
0
0
0
0
0
0
0
0
0
0
0
0
0
0
0
0
0
0
0
0
0
0
0
0
0
0
0
0
0
0
0
0
0
0
0
0
0
0
0
0
0
0
0
0
0
0
0
0
0
0
0
0
0
0
0
0
0
0
0
0
0
0
0
0
0
0
0
0
0
0
0
0
0
0
0
0
0
0
0
0
0
0
0
0
0
0
0
0
0
0
0
0
0
0
0
0
0
0
0
0
0
0
0
0
0
0
0
0
0
0
0
0
0
0
0
0
0
0
0
0
0
0
0
0
0
0
0
0
0
0
0
0
0
0
0
0
0
0
0
0
0
0
0
0
0
0
0
0
0
0
0
0
0
0
0
0
0
0
0
0
0
0
0
0
0
0
0
0
0
0
0
0
0
0
0
0
0
0
0
0
0
0
0
0
0
0
0
0
0
0
$MCA_CAL:
3
-1.4656616 2.9313233 0.00000000000000
$ENER_FIT:
-1.4656616 2.9313233 0.00000000000000
$MCA_CAL_DATA:
3
298 872
597 1749
896 2625
$CAMBIO:
Parent file specification: C:\GADRAS-DRF\Temp\152EU_100.0_175.0_none_0_8.0.pcf
Successful read of spectrum: Yes
Error message: None
Warning: None
Information: None
Neutrons: 0
Number of spectral records in the parent file: 1
Record number of this spectrum in the parent file: 1
Date and time of acquisition read successfully from the original file: Yes
Live time read successfully from the original file: Yes
True time read successfully from the original file: Yes
GADRAS Tag character is:  
Version: 130122
Parent file type: Sandia GADRAS PCF
