$SPEC_ID:
152EU,1uC{26,6.28}
$MEAS_TIM:
3600.00 3600.00
$DATE_MEA:
3/9/2018 5:22:25 PM
$DATA:
0 1193
463.354
460.562
436.070
636.641
530.993
454.903
391.247
340.973
304.292
272.879
255.399
240.554
227.329
219.051
215.268
214.315
215.943
221.579
231.592
244.493
261.338
279.985
293.214
297.731
301.128
306.751
313.358
318.702
320.502
323.655
330.092
337.228
343.380
344.700
346.868
351.661
361.301
378.008
403.659
436.311
463.921
466.680
436.609
385.345
334.124
299.131
281.421
276.462
278.778
283.792
288.555
291.743
292.738
290.996
287.729
284.462
281.820
279.868
278.397
277.121
275.475
272.817
268.943
263.830
257.613
250.899
244.510
238.697
233.397
228.275
223.171
218.220
213.474
208.908
204.656
201.016
198.890
199.206
201.649
205.430
209.604
213.075
214.287
211.803
205.654
196.454
185.393
173.874
163.079
154.018
146.959
141.574
137.569
134.717
132.755
131.331
130.110
128.944
127.730
126.408
124.938
123.348
121.787
120.410
119.431
119.078
119.803
122.264
127.018
134.304
144.259
156.588
170.619
185.390
198.856
208.790
213.672
212.782
205.650
193.136
176.645
157.673
137.987
119.353
102.877
88.970
77.963
69.681
63.686
59.545
56.843
55.175
54.194
53.735
53.661
53.840
54.156
54.494
54.759
54.889
54.828
54.566
54.171
53.709
53.244
52.814
52.459
52.179
51.896
51.532
51.013
50.309
49.392
48.246
46.920
45.470
43.958
42.455
41.037
39.777
38.707
37.820
37.113
36.567
36.144
35.803
35.507
35.235
34.969
34.697
34.411
34.114
33.810
33.500
33.193
32.896
32.615
32.355
32.118
31.909
31.729
31.581
31.469
31.393
31.348
31.320
31.295
31.261
31.212
31.147
31.065
30.962
30.830
30.664
30.454
30.200
29.909
29.593
29.260
28.914
28.564
28.210
27.859
27.513
27.180
26.862
26.565
26.292
26.042
25.817
25.619
25.448
25.302
25.181
25.087
25.017
24.971
24.949
24.949
24.971
25.013
25.072
25.150
25.240
25.338
25.440
25.542
25.636
25.715
25.774
25.804
25.800
25.765
25.700
25.608
25.488
25.345
25.173
24.976
24.752
24.514
24.280
24.068
23.898
23.785
23.740
23.770
23.888
24.100
24.419
24.855
25.420
26.125
26.971
27.940
29.008
30.155
31.357
32.573
33.750
34.834
35.773
36.521
37.049
37.336
37.362
37.102
36.558
35.768
34.765
33.585
32.265
30.850
29.383
27.912
26.482
25.138
23.902
22.790
21.820
21.005
20.356
19.860
19.498
19.249
19.096
19.017
18.999
19.022
19.070
19.128
19.177
19.204
19.191
19.127
18.994
18.783
18.505
18.175
17.806
17.412
17.009
16.607
16.223
15.868
15.557
15.301
15.112
15.002
14.979
15.056
15.241
15.537
15.933
16.426
17.007
17.669
18.399
19.177
19.982
20.793
21.586
22.342
23.035
23.638
24.127
24.475
24.659
24.669
24.516
24.205
23.746
23.144
22.411
21.573
20.651
19.671
18.657
17.636
16.624
15.644
14.712
13.849
13.071
12.395
11.825
11.362
11.010
10.768
10.641
10.628
10.728
10.937
11.257
11.683
12.216
12.847
13.572
14.381
15.266
16.221
17.234
18.292
19.370
20.453
21.518
22.547
23.517
24.416
25.219
25.912
26.478
26.896
27.155
27.253
27.195
26.978
26.610
26.089
25.424
24.628
23.724
22.726
21.657
20.531
19.368
18.185
16.993
15.811
14.652
13.533
12.466
11.458
10.513
9.636
8.831
8.104
7.458
6.888
6.389
5.952
5.573
5.242
4.955
4.705
4.489
4.302
4.141
4.001
3.877
3.768
3.669
3.579
3.495
3.416
3.339
3.262
3.185
3.109
3.034
2.960
2.888
2.820
2.754
2.692
2.635
2.583
2.536
2.496
2.462
2.434
2.412
2.395
2.381
2.371
2.363
2.357
2.352
2.349
2.346
2.343
2.339
2.335
2.331
2.329
2.332
2.341
2.359
2.386
2.426
2.483
2.558
2.657
2.783
2.940
3.131
3.358
3.624
3.928
4.271
4.655
5.078
5.544
6.047
6.584
7.147
7.730
8.325
8.928
9.531
10.126
10.701
11.249
11.757
12.215
12.613
12.939
13.189
13.360
13.453
13.465
13.396
13.244
13.010
12.695
12.308
11.859
11.355
10.807
10.223
9.613
8.984
8.344
7.703
7.066
6.441
5.837
5.261
4.719
4.213
3.743
3.308
2.909
2.547
2.219
1.928
1.671
1.445
1.248
1.077
0.930
0.805
0.698
0.607
0.531
0.467
0.415
0.371
0.336
0.306
0.280
0.257
0.238
0.220
0.206
0.192
0.180
0.169
0.158
0.148
0.138
0.129
0.120
0.111
0.103
0.095
0.087
0.080
0.073
0.067
0.061
0.055
0.050
0.046
0.041
0.038
0.034
0.031
0.028
0.026
0.024
0.022
0.020
0.019
0.018
0.017
0.016
0.015
0.014
0.014
0.013
0.013
0.012
0.012
0.012
0.012
0.011
0.011
0.011
0.011
0.010
0.010
0.010
0.010
0.009
0.009
0.009
0.009
0.009
0.008
0.008
0.008
0.008
0.008
0.007
0.007
0.007
0.007
0.007
0.007
0.007
0.006
0.006
0.006
0.006
0.006
0.006
0.006
0.006
0.006
0.005
0.005
0.005
0.005
0.005
0.005
0.005
0.005
0.004
0.004
0.004
0.004
0.004
0.004
0.003
0.003
0.003
0.003
0.003
0.002
0.002
0.002
0.002
0.002
0.001
0.001
0.001
0.001
0.001
0.001
0.001
0.001
0.001
0.000
0.000
0.000
0.000
0.000
0.000
0.000
0.000
0.000
0.000
0.000
0.000
0.000
0.000
0.000
0.000
0.000
0.000
0.000
0.000
0.000
0.000
0.000
0.000
0.000
0.000
0.000
0.000
0.000
0.000
0.000
0.000
0.000
0.000
-0.000
-0.000
-0.000
-0.000
-0.000
-0.000
-0.000
-0.000
-0.000
0.000
0.000
0.000
0.000
0.000
0.000
0.000
0.000
0.000
0.000
0.000
0.000
0.000
0.000
0
0
0
0
0
0
0
0
0
0
0
0
0
0
0
0
0
0
0
0
0
0
0
0
0
0
0
0
0
0
0
0
0
0
0
0
0
0
0
0
0
0
0
0
0
0
0
0
0
0
0
0
0
0
0
0
0
0
0
0
0
0
0
0
0
0
0
0
0
0
0
0
0
0
0
0
0
0
0
0
0
0
0
0
0
0
0
0
0
0
0
0
0
0
0
0
0
0
0
0
0
0
0
0
0
0
0
0
0
0
0
0
0
0
0
0
0
0
0
0
0
0
0
0
0
0
0
0
0
0
0
0
0
0
0
0
0
0
0
0
0
0
0
0
0
0
0
0
0
0
0
0
0
0
0
0
0
0
0
0
0
0
0
0
0
0
0
0
0
0
0
0
0
0
0
0
0
0
0
0
0
0
0
0
0
0
0
0
0
0
0
0
0
0
0
0
0
0
0
0
0
0
0
0
0
0
0
0
0
0
0
0
0
0
0
0
0
0
0
0
0
0
0
0
0
0
0
0
0
0
0
0
0
0
0
0
0
0
0
0
0
0
0
0
0
0
0
0
0
0
0
0
0
0
0
0
0
0
0
0
0
0
0
0
0
0
0
0
0
0
0
0
0
0
0
0
0
0
0
0
0
0
0
0
0
0
0
0
0
0
0
0
0
0
0
0
0
0
0
0
0
0
0
0
0
0
0
0
0
0
0
0
0
0
0
0
0
0
0
0
0
0
0
0
0
0
0
0
0
0
0
0
0
0
0
0
0
0
0
0
0
0
0
0
0
0
0
0
0
0
0
0
0
0
0
0
0
0
0
0
0
0
0
0
0
0
0
0
0
0
0
0
0
0
0
0
0
0
0
0
0
0
0
0
0
0
0
0
0
0
0
0
0
0
0
0
0
0
0
0
0
0
0
0
0
0
0
0
0
0
0
0
0
0
0
0
0
0
0
0
0
0
0
0
0
0
0
0
0
0
0
0
0
0
0
0
0
0
0
0
0
0
0
0
0
0
0
0
0
0
0
0
0
0
0
0
0
0
0
0
0
0
0
0
0
0
0
0
0
0
0
0
0
0
0
0
0
0
0
0
0
0
0
0
0
0
0
0
0
0
0
0
0
0
0
0
0
0
0
0
0
0
0
0
$MCA_CAL:
3
-1.4656616 2.9313233 0.00000000000000
$ENER_FIT:
-1.4656616 2.9313233 0.00000000000000
$MCA_CAL_DATA:
3
298 872
597 1749
896 2625
$CAMBIO:
Parent file specification: C:\GADRAS-DRF\Temp\152EU_50.0_112.5_iron_6.28_7.5.pcf
Successful read of spectrum: Yes
Error message: None
Warning: None
Information: None
Neutrons: 0
Number of spectral records in the parent file: 1
Record number of this spectrum in the parent file: 1
Date and time of acquisition read successfully from the original file: Yes
Live time read successfully from the original file: Yes
True time read successfully from the original file: Yes
GADRAS Tag character is:  
Version: 130122
Parent file type: Sandia GADRAS PCF
