$SPEC_ID:
152EU,1uC{26,1.53}
$MEAS_TIM:
3600.00 3600.00
$DATE_MEA:
3/9/2018 5:22:25 PM
$DATA:
0 1193
293.615
311.949
297.002
312.291
264.039
224.539
191.612
165.828
147.359
132.412
124.773
120.851
120.245
121.500
120.555
117.946
114.125
113.134
116.943
123.806
132.874
142.953
152.376
158.943
166.200
175.389
183.497
187.953
186.514
181.774
177.371
175.375
176.059
178.412
183.838
193.340
209.210
233.406
265.428
300.512
326.200
329.078
302.762
256.554
205.972
164.990
139.026
127.148
125.015
127.500
131.458
135.390
137.839
138.079
136.553
133.960
131.040
128.186
125.576
123.138
120.706
118.061
115.127
111.987
108.756
105.580
102.745
100.585
98.904
97.241
95.538
93.978
92.663
91.638
90.980
90.796
91.224
92.432
94.429
96.850
99.235
100.910
101.181
99.705
96.363
91.333
85.229
78.677
72.234
66.420
61.504
57.534
54.501
52.249
50.592
49.369
48.434
47.662
46.990
46.376
45.814
45.349
45.038
45.009
45.436
46.494
48.377
51.283
55.354
60.625
67.105
74.572
82.486
90.291
97.268
102.563
105.344
105.323
102.617
97.369
90.048
81.339
71.935
62.455
53.466
45.520
38.878
33.509
29.365
26.342
24.251
22.894
22.094
21.719
21.645
21.757
21.981
22.257
22.530
22.765
22.953
23.081
23.147
23.161
23.141
23.099
23.033
22.935
22.796
22.606
22.352
22.020
21.600
21.096
20.525
19.902
19.247
18.586
17.945
17.353
16.825
16.364
15.972
15.651
15.392
15.183
15.011
14.864
14.733
14.614
14.498
14.383
14.267
14.154
14.045
13.943
13.847
13.759
13.678
13.607
13.547
13.500
13.471
13.460
13.461
13.468
13.475
13.476
13.469
13.453
13.428
13.393
13.346
13.285
13.206
13.108
12.991
12.860
12.717
12.566
12.411
12.254
12.097
11.942
11.792
11.648
11.512
11.387
11.275
11.177
11.092
11.022
10.964
10.920
10.888
10.869
10.862
10.868
10.887
10.917
10.956
11.003
11.057
11.116
11.177
11.237
11.295
11.348
11.393
11.430
11.455
11.468
11.468
11.454
11.428
11.390
11.344
11.288
11.228
11.167
11.112
11.064
11.029
11.016
11.030
11.079
11.171
11.312
11.503
11.745
12.040
12.387
12.786
13.230
13.709
14.214
14.736
15.265
15.786
16.278
16.724
17.105
17.405
17.612
17.724
17.738
17.649
17.454
17.156
16.769
16.307
15.784
15.214
14.612
13.994
13.374
12.770
12.196
11.668
11.196
10.776
10.411
10.098
9.837
9.627
9.462
9.336
9.242
9.175
9.125
9.089
9.059
9.028
8.989
8.936
8.862
8.768
8.657
8.533
8.400
8.261
8.123
7.988
7.863
7.753
7.664
7.600
7.567
7.567
7.601
7.673
7.784
7.936
8.129
8.359
8.619
8.905
9.209
9.528
9.853
10.177
10.489
10.779
11.039
11.257
11.426
11.543
11.606
11.611
11.558
11.444
11.267
11.034
10.751
10.427
10.068
9.685
9.282
8.870
8.455
8.048
7.656
7.288
6.952
6.656
6.402
6.192
6.031
5.920
5.863
5.861
5.915
6.021
6.179
6.385
6.638
6.934
7.273
7.647
8.050
8.477
8.922
9.380
9.844
10.307
10.759
11.192
11.598
11.968
12.292
12.565
12.784
12.945
13.048
13.089
13.068
12.979
12.826
12.614
12.347
12.030
11.668
11.266
10.830
10.364
9.875
9.370
8.854
8.335
7.817
7.308
6.811
6.329
5.867
5.428
5.013
4.629
4.276
3.955
3.664
3.401
3.165
2.952
2.762
2.593
2.442
2.309
2.191
2.086
1.994
1.912
1.838
1.772
1.713
1.659
1.610
1.565
1.523
1.484
1.446
1.411
1.377
1.345
1.315
1.287
1.261
1.237
1.215
1.195
1.177
1.161
1.147
1.134
1.124
1.116
1.110
1.106
1.104
1.104
1.106
1.110
1.115
1.124
1.137
1.153
1.175
1.203
1.237
1.278
1.328
1.387
1.456
1.536
1.628
1.734
1.853
1.988
2.137
2.300
2.477
2.666
2.867
3.079
3.302
3.534
3.773
4.017
4.260
4.502
4.738
4.966
5.183
5.386
5.572
5.738
5.884
6.005
6.101
6.167
6.203
6.206
6.178
6.120
6.034
5.921
5.783
5.621
5.437
5.233
5.011
4.776
4.529
4.274
4.014
3.752
3.492
3.235
2.985
2.741
2.506
2.280
2.065
1.861
1.671
1.496
1.334
1.187
1.053
0.931
0.821
0.722
0.634
0.556
0.488
0.428
0.376
0.331
0.292
0.258
0.229
0.204
0.183
0.164
0.147
0.133
0.121
0.111
0.101
0.093
0.086
0.080
0.074
0.068
0.063
0.058
0.054
0.050
0.046
0.043
0.039
0.036
0.033
0.031
0.028
0.026
0.024
0.022
0.020
0.018
0.017
0.015
0.014
0.013
0.012
0.011
0.010
0.010
0.009
0.009
0.008
0.008
0.007
0.007
0.007
0.006
0.006
0.006
0.006
0.006
0.006
0.005
0.005
0.005
0.005
0.005
0.005
0.005
0.005
0.004
0.004
0.004
0.004
0.004
0.004
0.004
0.004
0.004
0.004
0.004
0.003
0.003
0.003
0.003
0.003
0.003
0.003
0.003
0.003
0.003
0.003
0.003
0.003
0.003
0.003
0.002
0.002
0.002
0.002
0.002
0.002
0.002
0.002
0.002
0.002
0.002
0.002
0.001
0.001
0.001
0.001
0.001
0.001
0.001
0.001
0.001
0.001
0.001
0.001
0.001
0.001
0.000
0.000
0.000
0.000
0.000
0.000
0.000
0.000
0.000
0.000
0.000
0.000
0.000
0.000
0.000
0.000
0.000
0.000
0.000
0.000
0.000
0.000
0.000
0.000
0.000
0.000
0.000
0.000
0.000
0.000
0.000
0.000
0.000
0.000
0.000
0.000
0.000
0.000
0.000
0.000
0.000
0.000
0.000
0.000
0.000
0.000
0.000
0.000
0.000
-0.000
-0.000
-0.000
-0.000
-0.000
-0.000
-0.000
-0.000
-0.000
-0.000
0.000
0.000
0.000
0.000
0.000
0.000
0.000
0.000
0.000
0.000
0.000
-0.000
-0.000
-0.000
-0.000
-0.000
-0.000
-0.000
-0.000
-0.000
-0.000
0.000
0.000
0.000
0.000
0.000
0.000
0
0
0
0
0
0
0
0
0
0
0
0
0
0
0
0
0
0
0
0
0
0
0
0
0
0
0
0
0
0
0
0
0
0
0
0
0
0
0
0
0
0
0
0
0
0
0
0
0
0
0
0
0
0
0
0
0
0
0
0
0
0
0
0
0
0
0
0
0
0
0
0
0
0
0
0
0
0
0
0
0
0
0
0
0
0
0
0
0
0
0
0
0
0
0
0
0
0
0
0
0
0
0
0
0
0
0
0
0
0
0
0
0
0
0
0
0
0
0
0
0
0
0
0
0
0
0
0
0
0
0
0
0
0
0
0
0
0
0
0
0
0
0
0
0
0
0
0
0
0
0
0
0
0
0
0
0
0
0
0
0
0
0
0
0
0
0
0
0
0
0
0
0
0
0
0
0
0
0
0
0
0
0
0
0
0
0
0
0
0
0
0
0
0
0
0
0
0
0
0
0
0
0
0
0
0
0
0
0
0
0
0
0
0
0
0
0
0
0
0
0
0
0
0
0
0
0
0
0
0
0
0
0
0
0
0
0
0
0
0
0
0
0
0
0
0
0
0
0
0
0
0
0
0
0
0
0
0
0
0
0
0
0
0
0
0
0
0
0
0
0
0
0
0
0
0
0
0
0
0
0
0
0
0
0
0
0
0
0
0
0
0
0
0
0
0
0
0
0
0
0
0
0
0
0
0
0
0
0
0
0
0
0
0
0
0
0
0
0
0
0
0
0
0
0
0
0
0
0
0
0
0
0
0
0
0
0
0
0
0
0
0
0
0
0
0
0
0
0
0
0
0
0
0
0
0
0
0
0
0
0
0
0
0
0
0
0
0
0
0
0
0
0
0
0
0
0
0
0
0
0
0
0
0
0
0
0
0
0
0
0
0
0
0
0
0
0
0
0
0
0
0
0
0
0
0
0
0
0
0
0
0
0
0
0
0
0
0
0
0
0
0
0
0
0
0
0
0
0
0
0
0
0
0
0
0
0
0
0
0
0
0
0
0
0
0
0
0
0
0
0
0
0
0
0
0
0
0
0
0
0
0
0
0
0
0
0
0
0
0
0
0
0
0
0
0
0
0
$MCA_CAL:
3
-1.4656616 2.9313233 0.00000000000000
$ENER_FIT:
-1.4656616 2.9313233 0.00000000000000
$MCA_CAL_DATA:
3
298 872
597 1749
896 2625
$CAMBIO:
Parent file specification: C:\GADRAS-DRF\Temp\152EU_125.0_175.0_iron_1.53_8.5.pcf
Successful read of spectrum: Yes
Error message: None
Warning: None
Information: None
Neutrons: 0
Number of spectral records in the parent file: 1
Record number of this spectrum in the parent file: 1
Date and time of acquisition read successfully from the original file: Yes
Live time read successfully from the original file: Yes
True time read successfully from the original file: Yes
GADRAS Tag character is:  
Version: 130122
Parent file type: Sandia GADRAS PCF
