$SPEC_ID:
152EU,1uC{26,6.28}
$MEAS_TIM:
3600.00 3600.00
$DATE_MEA:
3/9/2018 5:22:25 PM
$DATA:
0 1193
176.630
177.347
166.178
251.490
208.695
177.276
151.468
131.557
117.649
105.841
98.991
93.215
88.109
85.228
83.969
83.633
84.227
86.526
90.595
95.786
102.248
109.267
114.275
114.803
115.007
116.055
118.114
119.521
119.395
119.209
120.186
122.190
124.724
126.199
127.823
129.235
130.634
132.795
135.818
141.282
146.390
145.234
135.819
121.417
107.679
99.654
96.157
95.518
96.680
98.677
100.743
102.496
103.408
103.039
101.778
100.138
98.546
97.258
96.276
95.440
94.513
93.337
91.792
89.800
87.469
85.020
82.740
80.688
78.771
76.920
75.116
73.401
71.761
70.145
68.523
66.969
65.811
65.243
65.212
65.592
66.188
66.600
66.344
65.128
62.825
59.710
56.194
52.666
49.471
46.767
44.627
42.944
41.579
40.502
39.706
39.097
38.556
38.035
37.525
37.011
36.471
35.902
35.333
34.790
34.316
33.961
33.833
34.057
34.786
36.187
38.337
41.176
44.580
48.215
51.678
54.429
55.813
55.412
53.377
49.950
45.523
40.563
35.527
30.840
26.895
23.783
21.405
19.657
18.415
17.560
16.990
16.629
16.406
16.286
16.248
16.267
16.316
16.365
16.388
16.367
16.283
16.140
15.960
15.762
15.569
15.402
15.276
15.177
15.084
14.977
14.833
14.630
14.355
14.017
13.626
13.197
12.754
12.323
11.922
11.563
11.256
11.005
10.802
10.638
10.503
10.387
10.280
10.173
10.063
9.949
9.830
9.706
9.581
9.455
9.331
9.211
9.095
8.983
8.879
8.783
8.696
8.620
8.553
8.497
8.448
8.403
8.357
8.308
8.257
8.204
8.151
8.095
8.032
7.959
7.873
7.778
7.676
7.571
7.465
7.356
7.247
7.137
7.029
6.923
6.822
6.725
6.634
6.550
6.473
6.404
6.340
6.282
6.228
6.180
6.138
6.103
6.076
6.055
6.040
6.030
6.024
6.023
6.026
6.033
6.044
6.056
6.069
6.080
6.089
6.093
6.091
6.082
6.065
6.041
6.009
5.970
5.925
5.872
5.813
5.747
5.678
5.608
5.543
5.487
5.442
5.411
5.396
5.401
5.427
5.480
5.563
5.680
5.834
6.024
6.248
6.505
6.791
7.097
7.410
7.717
8.006
8.263
8.477
8.631
8.713
8.717
8.646
8.504
8.295
8.027
7.709
7.357
6.984
6.603
6.228
5.866
5.530
5.227
4.967
4.750
4.574
4.437
4.337
4.272
4.236
4.223
4.227
4.244
4.269
4.298
4.326
4.350
4.366
4.371
4.361
4.334
4.285
4.217
4.132
4.035
3.930
3.821
3.711
3.606
3.507
3.418
3.344
3.286
3.249
3.233
3.244
3.282
3.348
3.440
3.558
3.700
3.866
4.050
4.250
4.459
4.674
4.889
5.096
5.288
5.455
5.589
5.685
5.739
5.750
5.718
5.640
5.518
5.356
5.161
4.940
4.698
4.443
4.181
3.918
3.660
3.414
3.186
2.980
2.796
2.636
2.500
2.391
2.308
2.252
2.222
2.219
2.241
2.289
2.362
2.461
2.584
2.731
2.902
3.095
3.308
3.538
3.784
4.044
4.314
4.588
4.860
5.125
5.376
5.608
5.817
5.998
6.147
6.259
6.331
6.360
6.348
6.295
6.202
6.069
5.899
5.695
5.463
5.208
4.936
4.651
4.360
4.065
3.771
3.482
3.201
2.933
2.679
2.442
2.222
2.022
1.842
1.684
1.548
1.430
1.328
1.241
1.166
1.102
1.047
0.999
0.959
0.925
0.897
0.872
0.851
0.832
0.815
0.799
0.783
0.767
0.750
0.732
0.715
0.697
0.679
0.661
0.643
0.626
0.610
0.594
0.581
0.568
0.558
0.548
0.541
0.535
0.531
0.528
0.527
0.527
0.527
0.528
0.529
0.529
0.529
0.528
0.526
0.524
0.521
0.518
0.514
0.511
0.509
0.508
0.510
0.515
0.524
0.538
0.557
0.584
0.619
0.663
0.716
0.781
0.856
0.942
1.039
1.148
1.268
1.399
1.538
1.685
1.837
1.993
2.150
2.307
2.460
2.607
2.744
2.868
2.977
3.067
3.137
3.185
3.211
3.216
3.198
3.156
3.092
3.006
2.902
2.781
2.647
2.501
2.348
2.188
2.025
1.861
1.697
1.537
1.383
1.237
1.100
0.973
0.855
0.748
0.649
0.561
0.483
0.415
0.355
0.303
0.259
0.221
0.190
0.163
0.140
0.122
0.107
0.095
0.085
0.077
0.070
0.064
0.059
0.055
0.052
0.049
0.046
0.044
0.041
0.039
0.037
0.035
0.032
0.030
0.028
0.026
0.024
0.022
0.020
0.019
0.017
0.015
0.014
0.013
0.011
0.010
0.009
0.008
0.007
0.007
0.006
0.005
0.005
0.005
0.004
0.004
0.004
0.004
0.003
0.003
0.003
0.003
0.003
0.003
0.003
0.003
0.003
0.003
0.003
0.003
0.002
0.002
0.002
0.002
0.002
0.002
0.002
0.002
0.002
0.002
0.002
0.002
0.002
0.002
0.002
0.002
0.002
0.002
0.002
0.002
0.002
0.001
0.001
0.001
0.001
0.001
0.001
0.001
0.001
0.001
0.001
0.001
0.001
0.001
0.001
0.001
0.001
0.001
0.001
0.001
0.001
0.001
0.001
0.001
0.001
0.001
0.001
0.001
0.001
0.001
0.001
0.001
0.001
0.000
0.000
0.000
0.000
0.000
0.000
0.000
0.000
0.000
0.000
0.000
0.000
0.000
0.000
0.000
0.000
0.000
0.000
0.000
0.000
0.000
0.000
0.000
0.000
0.000
0.000
0.000
0.000
0.000
0.000
0.000
0.000
0.000
0.000
0.000
0.000
0.000
0.000
0.000
0.000
0.000
-0.000
-0.000
-0.000
-0.000
-0.000
-0.000
-0.000
-0.000
0.000
0.000
0.000
0.000
0.000
0.000
0.000
0.000
-0.000
-0.000
-0.000
-0.000
-0.000
-0.000
-0.000
-0.000
-0.000
0.000
0.000
0.000
0.000
0.000
0
0
0
0
0
0
0
0
0
0
0
0
0
0
0
0
0
0
0
0
0
0
0
0
0
0
0
0
0
0
0
0
0
0
0
0
0
0
0
0
0
0
0
0
0
0
0
0
0
0
0
0
0
0
0
0
0
0
0
0
0
0
0
0
0
0
0
0
0
0
0
0
0
0
0
0
0
0
0
0
0
0
0
0
0
0
0
0
0
0
0
0
0
0
0
0
0
0
0
0
0
0
0
0
0
0
0
0
0
0
0
0
0
0
0
0
0
0
0
0
0
0
0
0
0
0
0
0
0
0
0
0
0
0
0
0
0
0
0
0
0
0
0
0
0
0
0
0
0
0
0
0
0
0
0
0
0
0
0
0
0
0
0
0
0
0
0
0
0
0
0
0
0
0
0
0
0
0
0
0
0
0
0
0
0
0
0
0
0
0
0
0
0
0
0
0
0
0
0
0
0
0
0
0
0
0
0
0
0
0
0
0
0
0
0
0
0
0
0
0
0
0
0
0
0
0
0
0
0
0
0
0
0
0
0
0
0
0
0
0
0
0
0
0
0
0
0
0
0
0
0
0
0
0
0
0
0
0
0
0
0
0
0
0
0
0
0
0
0
0
0
0
0
0
0
0
0
0
0
0
0
0
0
0
0
0
0
0
0
0
0
0
0
0
0
0
0
0
0
0
0
0
0
0
0
0
0
0
0
0
0
0
0
0
0
0
0
0
0
0
0
0
0
0
0
0
0
0
0
0
0
0
0
0
0
0
0
0
0
0
0
0
0
0
0
0
0
0
0
0
0
0
0
0
0
0
0
0
0
0
0
0
0
0
0
0
0
0
0
0
0
0
0
0
0
0
0
0
0
0
0
0
0
0
0
0
0
0
0
0
0
0
0
0
0
0
0
0
0
0
0
0
0
0
0
0
0
0
0
0
0
0
0
0
0
0
0
0
0
0
0
0
0
0
0
0
0
0
0
0
0
0
0
0
0
0
0
0
0
0
0
0
0
0
0
0
0
0
0
0
0
0
0
0
0
0
0
0
0
0
0
0
0
0
0
0
0
0
0
0
0
0
0
0
0
0
0
0
0
0
0
0
0
0
0
0
0
0
0
0
0
0
0
0
0
0
0
0
0
0
0
0
0
$MCA_CAL:
3
-1.4656616 2.9313233 0.00000000000000
$ENER_FIT:
-1.4656616 2.9313233 0.00000000000000
$MCA_CAL_DATA:
3
298 872
597 1749
896 2625
$CAMBIO:
Parent file specification: C:\GADRAS-DRF\Temp\152EU_50.0_237.5_iron_6.28_7.0.pcf
Successful read of spectrum: Yes
Error message: None
Warning: None
Information: None
Neutrons: 0
Number of spectral records in the parent file: 1
Record number of this spectrum in the parent file: 1
Date and time of acquisition read successfully from the original file: Yes
Live time read successfully from the original file: Yes
True time read successfully from the original file: Yes
GADRAS Tag character is:  
Version: 130122
Parent file type: Sandia GADRAS PCF
