$SPEC_ID:
152EU,1uC{82,0.22}
$MEAS_TIM:
3600.00 3600.00
$DATE_MEA:
3/9/2018 5:22:25 PM
$DATA:
0 1193
155.512
165.088
155.418
141.697
121.069
102.496
87.134
75.277
67.767
61.502
59.019
63.328
81.704
99.980
84.310
72.124
58.283
50.524
51.360
54.128
57.590
61.945
65.501
66.237
66.086
67.700
71.167
73.627
72.379
69.267
66.758
65.380
64.824
65.236
66.814
69.039
71.239
74.241
81.417
95.620
111.918
117.563
105.133
82.494
63.155
53.377
50.877
51.200
53.935
57.498
61.341
64.895
66.968
67.103
65.971
64.205
62.459
61.158
60.360
59.781
58.922
57.458
55.359
52.849
50.263
47.745
45.638
44.244
43.027
41.870
40.929
40.213
39.573
38.865
38.079
37.316
36.754
36.627
37.251
38.814
41.080
43.416
44.932
44.784
42.660
39.080
34.846
30.821
27.547
25.244
23.711
22.702
21.991
21.433
20.944
20.533
20.203
19.910
19.614
19.301
18.952
18.539
18.071
17.576
17.101
16.702
16.472
16.538
17.123
18.497
20.909
24.571
29.460
35.379
41.506
46.756
50.114
50.679
48.363
43.645
37.338
30.538
24.140
18.740
14.685
11.828
9.942
8.749
7.974
7.469
7.149
6.968
6.913
6.974
7.140
7.395
7.698
8.003
8.261
8.422
8.460
8.392
8.244
8.067
7.920
7.846
7.861
7.974
8.135
8.283
8.365
8.339
8.173
7.881
7.492
7.042
6.583
6.164
5.810
5.533
5.342
5.221
5.156
5.130
5.125
5.123
5.117
5.102
5.072
5.031
4.979
4.919
4.856
4.792
4.731
4.674
4.625
4.583
4.545
4.512
4.486
4.472
4.471
4.481
4.498
4.519
4.543
4.568
4.593
4.616
4.635
4.647
4.648
4.633
4.601
4.555
4.498
4.434
4.364
4.291
4.216
4.142
4.068
3.997
3.930
3.867
3.810
3.760
3.718
3.684
3.656
3.634
3.615
3.600
3.589
3.584
3.584
3.589
3.599
3.614
3.633
3.658
3.689
3.726
3.768
3.815
3.865
3.916
3.964
4.008
4.043
4.068
4.080
4.078
4.064
4.038
4.001
3.955
3.901
3.840
3.776
3.711
3.649
3.592
3.544
3.507
3.483
3.475
3.485
3.515
3.569
3.657
3.788
3.972
4.211
4.503
4.846
5.233
5.652
6.083
6.509
6.908
7.255
7.524
7.688
7.738
7.675
7.505
7.234
6.880
6.465
6.015
5.553
5.096
4.661
4.264
3.916
3.622
3.381
3.193
3.058
2.969
2.920
2.905
2.918
2.954
3.007
3.071
3.142
3.215
3.287
3.353
3.410
3.449
3.464
3.449
3.400
3.323
3.224
3.108
2.981
2.848
2.713
2.581
2.457
2.345
2.249
2.173
2.121
2.094
2.093
2.120
2.174
2.257
2.370
2.514
2.691
2.897
3.130
3.385
3.657
3.940
4.222
4.491
4.733
4.937
5.094
5.198
5.239
5.213
5.119
4.966
4.761
4.514
4.233
3.929
3.615
3.302
3.002
2.721
2.462
2.230
2.028
1.858
1.717
1.604
1.515
1.449
1.405
1.381
1.378
1.394
1.430
1.487
1.567
1.671
1.801
1.958
2.140
2.348
2.583
2.842
3.123
3.419
3.726
4.038
4.350
4.652
4.938
5.199
5.426
5.614
5.759
5.859
5.908
5.906
5.852
5.750
5.602
5.410
5.179
4.916
4.627
4.322
4.006
3.687
3.370
3.059
2.759
2.474
2.209
1.965
1.745
1.549
1.381
1.239
1.121
1.023
0.942
0.875
0.818
0.772
0.735
0.706
0.683
0.666
0.653
0.643
0.636
0.629
0.622
0.615
0.607
0.597
0.585
0.571
0.555
0.538
0.519
0.500
0.480
0.459
0.440
0.421
0.404
0.390
0.377
0.367
0.359
0.354
0.352
0.353
0.355
0.360
0.365
0.372
0.379
0.386
0.392
0.396
0.399
0.399
0.397
0.393
0.387
0.378
0.368
0.356
0.344
0.332
0.322
0.313
0.308
0.306
0.311
0.323
0.342
0.372
0.412
0.464
0.529
0.609
0.704
0.814
0.939
1.078
1.231
1.395
1.570
1.752
1.939
2.124
2.306
2.478
2.639
2.783
2.906
3.006
3.076
3.115
3.122
3.097
3.043
2.961
2.853
2.722
2.570
2.403
2.226
2.042
1.856
1.672
1.493
1.321
1.157
1.005
0.866
0.741
0.630
0.532
0.446
0.373
0.310
0.257
0.214
0.178
0.149
0.126
0.107
0.091
0.079
0.070
0.063
0.058
0.054
0.051
0.048
0.047
0.045
0.044
0.043
0.041
0.040
0.038
0.037
0.035
0.033
0.032
0.029
0.027
0.025
0.023
0.021
0.019
0.017
0.015
0.014
0.012
0.010
0.009
0.008
0.007
0.006
0.005
0.005
0.004
0.004
0.004
0.003
0.003
0.003
0.003
0.003
0.003
0.002
0.002
0.002
0.002
0.002
0.002
0.002
0.002
0.002
0.002
0.002
0.002
0.002
0.002
0.002
0.002
0.002
0.002
0.002
0.002
0.002
0.002
0.002
0.002
0.002
0.002
0.001
0.001
0.001
0.001
0.001
0.001
0.001
0.001
0.001
0.001
0.001
0.001
0.001
0.001
0.001
0.001
0.001
0.001
0.001
0.001
0.001
0.001
0.001
0.001
0.001
0.001
0.001
0.001
0.001
0.001
0.001
0.001
0.001
0.001
0.001
0.001
0.001
0.000
0.000
0.000
0.000
0.000
0.000
0.000
0.000
0.000
0.000
0.000
0.000
0.000
0.000
0.000
0.000
0.000
0.000
0.000
0.000
0.000
0.000
0.000
0.000
0.000
0.000
0.000
0.000
0.000
0.000
0.000
0.000
0.000
0.000
0.000
0.000
0.000
0.000
0.000
-0.000
-0.000
-0.000
-0.000
-0.000
-0.000
-0.000
0.000
0.000
0.000
0.000
0.000
0.000
0.000
0.000
0.000
0.000
0.000
0
0
0
0
0
0
0
0
0
0
0
0
0
0
0
0
0
0
0
0
0
0
0
0
0
0
0
0
0
0
0
0
0
0
0
0
0
0
0
0
0
0
0
0
0
0
0
0
0
0
0
0
0
0
0
0
0
0
0
0
0
0
0
0
0
0
0
0
0
0
0
0
0
0
0
0
0
0
0
0
0
0
0
0
0
0
0
0
0
0
0
0
0
0
0
0
0
0
0
0
0
0
0
0
0
0
0
0
0
0
0
0
0
0
0
0
0
0
0
0
0
0
0
0
0
0
0
0
0
0
0
0
0
0
0
0
0
0
0
0
0
0
0
0
0
0
0
0
0
0
0
0
0
0
0
0
0
0
0
0
0
0
0
0
0
0
0
0
0
0
0
0
0
0
0
0
0
0
0
0
0
0
0
0
0
0
0
0
0
0
0
0
0
0
0
0
0
0
0
0
0
0
0
0
0
0
0
0
0
0
0
0
0
0
0
0
0
0
0
0
0
0
0
0
0
0
0
0
0
0
0
0
0
0
0
0
0
0
0
0
0
0
0
0
0
0
0
0
0
0
0
0
0
0
0
0
0
0
0
0
0
0
0
0
0
0
0
0
0
0
0
0
0
0
0
0
0
0
0
0
0
0
0
0
0
0
0
0
0
0
0
0
0
0
0
0
0
0
0
0
0
0
0
0
0
0
0
0
0
0
0
0
0
0
0
0
0
0
0
0
0
0
0
0
0
0
0
0
0
0
0
0
0
0
0
0
0
0
0
0
0
0
0
0
0
0
0
0
0
0
0
0
0
0
0
0
0
0
0
0
0
0
0
0
0
0
0
0
0
0
0
0
0
0
0
0
0
0
0
0
0
0
0
0
0
0
0
0
0
0
0
0
0
0
0
0
0
0
0
0
0
0
0
0
0
0
0
0
0
0
0
0
0
0
0
0
0
0
0
0
0
0
0
0
0
0
0
0
0
0
0
0
0
0
0
0
0
0
0
0
0
0
0
0
0
0
0
0
0
0
0
0
0
0
0
0
0
0
0
0
0
0
0
0
0
0
0
0
0
0
0
0
0
0
0
0
0
0
0
0
0
0
0
0
0
0
0
0
0
0
0
0
0
0
0
0
0
0
0
0
0
0
0
0
0
0
0
0
0
0
0
0
0
0
0
0
0
0
0
0
$MCA_CAL:
3
-1.4656616 2.9313233 0.00000000000000
$ENER_FIT:
-1.4656616 2.9313233 0.00000000000000
$MCA_CAL_DATA:
3
298 872
597 1749
896 2625
$CAMBIO:
Parent file specification: C:\GADRAS-DRF\Temp\152EU_150.0_300.0_lead_0.22_6.0.pcf
Successful read of spectrum: Yes
Error message: None
Warning: None
Information: None
Neutrons: 0
Number of spectral records in the parent file: 1
Record number of this spectrum in the parent file: 1
Date and time of acquisition read successfully from the original file: Yes
Live time read successfully from the original file: Yes
True time read successfully from the original file: Yes
GADRAS Tag character is:  
Version: 130122
Parent file type: Sandia GADRAS PCF
