$SPEC_ID:
152EU,1uC{0,0}
$MEAS_TIM:
3600.00 3600.00
$DATE_MEA:
3/9/2018 5:22:25 PM
$DATA:
0 1193
1777.444
2087.772
3104.556
5217.427
4188.473
2140.547
1525.781
970.405
845.195
859.912
1817.810
6850.548
18461.535
26090.197
19042.338
9457.546
4132.032
1529.727
633.090
477.980
476.458
494.036
508.267
528.781
560.748
609.769
657.674
688.710
713.451
758.842
832.681
914.476
981.280
1030.984
1088.109
1198.869
1435.074
1883.903
2583.465
3424.398
4125.804
4341.883
3938.536
3080.391
2110.688
1338.990
862.263
638.255
561.095
546.364
545.969
544.824
537.985
526.357
515.011
507.510
505.485
507.957
513.784
521.889
530.318
537.275
542.263
545.008
545.298
543.579
540.808
537.411
533.450
528.888
523.695
517.978
512.345
509.283
512.039
524.811
551.624
594.443
653.587
723.334
795.438
858.126
898.401
908.213
883.289
826.693
749.988
664.876
582.361
512.016
457.045
418.468
394.496
381.274
375.356
374.202
375.492
377.857
380.263
382.135
383.426
384.334
386.101
390.302
399.376
416.906
446.583
492.211
557.599
645.050
752.957
879.005
1016.209
1152.976
1277.290
1376.569
1437.801
1450.842
1416.850
1339.771
1226.397
1089.677
943.566
799.777
666.541
551.594
458.740
386.583
333.326
296.481
272.678
258.543
251.419
249.610
251.464
255.595
261.034
266.826
272.222
276.860
280.433
282.747
284.049
284.645
284.844
284.778
284.531
284.177
283.506
282.115
279.564
275.587
270.151
263.249
254.951
245.649
235.875
226.141
216.875
208.377
200.961
194.845
189.957
186.133
183.199
180.980
179.265
177.857
176.560
175.294
174.009
172.667
171.250
169.804
168.401
167.099
165.927
164.887
163.973
163.199
162.582
162.168
162.013
162.134
162.462
162.892
163.317
163.648
163.862
163.966
163.947
163.795
163.454
162.873
161.983
160.752
159.223
157.472
155.556
153.525
151.431
149.292
147.138
144.999
142.924
140.952
139.131
137.511
136.091
134.860
133.802
132.915
132.182
131.628
131.274
131.130
131.202
131.466
131.903
132.480
133.175
133.970
134.864
135.844
136.890
137.990
139.076
140.090
140.972
141.676
142.181
142.489
142.596
142.510
142.225
141.745
141.088
140.242
139.228
138.112
137.002
135.993
135.186
134.690
134.592
134.989
135.973
137.647
140.073
143.293
147.339
152.243
158.036
164.655
171.963
179.798
188.010
196.439
204.848
212.911
220.320
226.754
231.932
235.653
237.838
238.406
237.249
234.294
229.679
223.628
216.389
208.199
199.314
189.980
180.478
171.080
162.061
153.689
146.116
139.390
133.537
128.595
124.595
121.524
119.257
117.673
116.646
116.057
115.781
115.700
115.717
115.715
115.587
115.227
114.602
113.700
112.516
111.053
109.300
107.291
105.103
102.849
100.597
98.456
96.505
94.841
93.532
92.674
92.345
92.620
93.558
95.139
97.356
100.179
103.606
107.605
112.099
116.951
122.054
127.271
132.494
137.576
142.378
146.756
150.536
153.586
155.739
156.916
157.101
156.334
154.618
151.985
148.437
144.061
139.007
133.399
127.401
121.145
114.787
108.440
102.238
96.290
90.722
85.641
81.173
77.376
74.274
71.903
70.280
69.438
69.396
70.158
71.687
73.969
76.965
80.663
85.017
90.001
95.520
101.499
107.875
114.554
121.479
128.525
135.599
142.528
149.203
155.466
161.207
166.278
170.623
174.180
176.860
178.629
179.393
179.124
177.818
175.566
172.429
168.485
163.781
158.414
152.435
145.963
139.064
131.850
124.413
116.829
109.211
101.629
94.188
86.958
80.039
73.513
67.470
61.948
56.933
52.389
48.285
44.597
41.292
38.341
35.714
33.391
31.342
29.547
27.975
26.609
25.416
24.380
23.474
22.677
21.968
21.321
20.719
20.140
19.586
19.053
18.544
18.054
17.585
17.136
16.708
16.303
15.921
15.567
15.242
14.949
14.690
14.465
14.271
14.108
13.970
13.858
13.766
13.695
13.643
13.607
13.590
13.590
13.608
13.643
13.696
13.771
13.882
14.042
14.265
14.564
14.953
15.447
16.060
16.811
17.714
18.791
20.055
21.529
23.227
25.165
27.340
29.744
32.364
35.190
38.216
41.427
44.817
48.353
51.988
55.668
59.351
62.978
66.510
69.884
73.071
76.011
78.662
80.992
82.943
84.485
85.559
86.148
86.223
85.821
84.951
83.647
81.918
79.795
77.300
74.450
71.305
67.907
64.319
60.583
56.759
52.897
49.051
45.256
41.545
37.935
34.455
31.126
27.974
25.023
22.293
19.792
17.507
15.433
13.556
11.871
10.366
9.034
7.863
6.843
5.960
5.199
4.547
3.992
3.519
3.115
2.767
2.468
2.213
1.997
1.813
1.657
1.523
1.406
1.301
1.206
1.119
1.041
0.969
0.902
0.840
0.782
0.726
0.673
0.621
0.573
0.527
0.483
0.442
0.404
0.369
0.337
0.307
0.280
0.256
0.233
0.213
0.195
0.179
0.165
0.152
0.141
0.131
0.122
0.115
0.108
0.102
0.097
0.093
0.089
0.086
0.083
0.080
0.078
0.076
0.074
0.072
0.071
0.069
0.067
0.066
0.064
0.063
0.061
0.060
0.059
0.057
0.056
0.054
0.053
0.052
0.051
0.050
0.048
0.047
0.046
0.045
0.044
0.044
0.043
0.042
0.041
0.040
0.040
0.039
0.038
0.037
0.037
0.036
0.035
0.034
0.033
0.033
0.032
0.031
0.030
0.029
0.028
0.026
0.025
0.024
0.023
0.022
0.021
0.019
0.018
0.017
0.016
0.015
0.014
0.013
0.012
0.011
0.010
0.009
0.008
0.007
0.006
0.006
0.005
0.004
0.004
0.003
0.003
0.003
0.002
0.002
0.002
0.001
0.001
0.001
0.001
0.001
0.001
0.001
0.000
0.000
0.000
0.000
0.000
0.000
0.000
0.000
0.000
0.000
0.000
0.000
0.000
0.000
0.000
0.000
0.000
0.000
0.000
0.000
0.000
0.000
0.000
0.000
0.000
0.000
0.000
0.000
-0.000
-0.000
-0.000
-0.000
-0.000
-0.000
-0.000
-0.000
-0.000
0.000
0.000
0.000
0.000
0.000
0.000
0
0
0
0
0
0
0
0
0
0
0
0
0
0
0
0
0
0
0
0
0
0
0
0
0
0
0
0
0
0
0
0
0
0
0
0
0
0
0
0
0
0
0
0
0
0
0
0
0
0
0
0
0
0
0
0
0
0
0
0
0
0
0
0
0
0
0
0
0
0
0
0
0
0
0
0
0
0
0
0
0
0
0
0
0
0
0
0
0
0
0
0
0
0
0
0
0
0
0
0
0
0
0
0
0
0
0
0
0
0
0
0
0
0
0
0
0
0
0
0
0
0
0
0
0
0
0
0
0
0
0
0
0
0
0
0
0
0
0
0
0
0
0
0
0
0
0
0
0
0
0
0
0
0
0
0
0
0
0
0
0
0
0
0
0
0
0
0
0
0
0
0
0
0
0
0
0
0
0
0
0
0
0
0
0
0
0
0
0
0
0
0
0
0
0
0
0
0
0
0
0
0
0
0
0
0
0
0
0
0
0
0
0
0
0
0
0
0
0
0
0
0
0
0
0
0
0
0
0
0
0
0
0
0
0
0
0
0
0
0
0
0
0
0
0
0
0
0
0
0
0
0
0
0
0
0
0
0
0
0
0
0
0
0
0
0
0
0
0
0
0
0
0
0
0
0
0
0
0
0
0
0
0
0
0
0
0
0
0
0
0
0
0
0
0
0
0
0
0
0
0
0
0
0
0
0
0
0
0
0
0
0
0
0
0
0
0
0
0
0
0
0
0
0
0
0
0
0
0
0
0
0
0
0
0
0
0
0
0
0
0
0
0
0
0
0
0
0
0
0
0
0
0
0
0
0
0
0
0
0
0
0
0
0
0
0
0
0
0
0
0
0
0
0
0
0
0
0
0
0
0
0
0
0
0
0
0
0
0
0
0
0
0
0
0
0
0
0
0
0
0
0
0
0
0
0
0
0
0
0
0
0
0
0
0
0
0
0
0
0
0
0
0
0
0
0
0
0
0
0
0
0
0
0
0
0
0
0
0
0
0
0
0
0
0
0
0
0
0
0
0
0
0
0
0
0
0
0
0
0
0
0
0
0
0
0
0
0
0
0
0
0
0
0
0
0
0
0
0
0
0
0
0
0
0
0
0
0
0
0
0
0
0
0
0
0
0
0
0
0
0
0
0
0
$MCA_CAL:
3
-1.4656616 2.9313233 0.00000000000000
$ENER_FIT:
-1.4656616 2.9313233 0.00000000000000
$MCA_CAL_DATA:
3
298 872
597 1749
896 2625
$CAMBIO:
Parent file specification: C:\GADRAS-DRF\Temp\152EU_100.0_50.0_none_0_8.0.pcf
Successful read of spectrum: Yes
Error message: None
Warning: None
Information: None
Neutrons: 0
Number of spectral records in the parent file: 1
Record number of this spectrum in the parent file: 1
Date and time of acquisition read successfully from the original file: Yes
Live time read successfully from the original file: Yes
True time read successfully from the original file: Yes
GADRAS Tag character is:  
Version: 130122
Parent file type: Sandia GADRAS PCF
