$SPEC_ID:
152EU,1uC{26,1.53}
$MEAS_TIM:
3600.00 3600.00
$DATE_MEA:
3/9/2018 5:22:25 PM
$DATA:
0 1193
722.088
758.203
717.303
728.126
636.260
542.398
463.920
401.363
355.975
318.380
299.194
289.287
289.191
293.703
291.531
284.951
274.659
270.903
279.904
295.693
316.255
339.236
357.131
370.331
383.832
402.216
420.094
431.095
434.103
434.692
437.816
442.942
446.658
448.485
453.631
467.825
498.391
553.844
637.639
736.643
815.540
827.748
757.463
628.750
489.402
383.056
319.744
292.081
287.340
291.926
297.793
302.869
305.033
303.731
300.540
297.067
294.433
292.777
291.827
291.027
289.470
286.370
281.579
275.169
267.405
259.074
251.296
244.267
237.681
231.535
225.918
220.723
215.871
211.642
208.486
207.102
208.170
211.920
218.312
226.468
235.133
242.325
245.817
244.366
237.467
225.720
210.993
195.150
179.904
166.731
156.096
148.119
142.520
138.730
136.218
134.544
133.296
132.213
131.087
129.820
128.436
127.000
125.736
124.915
124.940
126.381
129.832
135.934
145.338
158.446
174.997
194.614
216.112
237.517
256.775
271.706
280.035
280.017
271.985
256.785
235.683
210.832
184.536
158.747
134.881
114.270
97.556
84.468
74.660
67.694
63.005
60.030
58.312
57.545
57.427
57.709
58.227
58.818
59.355
59.771
60.007
60.027
59.879
59.619
59.308
58.972
58.632
58.305
57.951
57.492
56.843
55.951
54.813
53.428
51.809
50.025
48.164
46.313
44.548
42.923
41.497
40.309
39.345
38.572
37.957
37.467
37.066
36.720
36.396
36.081
35.765
35.444
35.113
34.779
34.455
34.149
33.865
33.605
33.370
33.163
32.988
32.853
32.769
32.739
32.751
32.783
32.816
32.831
32.825
32.799
32.751
32.680
32.576
32.430
32.230
31.971
31.662
31.316
30.943
30.552
30.153
29.748
29.341
28.937
28.545
28.171
27.824
27.513
27.237
26.995
26.784
26.604
26.451
26.330
26.246
26.199
26.192
26.219
26.278
26.362
26.466
26.589
26.728
26.883
27.049
27.224
27.397
27.557
27.694
27.799
27.870
27.905
27.906
27.873
27.806
27.704
27.571
27.404
27.208
26.993
26.780
26.586
26.427
26.325
26.294
26.350
26.511
26.792
27.207
27.761
28.463
29.317
30.330
31.490
32.774
34.153
35.599
37.083
38.563
39.981
41.281
42.405
43.303
43.939
44.299
44.371
44.135
43.580
42.729
41.624
40.307
38.822
37.213
35.524
33.807
32.108
30.479
28.967
27.599
26.384
25.325
24.430
23.704
23.145
22.730
22.437
22.245
22.131
22.074
22.051
22.046
22.037
22.005
21.931
21.809
21.636
21.412
21.139
20.814
20.443
20.040
19.626
19.212
18.819
18.460
18.153
17.910
17.749
17.684
17.729
17.894
18.175
18.571
19.075
19.688
20.403
21.206
22.073
22.984
23.916
24.850
25.758
26.616
27.397
28.070
28.611
28.989
29.189
29.210
29.059
28.736
28.249
27.596
26.795
25.872
24.850
23.757
22.618
21.461
20.305
19.176
18.094
17.081
16.157
15.345
14.656
14.093
13.663
13.368
13.215
13.206
13.342
13.616
14.027
14.567
15.234
16.020
16.920
17.918
18.999
20.152
21.360
22.611
23.885
25.163
26.415
27.620
28.750
29.785
30.697
31.478
32.115
32.592
32.904
33.033
32.974
32.727
32.308
31.728
31.001
30.136
29.150
28.053
26.867
25.603
24.282
22.921
21.534
20.141
18.754
17.394
16.073
14.809
13.616
12.513
11.504
10.588
9.758
9.008
8.334
7.730
7.190
6.710
6.284
5.909
5.580
5.291
5.040
4.821
4.631
4.464
4.318
4.187
4.068
3.957
3.850
3.748
3.649
3.555
3.464
3.377
3.294
3.215
3.140
3.069
3.003
2.943
2.888
2.840
2.798
2.762
2.731
2.705
2.684
2.666
2.652
2.642
2.634
2.630
2.629
2.632
2.637
2.646
2.659
2.679
2.707
2.748
2.802
2.873
2.963
3.075
3.213
3.379
3.576
3.808
4.078
4.390
4.745
5.144
5.585
6.065
6.583
7.138
7.727
8.348
8.995
9.662
10.335
11.010
11.674
12.321
12.939
13.522
14.060
14.545
14.971
15.327
15.608
15.802
15.907
15.917
15.839
15.675
15.431
15.110
14.715
14.253
13.726
13.145
12.518
11.856
11.167
10.462
9.750
9.041
8.341
7.656
6.991
6.349
5.735
5.154
4.610
4.107
3.646
3.225
2.843
2.498
2.188
1.911
1.666
1.450
1.262
1.099
0.959
0.839
0.737
0.650
0.575
0.511
0.456
0.409
0.369
0.335
0.306
0.282
0.260
0.241
0.223
0.207
0.192
0.179
0.167
0.155
0.145
0.134
0.124
0.115
0.106
0.097
0.089
0.082
0.075
0.068
0.062
0.057
0.052
0.047
0.043
0.040
0.036
0.033
0.031
0.028
0.026
0.024
0.023
0.021
0.020
0.019
0.018
0.017
0.017
0.016
0.015
0.015
0.015
0.014
0.014
0.013
0.013
0.013
0.013
0.012
0.012
0.012
0.011
0.011
0.011
0.011
0.010
0.010
0.010
0.010
0.009
0.009
0.009
0.009
0.009
0.008
0.008
0.008
0.008
0.008
0.008
0.007
0.007
0.007
0.007
0.007
0.007
0.007
0.007
0.006
0.006
0.006
0.006
0.006
0.006
0.005
0.005
0.005
0.005
0.004
0.004
0.004
0.004
0.004
0.003
0.003
0.003
0.003
0.003
0.002
0.002
0.002
0.002
0.002
0.001
0.001
0.001
0.001
0.001
0.001
0.001
0.001
0.001
0.000
0.000
0.000
0.000
0.000
0.000
0.000
0.000
0.000
0.000
0.000
0.000
0.000
0.000
0.000
0.000
0.000
0.000
0.000
0.000
0.000
0.000
0.000
0.000
0.000
0.000
0.000
0.000
0.000
0.000
0.000
0.000
0.000
0.000
0.000
0.000
0.000
0.000
0.000
-0.000
-0.000
-0.000
-0.000
-0.000
-0.000
-0.000
-0.000
-0.000
0.000
0.000
0.000
0.000
0.000
0.000
0.000
0.000
0.000
0.000
0.000
0.000
0.000
0.000
0.000
0.000
0
0
0
0
0
0
0
0
0
0
0
0
0
0
0
0
0
0
0
0
0
0
0
0
0
0
0
0
0
0
0
0
0
0
0
0
0
0
0
0
0
0
0
0
0
0
0
0
0
0
0
0
0
0
0
0
0
0
0
0
0
0
0
0
0
0
0
0
0
0
0
0
0
0
0
0
0
0
0
0
0
0
0
0
0
0
0
0
0
0
0
0
0
0
0
0
0
0
0
0
0
0
0
0
0
0
0
0
0
0
0
0
0
0
0
0
0
0
0
0
0
0
0
0
0
0
0
0
0
0
0
0
0
0
0
0
0
0
0
0
0
0
0
0
0
0
0
0
0
0
0
0
0
0
0
0
0
0
0
0
0
0
0
0
0
0
0
0
0
0
0
0
0
0
0
0
0
0
0
0
0
0
0
0
0
0
0
0
0
0
0
0
0
0
0
0
0
0
0
0
0
0
0
0
0
0
0
0
0
0
0
0
0
0
0
0
0
0
0
0
0
0
0
0
0
0
0
0
0
0
0
0
0
0
0
0
0
0
0
0
0
0
0
0
0
0
0
0
0
0
0
0
0
0
0
0
0
0
0
0
0
0
0
0
0
0
0
0
0
0
0
0
0
0
0
0
0
0
0
0
0
0
0
0
0
0
0
0
0
0
0
0
0
0
0
0
0
0
0
0
0
0
0
0
0
0
0
0
0
0
0
0
0
0
0
0
0
0
0
0
0
0
0
0
0
0
0
0
0
0
0
0
0
0
0
0
0
0
0
0
0
0
0
0
0
0
0
0
0
0
0
0
0
0
0
0
0
0
0
0
0
0
0
0
0
0
0
0
0
0
0
0
0
0
0
0
0
0
0
0
0
0
0
0
0
0
0
0
0
0
0
0
0
0
0
0
0
0
0
0
0
0
0
0
0
0
0
0
0
0
0
0
0
0
0
0
0
0
0
0
0
0
0
0
0
0
0
0
0
0
0
0
0
0
0
0
0
0
0
0
0
0
0
0
0
0
0
0
0
0
0
0
0
0
0
0
0
0
0
0
0
0
0
0
0
0
0
0
0
0
0
0
0
0
0
0
0
0
0
0
0
0
0
0
0
0
0
0
0
0
0
0
0
0
$MCA_CAL:
3
-1.4656616 2.9313233 0.00000000000000
$ENER_FIT:
-1.4656616 2.9313233 0.00000000000000
$MCA_CAL_DATA:
3
298 872
597 1749
896 2625
$CAMBIO:
Parent file specification: C:\GADRAS-DRF\Temp\152EU_50.0_112.5_iron_1.53_8.0.pcf
Successful read of spectrum: Yes
Error message: None
Warning: None
Information: None
Neutrons: 0
Number of spectral records in the parent file: 1
Record number of this spectrum in the parent file: 1
Date and time of acquisition read successfully from the original file: Yes
Live time read successfully from the original file: Yes
True time read successfully from the original file: Yes
GADRAS Tag character is:  
Version: 130122
Parent file type: Sandia GADRAS PCF
