$SPEC_ID:
152EU,1uC{13,4.18}
$MEAS_TIM:
3600.00 3600.00
$DATE_MEA:
3/9/2018 5:22:25 PM
$DATA:
0 1193
161.830
177.451
172.473
246.455
202.152
166.769
140.078
118.804
106.034
96.472
97.605
116.210
158.307
184.421
158.145
125.894
105.136
96.309
99.122
106.850
115.221
123.715
129.771
131.762
133.682
136.584
139.107
140.618
140.011
138.274
136.928
136.776
137.412
137.975
138.651
139.228
139.978
141.821
146.042
152.423
157.079
153.651
139.697
119.269
99.705
86.467
79.354
76.708
76.687
77.747
79.049
80.130
80.680
80.457
79.637
78.560
77.507
76.611
75.891
75.280
74.596
73.620
72.283
70.590
68.602
66.490
64.464
62.588
60.850
59.169
57.510
55.913
54.407
53.003
51.685
50.446
49.486
49.041
49.021
49.229
49.490
49.612
49.307
48.307
46.631
44.410
41.874
39.285
36.861
34.782
33.095
31.736
30.653
29.816
29.182
28.684
28.252
27.853
27.461
27.062
26.650
26.228
25.822
25.455
25.167
24.998
25.023
25.345
26.056
27.197
28.797
30.808
33.120
35.569
37.792
39.392
40.110
39.835
38.502
36.259
33.347
30.020
26.579
23.323
20.439
18.000
16.063
14.595
13.522
12.767
12.257
11.924
11.705
11.574
11.508
11.484
11.485
11.491
11.485
11.458
11.399
11.307
11.193
11.068
10.942
10.824
10.719
10.628
10.537
10.434
10.306
10.147
9.953
9.721
9.458
9.175
8.882
8.591
8.313
8.061
7.840
7.650
7.490
7.359
7.248
7.151
7.062
6.976
6.892
6.807
6.720
6.632
6.543
6.455
6.368
6.283
6.201
6.121
6.046
5.978
5.915
5.860
5.811
5.769
5.733
5.699
5.666
5.632
5.595
5.557
5.517
5.475
5.429
5.379
5.321
5.257
5.188
5.116
5.042
4.968
4.894
4.820
4.746
4.673
4.603
4.536
4.472
4.412
4.357
4.306
4.260
4.218
4.181
4.148
4.119
4.095
4.075
4.060
4.048
4.040
4.036
4.035
4.036
4.040
4.045
4.051
4.056
4.061
4.064
4.063
4.059
4.050
4.037
4.020
3.998
3.972
3.943
3.910
3.872
3.831
3.788
3.746
3.708
3.676
3.654
3.642
3.643
3.658
3.689
3.737
3.804
3.892
4.002
4.135
4.287
4.455
4.635
4.825
5.017
5.202
5.374
5.522
5.641
5.725
5.771
5.776
5.735
5.649
5.524
5.365
5.177
4.968
4.743
4.510
4.276
4.049
3.835
3.638
3.461
3.307
3.177
3.073
2.993
2.935
2.895
2.870
2.857
2.854
2.858
2.865
2.875
2.883
2.887
2.885
2.875
2.855
2.822
2.779
2.727
2.670
2.608
2.545
2.482
2.422
2.367
2.318
2.278
2.249
2.232
2.229
2.241
2.270
2.317
2.380
2.458
2.549
2.654
2.769
2.893
3.020
3.149
3.274
3.394
3.504
3.600
3.677
3.733
3.763
3.766
3.744
3.696
3.626
3.533
3.419
3.288
3.144
2.992
2.833
2.674
2.516
2.363
2.218
2.083
1.962
1.856
1.767
1.695
1.639
1.602
1.582
1.580
1.596
1.629
1.679
1.746
1.830
1.929
2.043
2.170
2.308
2.458
2.617
2.783
2.952
3.122
3.289
3.450
3.603
3.744
3.871
3.980
4.070
4.136
4.177
4.194
4.186
4.153
4.097
4.017
3.915
3.792
3.653
3.499
3.333
3.159
2.979
2.795
2.610
2.427
2.247
2.073
1.908
1.751
1.605
1.469
1.344
1.231
1.131
1.043
0.965
0.898
0.839
0.788
0.743
0.705
0.671
0.642
0.618
0.596
0.577
0.560
0.545
0.531
0.519
0.507
0.495
0.483
0.471
0.460
0.448
0.437
0.426
0.415
0.405
0.396
0.387
0.379
0.372
0.366
0.361
0.357
0.354
0.351
0.349
0.348
0.346
0.346
0.345
0.345
0.344
0.344
0.344
0.343
0.342
0.342
0.343
0.344
0.347
0.352
0.358
0.367
0.378
0.394
0.413
0.437
0.467
0.502
0.543
0.590
0.643
0.703
0.768
0.840
0.918
1.001
1.088
1.179
1.271
1.364
1.457
1.550
1.639
1.723
1.802
1.873
1.935
1.985
2.024
2.051
2.066
2.068
2.058
2.035
2.000
1.951
1.892
1.823
1.746
1.662
1.572
1.479
1.382
1.284
1.185
1.087
0.991
0.898
0.810
0.726
0.648
0.576
0.509
0.448
0.392
0.341
0.297
0.257
0.222
0.192
0.166
0.143
0.124
0.107
0.093
0.082
0.072
0.064
0.057
0.052
0.047
0.043
0.039
0.036
0.034
0.032
0.029
0.028
0.026
0.024
0.023
0.021
0.020
0.018
0.017
0.016
0.015
0.013
0.012
0.011
0.010
0.009
0.008
0.008
0.007
0.006
0.006
0.005
0.005
0.004
0.004
0.004
0.003
0.003
0.003
0.003
0.003
0.002
0.002
0.002
0.002
0.002
0.002
0.002
0.002
0.002
0.002
0.002
0.002
0.002
0.002
0.002
0.002
0.002
0.001
0.001
0.001
0.001
0.001
0.001
0.001
0.001
0.001
0.001
0.001
0.001
0.001
0.001
0.001
0.001
0.001
0.001
0.001
0.001
0.001
0.001
0.001
0.001
0.001
0.001
0.001
0.001
0.001
0.001
0.001
0.001
0.001
0.001
0.001
0.001
0.001
0.001
0.001
0.001
0.001
0.001
0.000
0.000
0.000
0.000
0.000
0.000
0.000
0.000
0.000
0.000
0.000
0.000
0.000
0.000
0.000
0.000
0.000
0.000
0.000
0.000
0.000
0.000
0.000
0.000
0.000
0.000
0.000
0.000
0.000
0.000
0.000
0.000
0.000
0.000
0.000
0.000
0.000
0.000
0.000
0.000
0.000
0.000
0.000
0.000
0.000
0.000
0.000
0.000
0.000
0.000
0.000
0.000
-0.000
-0.000
-0.000
-0.000
-0.000
-0.000
-0.000
-0.000
-0.000
0.000
0.000
0.000
0.000
0.000
0.000
0.000
0.000
0.000
0.000
0.000
0.000
0.000
0.000
0
0
0
0
0
0
0
0
0
0
0
0
0
0
0
0
0
0
0
0
0
0
0
0
0
0
0
0
0
0
0
0
0
0
0
0
0
0
0
0
0
0
0
0
0
0
0
0
0
0
0
0
0
0
0
0
0
0
0
0
0
0
0
0
0
0
0
0
0
0
0
0
0
0
0
0
0
0
0
0
0
0
0
0
0
0
0
0
0
0
0
0
0
0
0
0
0
0
0
0
0
0
0
0
0
0
0
0
0
0
0
0
0
0
0
0
0
0
0
0
0
0
0
0
0
0
0
0
0
0
0
0
0
0
0
0
0
0
0
0
0
0
0
0
0
0
0
0
0
0
0
0
0
0
0
0
0
0
0
0
0
0
0
0
0
0
0
0
0
0
0
0
0
0
0
0
0
0
0
0
0
0
0
0
0
0
0
0
0
0
0
0
0
0
0
0
0
0
0
0
0
0
0
0
0
0
0
0
0
0
0
0
0
0
0
0
0
0
0
0
0
0
0
0
0
0
0
0
0
0
0
0
0
0
0
0
0
0
0
0
0
0
0
0
0
0
0
0
0
0
0
0
0
0
0
0
0
0
0
0
0
0
0
0
0
0
0
0
0
0
0
0
0
0
0
0
0
0
0
0
0
0
0
0
0
0
0
0
0
0
0
0
0
0
0
0
0
0
0
0
0
0
0
0
0
0
0
0
0
0
0
0
0
0
0
0
0
0
0
0
0
0
0
0
0
0
0
0
0
0
0
0
0
0
0
0
0
0
0
0
0
0
0
0
0
0
0
0
0
0
0
0
0
0
0
0
0
0
0
0
0
0
0
0
0
0
0
0
0
0
0
0
0
0
0
0
0
0
0
0
0
0
0
0
0
0
0
0
0
0
0
0
0
0
0
0
0
0
0
0
0
0
0
0
0
0
0
0
0
0
0
0
0
0
0
0
0
0
0
0
0
0
0
0
0
0
0
0
0
0
0
0
0
0
0
0
0
0
0
0
0
0
0
0
0
0
0
0
0
0
0
0
0
0
0
0
0
0
0
0
0
0
0
0
0
0
0
0
0
0
0
0
0
0
0
0
0
0
0
0
0
0
0
0
0
0
0
0
0
0
0
0
0
0
0
0
0
0
0
0
0
0
0
0
$MCA_CAL:
3
-1.4656616 2.9313233 0.00000000000000
$ENER_FIT:
-1.4656616 2.9313233 0.00000000000000
$MCA_CAL_DATA:
3
298 872
597 1749
896 2625
$CAMBIO:
Parent file specification: C:\GADRAS-DRF\Temp\152EU_50.0_300.0_alum_4.18_7.5.pcf
Successful read of spectrum: Yes
Error message: None
Warning: None
Information: None
Neutrons: 0
Number of spectral records in the parent file: 1
Record number of this spectrum in the parent file: 1
Date and time of acquisition read successfully from the original file: Yes
Live time read successfully from the original file: Yes
True time read successfully from the original file: Yes
GADRAS Tag character is:  
Version: 130122
Parent file type: Sandia GADRAS PCF
