$SPEC_ID:
152EU,1uC{82,0.92}
$MEAS_TIM:
3600.00 3600.00
$DATE_MEA:
3/9/2018 5:22:25 PM
$DATA:
0 1193
499.680
473.477
437.660
415.079
364.131
319.165
279.509
247.861
222.551
199.925
187.453
176.245
165.027
157.453
153.295
150.742
149.650
151.178
155.760
162.370
170.603
179.963
184.985
184.829
180.677
177.591
176.058
175.916
174.760
173.712
173.313
173.543
174.233
174.994
176.116
177.799
180.443
184.946
192.002
201.043
209.260
212.230
208.492
200.053
191.672
187.864
189.034
194.090
201.910
211.205
219.480
225.153
227.433
225.968
222.034
217.288
212.707
208.604
204.984
201.844
198.729
195.033
190.893
186.559
182.171
178.089
174.745
172.141
170.027
167.924
165.603
163.224
160.901
158.683
156.783
155.539
155.619
157.726
162.020
168.265
175.213
181.238
184.466
183.226
177.415
167.604
155.326
142.454
130.387
120.211
112.324
106.569
102.603
99.878
97.926
96.513
95.436
94.540
93.678
92.757
91.711
90.564
89.477
88.657
88.482
89.386
91.994
97.113
105.466
117.521
133.632
153.368
175.633
198.963
220.586
237.499
247.527
249.429
242.326
227.356
206.474
181.787
155.829
131.136
109.310
90.973
76.622
66.004
58.470
53.393
50.237
48.501
47.745
47.729
48.243
49.094
50.123
51.173
52.118
52.876
53.372
53.593
53.618
53.533
53.413
53.311
53.279
53.317
53.329
53.212
52.872
52.257
51.314
50.017
48.438
46.667
44.798
42.933
41.179
39.637
38.351
37.313
36.515
35.934
35.517
35.212
34.966
34.752
34.545
34.323
34.075
33.809
33.527
33.235
32.944
32.667
32.413
32.188
31.994
31.837
31.716
31.635
31.601
31.616
31.671
31.750
31.831
31.898
31.944
31.969
31.971
31.945
31.879
31.762
31.578
31.326
31.018
30.667
30.286
29.883
29.468
29.047
28.626
28.213
27.817
27.443
27.097
26.785
26.507
26.264
26.057
25.889
25.754
25.654
25.589
25.556
25.556
25.588
25.654
25.750
25.875
26.025
26.200
26.394
26.599
26.812
27.026
27.231
27.415
27.570
27.680
27.741
27.754
27.724
27.653
27.542
27.396
27.211
26.989
26.730
26.452
26.177
25.933
25.747
25.640
25.629
25.728
25.954
26.321
26.843
27.535
28.411
29.483
30.753
32.193
33.773
35.462
37.227
39.015
40.749
42.358
43.770
44.922
45.770
46.282
46.425
46.163
45.496
44.476
43.151
41.574
39.795
37.878
35.885
33.882
31.935
30.106
28.426
26.917
25.604
24.505
23.636
22.978
22.506
22.191
22.008
21.930
21.934
21.997
22.095
22.207
22.308
22.379
22.397
22.343
22.195
21.941
21.595
21.176
20.702
20.191
19.665
19.140
18.636
18.172
17.767
17.438
17.202
17.072
17.063
17.190
17.464
17.889
18.454
19.152
19.974
20.911
21.946
23.050
24.191
25.342
26.468
27.540
28.526
29.387
30.094
30.609
30.903
30.962
30.799
30.419
29.835
29.051
28.086
26.971
25.739
24.428
23.069
21.699
20.343
19.030
17.781
16.623
15.578
14.668
13.900
13.277
12.803
12.481
12.316
12.307
12.453
12.750
13.197
13.789
14.526
15.396
16.394
17.505
18.720
20.030
21.420
22.869
24.348
25.836
27.299
28.716
30.056
31.300
32.416
33.385
34.181
34.776
35.157
35.319
35.272
35.012
34.548
33.881
33.022
31.988
30.808
29.501
28.096
26.611
25.074
23.505
21.923
20.353
18.812
17.325
15.908
14.570
13.317
12.155
11.088
10.125
9.268
8.512
7.849
7.271
6.767
6.330
5.951
5.623
5.340
5.096
4.887
4.705
4.547
4.406
4.279
4.165
4.058
3.958
3.860
3.762
3.664
3.567
3.471
3.377
3.286
3.199
3.116
3.038
2.966
2.900
2.842
2.791
2.750
2.716
2.690
2.669
2.654
2.644
2.636
2.631
2.628
2.627
2.625
2.624
2.623
2.620
2.617
2.618
2.624
2.639
2.664
2.702
2.757
2.832
2.933
3.063
3.229
3.435
3.686
3.985
4.333
4.733
5.184
5.689
6.247
6.860
7.525
8.233
8.977
9.747
10.534
11.330
12.126
12.911
13.670
14.394
15.065
15.671
16.200
16.636
16.974
17.208
17.342
17.369
17.292
17.106
16.812
16.412
15.918
15.343
14.696
13.991
13.238
12.452
11.640
10.815
9.986
9.163
8.355
7.573
6.826
6.124
5.467
4.856
4.292
3.773
3.301
2.875
2.497
2.163
1.870
1.614
1.394
1.203
1.041
0.902
0.784
0.685
0.603
0.534
0.478
0.432
0.392
0.359
0.330
0.304
0.283
0.263
0.246
0.231
0.217
0.203
0.190
0.177
0.165
0.153
0.142
0.132
0.121
0.112
0.103
0.094
0.086
0.078
0.071
0.064
0.058
0.053
0.048
0.043
0.039
0.036
0.033
0.030
0.028
0.025
0.024
0.022
0.021
0.020
0.019
0.018
0.017
0.017
0.016
0.016
0.015
0.015
0.015
0.014
0.014
0.014
0.013
0.013
0.013
0.012
0.012
0.012
0.012
0.011
0.011
0.011
0.011
0.010
0.010
0.010
0.010
0.009
0.009
0.009
0.009
0.009
0.008
0.008
0.008
0.008
0.008
0.008
0.008
0.007
0.007
0.007
0.007
0.007
0.007
0.007
0.006
0.006
0.006
0.006
0.006
0.006
0.005
0.005
0.005
0.005
0.004
0.004
0.004
0.004
0.003
0.003
0.003
0.003
0.002
0.002
0.002
0.002
0.002
0.002
0.001
0.001
0.001
0.001
0.001
0.001
0.001
0.001
0.000
0.000
0.000
0.000
0.000
0.000
0.000
0.000
0.000
0.000
0.000
0.000
0.000
0.000
0.000
0.000
0.000
0.000
0.000
0.000
0.000
0.000
0.000
0.000
0.000
0.000
0.000
0.000
0.000
0.000
0.000
0.000
-0.000
-0.000
-0.000
-0.000
-0.000
-0.000
-0.000
-0.000
-0.000
0.000
0.000
0.000
0.000
0.000
0.000
0.000
0.000
0.000
0.000
0.000
0.000
0.000
0.000
0
0
0
0
0
0
0
0
0
0
0
0
0
0
0
0
0
0
0
0
0
0
0
0
0
0
0
0
0
0
0
0
0
0
0
0
0
0
0
0
0
0
0
0
0
0
0
0
0
0
0
0
0
0
0
0
0
0
0
0
0
0
0
0
0
0
0
0
0
0
0
0
0
0
0
0
0
0
0
0
0
0
0
0
0
0
0
0
0
0
0
0
0
0
0
0
0
0
0
0
0
0
0
0
0
0
0
0
0
0
0
0
0
0
0
0
0
0
0
0
0
0
0
0
0
0
0
0
0
0
0
0
0
0
0
0
0
0
0
0
0
0
0
0
0
0
0
0
0
0
0
0
0
0
0
0
0
0
0
0
0
0
0
0
0
0
0
0
0
0
0
0
0
0
0
0
0
0
0
0
0
0
0
0
0
0
0
0
0
0
0
0
0
0
0
0
0
0
0
0
0
0
0
0
0
0
0
0
0
0
0
0
0
0
0
0
0
0
0
0
0
0
0
0
0
0
0
0
0
0
0
0
0
0
0
0
0
0
0
0
0
0
0
0
0
0
0
0
0
0
0
0
0
0
0
0
0
0
0
0
0
0
0
0
0
0
0
0
0
0
0
0
0
0
0
0
0
0
0
0
0
0
0
0
0
0
0
0
0
0
0
0
0
0
0
0
0
0
0
0
0
0
0
0
0
0
0
0
0
0
0
0
0
0
0
0
0
0
0
0
0
0
0
0
0
0
0
0
0
0
0
0
0
0
0
0
0
0
0
0
0
0
0
0
0
0
0
0
0
0
0
0
0
0
0
0
0
0
0
0
0
0
0
0
0
0
0
0
0
0
0
0
0
0
0
0
0
0
0
0
0
0
0
0
0
0
0
0
0
0
0
0
0
0
0
0
0
0
0
0
0
0
0
0
0
0
0
0
0
0
0
0
0
0
0
0
0
0
0
0
0
0
0
0
0
0
0
0
0
0
0
0
0
0
0
0
0
0
0
0
0
0
0
0
0
0
0
0
0
0
0
0
0
0
0
0
0
0
0
0
0
0
0
0
0
0
0
0
0
0
0
0
0
0
0
0
0
0
0
0
0
0
0
0
0
0
0
0
0
0
0
0
0
0
0
0
0
0
0
0
0
0
0
0
$MCA_CAL:
3
-1.4656616 2.9313233 0.00000000000000
$ENER_FIT:
-1.4656616 2.9313233 0.00000000000000
$MCA_CAL_DATA:
3
298 872
597 1749
896 2625
$CAMBIO:
Parent file specification: C:\GADRAS-DRF\Temp\152EU_75.0_112.5_lead_0.92_7.5.pcf
Successful read of spectrum: Yes
Error message: None
Warning: None
Information: None
Neutrons: 0
Number of spectral records in the parent file: 1
Record number of this spectrum in the parent file: 1
Date and time of acquisition read successfully from the original file: Yes
Live time read successfully from the original file: Yes
True time read successfully from the original file: Yes
GADRAS Tag character is:  
Version: 130122
Parent file type: Sandia GADRAS PCF
