$SPEC_ID:
152EU,1uC{82,0.92}
$MEAS_TIM:
3600.00 3600.00
$DATE_MEA:
3/9/2018 5:22:25 PM
$DATA:
0 1193
225.299
214.662
199.111
189.540
165.994
145.180
126.839
112.330
100.855
90.694
85.057
80.067
74.932
71.394
69.345
68.220
67.746
68.556
70.773
73.911
77.761
81.599
84.400
84.177
82.429
80.885
79.611
79.052
78.467
77.864
77.546
77.555
77.888
78.345
79.011
79.972
81.411
83.499
86.237
89.300
91.835
92.939
92.170
90.089
88.098
87.477
88.355
90.876
94.887
99.296
103.426
106.914
108.872
108.833
107.222
104.666
101.823
99.076
96.635
94.500
92.568
90.648
88.676
86.719
84.820
83.006
81.456
80.410
79.683
78.880
77.941
77.009
76.161
75.425
74.845
74.476
74.416
74.820
75.728
76.917
78.096
78.817
78.614
77.236
74.570
70.741
66.218
61.468
56.840
52.644
49.060
46.151
43.930
42.267
41.004
40.033
39.279
38.678
38.180
37.745
37.364
37.076
36.930
37.036
37.545
38.612
40.424
43.180
47.009
51.920
57.895
64.725
71.939
79.056
85.443
90.346
93.030
93.230
91.031
86.541
80.175
72.555
64.307
55.983
48.082
41.087
35.231
30.497
26.848
24.200
22.381
21.216
20.543
20.250
20.227
20.370
20.615
20.908
21.195
21.448
21.656
21.810
21.906
21.954
21.968
21.960
21.926
21.860
21.752
21.594
21.372
21.075
20.690
20.223
19.690
19.106
18.490
17.866
17.262
16.703
16.207
15.775
15.408
15.108
14.867
14.674
14.516
14.382
14.263
14.154
14.050
13.944
13.839
13.735
13.637
13.544
13.458
13.379
13.307
13.243
13.190
13.150
13.127
13.122
13.129
13.142
13.154
13.160
13.158
13.147
13.127
13.097
13.055
12.999
12.925
12.832
12.719
12.591
12.451
12.303
12.151
11.997
11.844
11.692
11.544
11.403
11.270
11.149
11.040
10.946
10.865
10.799
10.745
10.704
10.676
10.661
10.658
10.668
10.690
10.724
10.768
10.819
10.878
10.942
11.007
11.073
11.136
11.193
11.243
11.284
11.314
11.331
11.334
11.324
11.301
11.266
11.222
11.169
11.111
11.053
11.000
10.955
10.923
10.913
10.931
10.986
11.084
11.232
11.432
11.684
11.990
12.349
12.762
13.220
13.715
14.236
14.775
15.320
15.857
16.365
16.826
17.221
17.533
17.750
17.871
17.890
17.805
17.611
17.312
16.921
16.453
15.922
15.344
14.732
14.103
13.474
12.859
12.276
11.740
11.259
10.833
10.462
10.144
9.880
9.668
9.501
9.375
9.281
9.214
9.165
9.130
9.101
9.070
9.032
8.979
8.906
8.810
8.698
8.572
8.438
8.297
8.157
8.020
7.893
7.782
7.692
7.628
7.596
7.597
7.635
7.710
7.826
7.984
8.184
8.422
8.692
8.987
9.302
9.632
9.968
10.303
10.626
10.926
11.195
11.421
11.598
11.721
11.788
11.795
11.743
11.627
11.448
11.210
10.921
10.591
10.224
9.832
9.420
8.998
8.573
8.156
7.755
7.379
7.035
6.731
6.471
6.257
6.092
5.979
5.922
5.922
5.979
6.090
6.253
6.467
6.729
7.036
7.386
7.772
8.188
8.630
9.089
9.562
10.041
10.519
10.986
11.434
11.853
12.236
12.572
12.854
13.082
13.250
13.358
13.402
13.382
13.292
13.137
12.920
12.648
12.323
11.953
11.541
11.093
10.615
10.114
9.596
9.066
8.533
8.002
7.479
6.968
6.474
5.999
5.547
5.122
4.727
4.364
4.034
3.735
3.465
3.222
3.003
2.808
2.634
2.479
2.342
2.221
2.114
2.019
1.935
1.859
1.792
1.730
1.675
1.625
1.579
1.536
1.496
1.458
1.421
1.386
1.354
1.323
1.294
1.268
1.243
1.221
1.200
1.182
1.166
1.151
1.139
1.129
1.121
1.115
1.111
1.109
1.109
1.111
1.115
1.121
1.131
1.143
1.161
1.183
1.212
1.247
1.290
1.341
1.402
1.473
1.556
1.651
1.759
1.883
2.021
2.175
2.343
2.525
2.720
2.927
3.146
3.375
3.615
3.861
4.112
4.363
4.612
4.856
5.091
5.314
5.523
5.715
5.887
6.038
6.163
6.262
6.331
6.369
6.372
6.344
6.285
6.197
6.081
5.940
5.774
5.586
5.376
5.149
4.907
4.653
4.391
4.124
3.856
3.588
3.325
3.067
2.817
2.575
2.343
2.122
1.913
1.718
1.537
1.371
1.220
1.082
0.957
0.844
0.742
0.652
0.572
0.501
0.440
0.386
0.340
0.300
0.265
0.236
0.210
0.188
0.168
0.151
0.137
0.124
0.114
0.104
0.096
0.088
0.082
0.075
0.070
0.065
0.060
0.055
0.051
0.048
0.044
0.041
0.037
0.034
0.032
0.029
0.026
0.024
0.022
0.020
0.019
0.017
0.016
0.014
0.013
0.012
0.011
0.011
0.010
0.009
0.009
0.008
0.008
0.008
0.007
0.007
0.007
0.006
0.006
0.006
0.006
0.006
0.005
0.005
0.005
0.005
0.005
0.005
0.005
0.005
0.005
0.004
0.004
0.004
0.004
0.004
0.004
0.004
0.004
0.004
0.004
0.004
0.003
0.003
0.003
0.003
0.003
0.003
0.003
0.003
0.003
0.003
0.003
0.003
0.003
0.003
0.003
0.002
0.002
0.002
0.002
0.002
0.002
0.002
0.002
0.002
0.002
0.002
0.002
0.001
0.001
0.001
0.001
0.001
0.001
0.001
0.001
0.001
0.001
0.001
0.001
0.001
0.001
0.000
0.000
0.000
0.000
0.000
0.000
0.000
0.000
0.000
0.000
0.000
0.000
0.000
0.000
0.000
0.000
0.000
0.000
0.000
0.000
0.000
0.000
0.000
0.000
0.000
0.000
0.000
0.000
0.000
0.000
0.000
0.000
0.000
0.000
0.000
0.000
0.000
0.000
0.000
0.000
0.000
0.000
0.000
0.000
0.000
0.000
0.000
0.000
-0.000
-0.000
-0.000
-0.000
-0.000
-0.000
-0.000
-0.000
-0.000
-0.000
0.000
0.000
0.000
0.000
0.000
0.000
0.000
0.000
0.000
0.000
0.000
-0.000
-0.000
-0.000
-0.000
-0.000
-0.000
-0.000
-0.000
-0.000
-0.000
0.000
0.000
0.000
0.000
0.000
0.000
0
0
0
0
0
0
0
0
0
0
0
0
0
0
0
0
0
0
0
0
0
0
0
0
0
0
0
0
0
0
0
0
0
0
0
0
0
0
0
0
0
0
0
0
0
0
0
0
0
0
0
0
0
0
0
0
0
0
0
0
0
0
0
0
0
0
0
0
0
0
0
0
0
0
0
0
0
0
0
0
0
0
0
0
0
0
0
0
0
0
0
0
0
0
0
0
0
0
0
0
0
0
0
0
0
0
0
0
0
0
0
0
0
0
0
0
0
0
0
0
0
0
0
0
0
0
0
0
0
0
0
0
0
0
0
0
0
0
0
0
0
0
0
0
0
0
0
0
0
0
0
0
0
0
0
0
0
0
0
0
0
0
0
0
0
0
0
0
0
0
0
0
0
0
0
0
0
0
0
0
0
0
0
0
0
0
0
0
0
0
0
0
0
0
0
0
0
0
0
0
0
0
0
0
0
0
0
0
0
0
0
0
0
0
0
0
0
0
0
0
0
0
0
0
0
0
0
0
0
0
0
0
0
0
0
0
0
0
0
0
0
0
0
0
0
0
0
0
0
0
0
0
0
0
0
0
0
0
0
0
0
0
0
0
0
0
0
0
0
0
0
0
0
0
0
0
0
0
0
0
0
0
0
0
0
0
0
0
0
0
0
0
0
0
0
0
0
0
0
0
0
0
0
0
0
0
0
0
0
0
0
0
0
0
0
0
0
0
0
0
0
0
0
0
0
0
0
0
0
0
0
0
0
0
0
0
0
0
0
0
0
0
0
0
0
0
0
0
0
0
0
0
0
0
0
0
0
0
0
0
0
0
0
0
0
0
0
0
0
0
0
0
0
0
0
0
0
0
0
0
0
0
0
0
0
0
0
0
0
0
0
0
0
0
0
0
0
0
0
0
0
0
0
0
0
0
0
0
0
0
0
0
0
0
0
0
0
0
0
0
0
0
0
0
0
0
0
0
0
0
0
0
0
0
0
0
0
0
0
0
0
0
0
0
0
0
0
0
0
0
0
0
0
0
0
0
0
0
0
0
0
0
0
0
0
0
0
0
0
0
0
0
0
0
0
0
0
0
$MCA_CAL:
3
-1.4656616 2.9313233 0.00000000000000
$ENER_FIT:
-1.4656616 2.9313233 0.00000000000000
$MCA_CAL_DATA:
3
298 872
597 1749
896 2625
$CAMBIO:
Parent file specification: C:\GADRAS-DRF\Temp\152EU_150.0_175.0_lead_0.92_8.5.pcf
Successful read of spectrum: Yes
Error message: None
Warning: None
Information: None
Neutrons: 0
Number of spectral records in the parent file: 1
Record number of this spectrum in the parent file: 1
Date and time of acquisition read successfully from the original file: Yes
Live time read successfully from the original file: Yes
True time read successfully from the original file: Yes
GADRAS Tag character is:  
Version: 130122
Parent file type: Sandia GADRAS PCF
