$SPEC_ID:
152EU,1uC{26,11.02}
$MEAS_TIM:
3600.00 3600.00
$DATE_MEA:
3/9/2018 5:22:25 PM
$DATA:
0 1193
186.840
178.943
169.754
282.305
265.895
228.439
197.511
172.534
153.928
138.066
128.786
121.047
114.200
109.381
106.240
104.561
103.872
105.089
108.728
113.931
121.435
129.626
135.556
136.951
138.091
139.320
141.475
143.364
144.899
148.156
153.040
159.066
163.946
166.750
169.565
173.295
179.051
186.448
194.075
201.946
207.709
208.351
202.758
192.853
182.095
174.071
169.744
168.472
169.561
171.894
173.999
175.280
175.546
174.441
172.090
169.565
167.484
165.835
164.595
163.756
163.205
162.773
162.206
161.245
159.934
158.468
156.957
155.464
153.920
152.168
150.124
147.772
145.153
142.397
139.687
137.321
135.596
134.543
134.072
133.959
133.828
133.280
131.890
129.258
125.448
120.843
115.793
110.547
105.343
100.435
96.094
92.528
89.722
87.607
86.084
85.006
84.227
83.647
83.188
82.792
82.462
82.224
82.145
82.402
83.198
84.659
86.763
89.476
92.830
96.982
102.092
108.042
114.249
120.102
124.995
128.366
129.649
128.508
125.159
119.891
113.039
105.050
96.408
87.588
79.041
71.194
64.470
59.016
54.693
51.354
48.850
47.053
45.834
45.067
44.645
44.466
44.433
44.464
44.515
44.544
44.514
44.420
44.279
44.105
43.910
43.688
43.429
43.128
42.774
42.363
41.883
41.331
40.710
40.028
39.295
38.521
37.725
36.927
36.149
35.410
34.722
34.095
33.538
33.059
32.647
32.289
31.972
31.684
31.418
31.170
30.931
30.699
30.472
30.250
30.034
29.824
29.622
29.430
29.249
29.082
28.929
28.789
28.663
28.548
28.443
28.345
28.250
28.153
28.051
27.941
27.817
27.679
27.520
27.343
27.148
26.939
26.719
26.490
26.255
26.012
25.766
25.517
25.266
25.016
24.772
24.537
24.312
24.102
23.906
23.724
23.556
23.405
23.268
23.148
23.047
22.962
22.896
22.845
22.809
22.785
22.769
22.760
22.758
22.759
22.761
22.764
22.765
22.762
22.750
22.730
22.696
22.648
22.586
22.513
22.429
22.337
22.240
22.138
22.037
21.940
21.852
21.775
21.715
21.682
21.682
21.723
21.812
21.956
22.153
22.403
22.708
23.067
23.478
23.932
24.419
24.925
25.441
25.954
26.451
26.911
27.317
27.649
27.891
28.022
28.044
27.959
27.767
27.471
27.074
26.581
26.007
25.365
24.672
23.941
23.188
22.427
21.673
20.942
20.250
19.611
19.039
18.536
18.096
17.715
17.387
17.107
16.871
16.673
16.504
16.358
16.229
16.108
15.991
15.872
15.750
15.621
15.482
15.331
15.166
14.991
14.811
14.634
14.464
14.310
14.175
14.067
13.987
13.943
13.938
13.975
14.061
14.193
14.371
14.586
14.837
15.117
15.425
15.751
16.089
16.427
16.758
17.070
17.353
17.600
17.802
17.954
18.049
18.084
18.050
17.944
17.763
17.515
17.205
16.843
16.435
15.988
15.511
15.012
14.503
13.991
13.490
13.008
12.556
12.143
11.775
11.456
11.190
10.984
10.840
10.764
10.758
10.820
10.947
11.137
11.386
11.694
12.055
12.468
12.923
13.412
13.929
14.464
15.013
15.563
16.110
16.641
17.148
17.617
18.043
18.410
18.713
18.944
19.101
19.185
19.193
19.127
18.984
18.765
18.471
18.108
17.681
17.198
16.663
16.086
15.469
14.821
14.150
13.461
12.765
12.067
11.377
10.701
10.048
9.421
8.822
8.252
7.713
7.207
6.735
6.300
5.900
5.536
5.204
4.903
4.631
4.386
4.165
3.968
3.791
3.633
3.492
3.365
3.252
3.150
3.057
2.971
2.893
2.820
2.753
2.691
2.633
2.579
2.529
2.481
2.436
2.395
2.356
2.320
2.288
2.258
2.232
2.208
2.187
2.170
2.156
2.145
2.138
2.134
2.133
2.137
2.145
2.159
2.179
2.205
2.240
2.283
2.335
2.398
2.472
2.558
2.658
2.773
2.903
3.051
3.217
3.401
3.603
3.821
4.055
4.305
4.568
4.846
5.136
5.437
5.746
6.059
6.374
6.685
6.992
7.290
7.576
7.845
8.097
8.327
8.531
8.707
8.852
8.962
9.034
9.066
9.056
9.007
8.920
8.799
8.642
8.454
8.236
7.989
7.716
7.419
7.104
6.773
6.430
6.078
5.722
5.365
5.010
4.660
4.317
3.982
3.658
3.347
3.048
2.766
2.501
2.255
2.027
1.818
1.626
1.450
1.291
1.146
1.016
0.899
0.794
0.701
0.620
0.547
0.484
0.429
0.381
0.340
0.303
0.271
0.243
0.219
0.197
0.179
0.163
0.149
0.137
0.126
0.116
0.107
0.098
0.090
0.083
0.077
0.071
0.066
0.061
0.056
0.052
0.048
0.044
0.040
0.037
0.034
0.032
0.029
0.027
0.025
0.023
0.021
0.020
0.018
0.017
0.016
0.015
0.014
0.013
0.013
0.012
0.011
0.011
0.010
0.010
0.010
0.009
0.009
0.009
0.009
0.008
0.008
0.008
0.008
0.007
0.007
0.007
0.007
0.007
0.007
0.007
0.006
0.006
0.006
0.006
0.006
0.006
0.006
0.005
0.005
0.005
0.005
0.005
0.005
0.005
0.005
0.005
0.004
0.004
0.004
0.004
0.004
0.004
0.004
0.004
0.004
0.003
0.003
0.003
0.003
0.003
0.003
0.003
0.003
0.002
0.002
0.002
0.002
0.002
0.002
0.002
0.002
0.001
0.001
0.001
0.001
0.001
0.001
0.001
0.001
0.001
0.001
0.001
0.001
0.000
0.000
0.000
0.000
0.000
0.000
0.000
0.000
0.000
0.000
0.000
0.000
0.000
0.000
0.000
0.000
0.000
0.000
0.000
0.000
0.000
0.000
0.000
0.000
0.000
0.000
0.000
0.000
0.000
0.000
0.000
0.000
0.000
0.000
0.000
0.000
0.000
0.000
0.000
0.000
0.000
0.000
0.000
0.000
0.000
-0.000
-0.000
-0.000
-0.000
-0.000
-0.000
-0.000
-0.000
-0.000
-0.000
-0.000
0.000
0.000
0.000
0.000
0.000
0.000
0.000
0.000
0.000
0.000
0.000
-0.000
-0.000
-0.000
-0.000
-0.000
-0.000
-0.000
-0.000
-0.000
-0.000
-0.000
0.000
0.000
0.000
0.000
0.000
0.000
0
0
0
0
0
0
0
0
0
0
0
0
0
0
0
0
0
0
0
0
0
0
0
0
0
0
0
0
0
0
0
0
0
0
0
0
0
0
0
0
0
0
0
0
0
0
0
0
0
0
0
0
0
0
0
0
0
0
0
0
0
0
0
0
0
0
0
0
0
0
0
0
0
0
0
0
0
0
0
0
0
0
0
0
0
0
0
0
0
0
0
0
0
0
0
0
0
0
0
0
0
0
0
0
0
0
0
0
0
0
0
0
0
0
0
0
0
0
0
0
0
0
0
0
0
0
0
0
0
0
0
0
0
0
0
0
0
0
0
0
0
0
0
0
0
0
0
0
0
0
0
0
0
0
0
0
0
0
0
0
0
0
0
0
0
0
0
0
0
0
0
0
0
0
0
0
0
0
0
0
0
0
0
0
0
0
0
0
0
0
0
0
0
0
0
0
0
0
0
0
0
0
0
0
0
0
0
0
0
0
0
0
0
0
0
0
0
0
0
0
0
0
0
0
0
0
0
0
0
0
0
0
0
0
0
0
0
0
0
0
0
0
0
0
0
0
0
0
0
0
0
0
0
0
0
0
0
0
0
0
0
0
0
0
0
0
0
0
0
0
0
0
0
0
0
0
0
0
0
0
0
0
0
0
0
0
0
0
0
0
0
0
0
0
0
0
0
0
0
0
0
0
0
0
0
0
0
0
0
0
0
0
0
0
0
0
0
0
0
0
0
0
0
0
0
0
0
0
0
0
0
0
0
0
0
0
0
0
0
0
0
0
0
0
0
0
0
0
0
0
0
0
0
0
0
0
0
0
0
0
0
0
0
0
0
0
0
0
0
0
0
0
0
0
0
0
0
0
0
0
0
0
0
0
0
0
0
0
0
0
0
0
0
0
0
0
0
0
0
0
0
0
0
0
0
0
0
0
0
0
0
0
0
0
0
0
0
0
0
0
0
0
0
0
0
0
0
0
0
0
0
0
0
0
0
0
0
0
0
0
0
0
0
0
0
0
0
0
0
0
0
0
0
0
0
0
0
0
0
0
0
0
0
0
0
0
0
0
0
0
0
0
0
0
$MCA_CAL:
3
-1.4656616 2.9313233 0.00000000000000
$ENER_FIT:
-1.4656616 2.9313233 0.00000000000000
$MCA_CAL_DATA:
3
298 872
597 1749
896 2625
$CAMBIO:
Parent file specification: C:\GADRAS-DRF\Temp\152EU_150.0_112.5_iron_11.02_9.0.pcf
Successful read of spectrum: Yes
Error message: None
Warning: None
Information: None
Neutrons: 0
Number of spectral records in the parent file: 1
Record number of this spectrum in the parent file: 1
Date and time of acquisition read successfully from the original file: Yes
Live time read successfully from the original file: Yes
True time read successfully from the original file: Yes
GADRAS Tag character is:  
Version: 130122
Parent file type: Sandia GADRAS PCF
