$SPEC_ID:
152EU,1uC{26,11.02}
$MEAS_TIM:
3600.00 3600.00
$DATE_MEA:
3/9/2018 5:22:25 PM
$DATA:
0 1193
644.103
603.591
563.710
972.410
817.698
714.419
625.818
550.932
491.724
439.910
409.500
383.456
360.752
343.990
332.278
324.184
318.146
316.199
319.434
326.212
339.093
354.339
366.844
373.723
379.625
386.916
398.498
412.107
425.034
444.460
468.968
494.621
517.495
530.944
545.114
563.580
591.766
631.559
679.904
733.368
776.371
788.908
760.674
708.586
650.685
601.466
571.697
560.312
559.805
563.228
567.119
570.484
571.540
569.707
566.664
563.974
562.723
562.717
563.453
564.761
566.368
567.829
568.644
568.303
566.754
564.281
561.279
558.195
554.926
551.093
546.605
541.541
536.182
530.967
527.005
525.952
528.692
534.968
544.199
555.220
566.500
575.171
578.189
574.146
562.691
544.556
522.041
497.562
473.566
452.405
435.137
421.679
411.826
405.144
401.127
399.054
397.978
397.134
396.325
395.541
394.812
394.278
394.163
395.282
398.834
405.793
416.348
430.505
448.575
471.601
500.622
534.922
571.422
606.953
637.779
659.768
668.913
664.113
646.423
616.984
578.051
532.548
483.477
433.937
387.179
346.344
312.734
285.771
264.772
249.029
237.743
230.134
225.422
222.934
221.996
221.971
222.479
223.207
223.862
224.275
224.393
224.153
223.553
222.678
221.642
220.531
219.325
217.948
216.310
214.353
212.011
209.251
206.029
202.380
198.402
194.174
189.806
185.428
181.194
177.241
173.668
170.482
167.706
165.353
163.371
161.690
160.222
158.902
157.675
156.512
155.370
154.228
153.088
151.955
150.850
149.783
148.756
147.778
146.851
145.992
145.204
144.500
143.902
143.403
142.977
142.583
142.184
141.745
141.250
140.703
140.090
139.406
138.643
137.802
136.867
135.835
134.708
133.511
132.258
130.957
129.643
128.318
127.000
125.699
124.437
123.217
122.051
120.957
119.936
119.001
118.149
117.392
116.717
116.132
115.641
115.233
114.908
114.660
114.492
114.389
114.343
114.345
114.392
114.467
114.546
114.628
114.688
114.712
114.686
114.610
114.467
114.252
113.954
113.586
113.143
112.632
112.067
111.444
110.798
110.153
109.543
108.989
108.524
108.195
108.038
108.097
108.414
109.030
109.952
111.192
112.760
114.667
116.909
119.436
122.197
125.125
128.164
131.245
134.268
137.102
139.625
141.709
143.248
144.166
144.457
144.114
143.115
141.447
139.142
136.275
132.936
129.211
125.197
120.977
116.654
112.337
108.130
104.142
100.473
97.182
94.256
91.691
89.475
87.606
86.067
84.823
83.831
83.056
82.452
81.973
81.585
81.235
80.877
80.462
79.948
79.286
78.477
77.554
76.542
75.475
74.375
73.288
72.232
71.255
70.383
69.660
69.110
68.776
68.669
68.798
69.184
69.832
70.763
71.967
73.422
75.081
76.912
78.865
80.913
83.002
85.076
87.060
88.891
90.510
91.837
92.828
93.451
93.704
93.558
93.013
92.045
90.658
88.877
86.762
84.371
81.745
78.948
76.026
73.044
70.052
67.120
64.303
61.667
59.263
57.145
55.329
53.828
52.666
51.857
51.420
51.366
51.693
52.383
53.430
54.814
56.532
58.560
60.888
63.460
66.239
69.188
72.257
75.415
78.602
81.785
84.879
87.841
90.596
93.098
95.270
97.077
98.499
99.507
100.101
100.247
99.945
99.164
97.925
96.260
94.208
91.794
89.069
86.056
82.804
79.342
75.724
71.995
68.188
64.361
60.547
56.800
53.139
49.597
46.197
42.965
39.922
37.098
34.510
32.156
30.023
28.095
26.359
24.796
23.396
22.141
21.021
20.020
19.134
18.343
17.641
17.013
16.449
15.941
15.479
15.063
14.681
14.330
14.002
13.692
13.395
13.112
12.842
12.587
12.346
12.118
11.907
11.709
11.526
11.359
11.207
11.069
10.948
10.840
10.749
10.672
10.611
10.566
10.534
10.519
10.517
10.531
10.561
10.611
10.689
10.801
10.950
11.145
11.390
11.691
12.056
12.491
13.004
13.600
14.289
15.076
15.969
16.973
18.088
19.307
20.627
22.039
23.537
25.121
26.779
28.506
30.282
32.087
33.893
35.684
37.433
39.122
40.721
42.222
43.593
44.818
45.883
46.762
47.443
47.898
48.122
48.089
47.820
47.319
46.606
45.688
44.583
43.303
41.856
40.263
38.541
36.718
34.810
32.845
30.845
28.833
26.828
24.856
22.926
21.051
19.237
17.498
15.842
14.277
12.817
11.468
10.232
9.102
8.074
7.143
6.305
5.552
4.881
4.286
3.761
3.302
2.902
2.556
2.256
1.999
1.777
1.585
1.417
1.272
1.145
1.036
0.942
0.861
0.791
0.728
0.672
0.621
0.574
0.532
0.492
0.456
0.423
0.392
0.363
0.336
0.310
0.286
0.263
0.242
0.222
0.203
0.186
0.171
0.156
0.144
0.132
0.121
0.112
0.103
0.096
0.089
0.083
0.078
0.073
0.069
0.065
0.062
0.059
0.056
0.054
0.052
0.050
0.048
0.047
0.046
0.044
0.043
0.042
0.041
0.040
0.039
0.038
0.037
0.036
0.036
0.035
0.034
0.033
0.032
0.032
0.031
0.030
0.030
0.029
0.028
0.028
0.027
0.027
0.026
0.026
0.025
0.025
0.024
0.024
0.023
0.022
0.022
0.021
0.021
0.020
0.020
0.019
0.019
0.018
0.017
0.017
0.016
0.015
0.015
0.014
0.013
0.013
0.012
0.011
0.011
0.010
0.009
0.009
0.008
0.007
0.007
0.006
0.006
0.005
0.005
0.004
0.004
0.004
0.003
0.003
0.003
0.002
0.002
0.002
0.002
0.001
0.001
0.001
0.001
0.001
0.001
0.001
0.000
0.000
0.000
0.000
0.000
0.000
0.000
0.000
0.000
0.000
0.000
0.000
0.000
0.000
0.000
0.000
0.000
0.000
0.000
0.000
0.000
0.000
0.000
0.000
0.000
0.000
0.000
0.000
0.000
0.000
0.000
0.000
0.000
-0.000
-0.000
-0.000
-0.000
-0.000
-0.000
-0.000
-0.000
-0.000
-0.000
0.000
0.000
0.000
0.000
0.000
0.000
0.000
0.000
0.000
0.000
0.000
-0.000
-0.000
-0.000
-0.000
-0.000
-0.000
-0.000
-0.000
-0.000
-0.000
0.000
0.000
0.000
0.000
0.000
0.000
0
0
0
0
0
0
0
0
0
0
0
0
0
0
0
0
0
0
0
0
0
0
0
0
0
0
0
0
0
0
0
0
0
0
0
0
0
0
0
0
0
0
0
0
0
0
0
0
0
0
0
0
0
0
0
0
0
0
0
0
0
0
0
0
0
0
0
0
0
0
0
0
0
0
0
0
0
0
0
0
0
0
0
0
0
0
0
0
0
0
0
0
0
0
0
0
0
0
0
0
0
0
0
0
0
0
0
0
0
0
0
0
0
0
0
0
0
0
0
0
0
0
0
0
0
0
0
0
0
0
0
0
0
0
0
0
0
0
0
0
0
0
0
0
0
0
0
0
0
0
0
0
0
0
0
0
0
0
0
0
0
0
0
0
0
0
0
0
0
0
0
0
0
0
0
0
0
0
0
0
0
0
0
0
0
0
0
0
0
0
0
0
0
0
0
0
0
0
0
0
0
0
0
0
0
0
0
0
0
0
0
0
0
0
0
0
0
0
0
0
0
0
0
0
0
0
0
0
0
0
0
0
0
0
0
0
0
0
0
0
0
0
0
0
0
0
0
0
0
0
0
0
0
0
0
0
0
0
0
0
0
0
0
0
0
0
0
0
0
0
0
0
0
0
0
0
0
0
0
0
0
0
0
0
0
0
0
0
0
0
0
0
0
0
0
0
0
0
0
0
0
0
0
0
0
0
0
0
0
0
0
0
0
0
0
0
0
0
0
0
0
0
0
0
0
0
0
0
0
0
0
0
0
0
0
0
0
0
0
0
0
0
0
0
0
0
0
0
0
0
0
0
0
0
0
0
0
0
0
0
0
0
0
0
0
0
0
0
0
0
0
0
0
0
0
0
0
0
0
0
0
0
0
0
0
0
0
0
0
0
0
0
0
0
0
0
0
0
0
0
0
0
0
0
0
0
0
0
0
0
0
0
0
0
0
0
0
0
0
0
0
0
0
0
0
0
0
0
0
0
0
0
0
0
0
0
0
0
0
0
0
0
0
0
0
0
0
0
0
0
0
0
0
0
0
0
0
0
0
0
0
0
0
0
0
0
0
0
0
0
0
0
0
0
0
0
0
0
$MCA_CAL:
3
-1.4656616 2.9313233 0.00000000000000
$ENER_FIT:
-1.4656616 2.9313233 0.00000000000000
$MCA_CAL_DATA:
3
298 872
597 1749
896 2625
$CAMBIO:
Parent file specification: C:\GADRAS-DRF\Temp\152EU_125.0_50.0_iron_11.02_8.5.pcf
Successful read of spectrum: Yes
Error message: None
Warning: None
Information: None
Neutrons: 0
Number of spectral records in the parent file: 1
Record number of this spectrum in the parent file: 1
Date and time of acquisition read successfully from the original file: Yes
Live time read successfully from the original file: Yes
True time read successfully from the original file: Yes
GADRAS Tag character is:  
Version: 130122
Parent file type: Sandia GADRAS PCF
