$SPEC_ID:
152EU,1uC{82,0.92}
$MEAS_TIM:
3600.00 3600.00
$DATE_MEA:
3/9/2018 5:22:25 PM
$DATA:
0 1193
1336.611
1243.386
1137.380
1060.461
943.580
834.585
737.727
656.784
588.189
527.475
492.615
462.738
433.916
412.425
397.164
385.183
375.359
369.608
370.786
375.866
384.893
396.420
401.537
399.595
391.708
386.042
383.098
382.031
381.829
383.420
387.338
392.691
398.279
402.886
407.683
414.966
428.680
452.482
488.255
531.563
568.857
581.871
565.938
528.800
486.830
458.833
447.946
450.693
462.273
473.442
479.076
479.499
474.343
465.124
455.930
449.537
447.173
448.038
451.363
456.558
462.233
467.093
470.911
473.492
474.466
474.019
472.777
470.916
468.324
464.950
460.767
455.666
449.860
444.985
443.213
447.258
459.697
481.711
513.474
551.695
591.629
626.492
648.795
653.756
638.688
605.336
560.594
511.324
463.729
423.176
391.527
369.425
355.860
348.607
345.663
345.527
346.813
348.687
350.496
351.901
352.900
353.672
355.170
358.585
365.764
379.405
402.295
437.348
487.498
554.510
637.105
733.458
838.209
942.521
1037.220
1112.646
1158.772
1167.803
1140.707
1080.617
992.806
887.147
774.277
663.162
560.199
471.405
399.724
344.029
302.876
274.339
255.863
244.897
239.412
238.097
239.671
243.047
247.454
252.128
256.468
260.178
263.008
264.802
265.772
266.183
266.295
266.211
265.984
265.662
265.057
263.827
261.595
258.138
253.433
247.481
240.349
232.368
223.988
215.639
207.688
200.390
194.016
188.752
184.534
181.219
178.653
176.685
175.137
173.847
172.647
171.472
170.277
169.031
167.718
166.379
165.078
163.866
162.769
161.787
160.914
160.161
159.544
159.106
158.896
158.933
159.154
159.462
159.762
159.972
160.073
160.073
159.962
159.732
159.334
158.722
157.834
156.641
155.185
153.533
151.737
149.841
147.894
145.908
143.912
141.930
140.009
138.181
136.489
134.981
133.654
132.498
131.497
130.652
129.945
129.401
129.039
128.868
128.894
129.095
129.454
129.940
130.532
131.215
131.988
132.839
133.749
134.709
135.655
136.536
137.296
137.894
138.311
138.548
138.604
138.487
138.189
137.714
137.079
136.269
135.307
134.249
133.200
132.243
131.474
130.993
130.879
131.219
132.098
133.607
135.806
138.731
142.416
146.891
152.186
158.244
164.937
172.116
179.645
187.372
195.081
202.468
209.249
215.127
219.840
223.205
225.150
225.603
224.465
221.672
217.350
211.708
204.971
197.358
189.105
180.440
171.621
162.902
154.535
146.769
139.745
133.506
128.075
123.488
119.773
116.916
114.803
113.322
112.355
111.794
111.522
111.428
111.424
111.400
111.255
110.893
110.282
109.411
108.278
106.884
105.221
103.322
101.257
99.131
97.009
94.991
93.153
91.584
90.348
89.536
89.220
89.470
90.343
91.818
93.889
96.525
99.724
103.455
107.648
112.173
116.931
121.796
126.667
131.407
135.884
139.965
143.484
146.318
148.309
149.384
149.527
148.778
147.139
144.643
141.290
137.164
132.404
127.126
121.484
115.600
109.620
103.651
97.819
92.226
86.993
82.218
78.023
74.461
71.553
69.333
67.816
67.033
66.999
67.720
69.162
71.311
74.132
77.612
81.711
86.404
91.601
97.231
103.235
109.524
116.043
122.677
129.336
135.856
142.137
148.028
153.426
158.190
162.270
165.605
168.113
169.760
170.458
170.182
168.927
166.778
163.795
160.050
155.587
150.498
144.833
138.701
132.167
125.336
118.294
111.114
103.903
96.726
89.682
82.839
76.290
70.114
64.395
59.168
54.422
50.121
46.237
42.745
39.614
36.819
34.329
32.127
30.183
28.479
26.986
25.688
24.555
23.569
22.708
21.949
21.274
20.657
20.083
19.531
19.003
18.494
18.007
17.539
17.092
16.663
16.255
15.867
15.502
15.164
14.853
14.573
14.324
14.109
13.923
13.765
13.632
13.524
13.435
13.365
13.313
13.277
13.259
13.256
13.272
13.303
13.352
13.422
13.526
13.675
13.886
14.170
14.539
15.009
15.592
16.307
17.166
18.191
19.396
20.799
22.415
24.260
26.330
28.618
31.112
33.801
36.680
39.736
42.960
46.324
49.783
53.283
56.786
60.236
63.595
66.804
69.835
72.631
75.151
77.365
79.217
80.681
81.696
82.250
82.311
81.919
81.080
79.829
78.172
76.140
73.754
71.031
68.028
64.784
61.360
57.795
54.146
50.461
46.792
43.171
39.630
36.185
32.866
29.689
26.682
23.867
21.263
18.877
16.698
14.720
12.931
11.324
9.890
8.620
7.504
6.531
5.688
4.962
4.341
3.811
3.360
2.974
2.642
2.357
2.114
1.907
1.732
1.583
1.456
1.344
1.244
1.153
1.070
0.995
0.926
0.863
0.804
0.748
0.694
0.643
0.594
0.548
0.504
0.462
0.423
0.387
0.353
0.322
0.294
0.268
0.245
0.223
0.204
0.187
0.171
0.158
0.145
0.135
0.125
0.117
0.110
0.103
0.098
0.093
0.089
0.085
0.082
0.079
0.077
0.075
0.073
0.071
0.069
0.068
0.066
0.064
0.063
0.062
0.060
0.059
0.057
0.056
0.055
0.053
0.052
0.051
0.050
0.049
0.048
0.046
0.045
0.044
0.044
0.043
0.042
0.041
0.040
0.039
0.039
0.038
0.037
0.037
0.036
0.035
0.034
0.034
0.033
0.032
0.031
0.030
0.029
0.028
0.027
0.026
0.025
0.024
0.023
0.022
0.021
0.020
0.019
0.017
0.016
0.015
0.014
0.013
0.012
0.011
0.010
0.009
0.008
0.008
0.007
0.006
0.005
0.005
0.004
0.004
0.003
0.003
0.003
0.002
0.002
0.002
0.001
0.001
0.001
0.001
0.001
0.001
0.000
0.000
0.000
0.000
0.000
0.000
0.000
0.000
0.000
0.000
0.000
0.000
0.000
0.000
0.000
0.000
0.000
0.000
0.000
0.000
0.000
0.000
0.000
0.000
0.000
0.000
0.000
0.000
0.000
-0.000
-0.000
-0.000
-0.000
-0.000
-0.000
-0.000
-0.000
-0.000
0.000
0.000
0.000
0.000
0.000
0.000
0.000
0.000
0.000
0.000
0.000
0.000
0.000
0.000
0.000
0.000
0
0
0
0
0
0
0
0
0
0
0
0
0
0
0
0
0
0
0
0
0
0
0
0
0
0
0
0
0
0
0
0
0
0
0
0
0
0
0
0
0
0
0
0
0
0
0
0
0
0
0
0
0
0
0
0
0
0
0
0
0
0
0
0
0
0
0
0
0
0
0
0
0
0
0
0
0
0
0
0
0
0
0
0
0
0
0
0
0
0
0
0
0
0
0
0
0
0
0
0
0
0
0
0
0
0
0
0
0
0
0
0
0
0
0
0
0
0
0
0
0
0
0
0
0
0
0
0
0
0
0
0
0
0
0
0
0
0
0
0
0
0
0
0
0
0
0
0
0
0
0
0
0
0
0
0
0
0
0
0
0
0
0
0
0
0
0
0
0
0
0
0
0
0
0
0
0
0
0
0
0
0
0
0
0
0
0
0
0
0
0
0
0
0
0
0
0
0
0
0
0
0
0
0
0
0
0
0
0
0
0
0
0
0
0
0
0
0
0
0
0
0
0
0
0
0
0
0
0
0
0
0
0
0
0
0
0
0
0
0
0
0
0
0
0
0
0
0
0
0
0
0
0
0
0
0
0
0
0
0
0
0
0
0
0
0
0
0
0
0
0
0
0
0
0
0
0
0
0
0
0
0
0
0
0
0
0
0
0
0
0
0
0
0
0
0
0
0
0
0
0
0
0
0
0
0
0
0
0
0
0
0
0
0
0
0
0
0
0
0
0
0
0
0
0
0
0
0
0
0
0
0
0
0
0
0
0
0
0
0
0
0
0
0
0
0
0
0
0
0
0
0
0
0
0
0
0
0
0
0
0
0
0
0
0
0
0
0
0
0
0
0
0
0
0
0
0
0
0
0
0
0
0
0
0
0
0
0
0
0
0
0
0
0
0
0
0
0
0
0
0
0
0
0
0
0
0
0
0
0
0
0
0
0
0
0
0
0
0
0
0
0
0
0
0
0
0
0
0
0
0
0
0
0
0
0
0
0
0
0
0
0
0
0
0
0
0
0
0
0
0
0
0
0
0
0
0
0
0
0
0
0
0
0
0
0
0
0
0
0
0
0
0
0
0
0
0
0
0
0
0
0
0
0
0
0
0
0
0
0
0
0
0
0
$MCA_CAL:
3
-1.4656616 2.9313233 0.00000000000000
$ENER_FIT:
-1.4656616 2.9313233 0.00000000000000
$MCA_CAL_DATA:
3
298 872
597 1749
896 2625
$CAMBIO:
Parent file specification: C:\GADRAS-DRF\Temp\152EU_100.0_50.0_lead_0.92_8.0.pcf
Successful read of spectrum: Yes
Error message: None
Warning: None
Information: None
Neutrons: 0
Number of spectral records in the parent file: 1
Record number of this spectrum in the parent file: 1
Date and time of acquisition read successfully from the original file: Yes
Live time read successfully from the original file: Yes
True time read successfully from the original file: Yes
GADRAS Tag character is:  
Version: 130122
Parent file type: Sandia GADRAS PCF
