$SPEC_ID:
152EU,1uC{13,4.18}
$MEAS_TIM:
3600.00 3600.00
$DATE_MEA:
3/9/2018 5:22:25 PM
$DATA:
0 1193
120.201
134.797
130.676
190.445
156.390
128.463
107.845
91.444
82.228
75.439
76.925
93.288
134.026
162.877
135.565
105.181
84.926
75.204
77.316
83.769
91.034
98.913
105.036
106.841
108.828
111.793
114.929
116.374
114.916
111.915
109.242
107.519
106.735
106.110
106.568
107.771
109.779
113.698
120.298
130.641
140.108
139.609
125.986
104.458
83.761
71.201
65.401
63.857
64.740
66.597
68.631
70.454
71.571
71.563
70.705
69.398
68.011
66.801
65.776
64.802
63.678
62.284
60.566
58.541
56.325
54.121
52.209
50.606
49.167
47.818
46.539
45.355
44.258
43.208
42.144
41.095
40.345
40.074
40.251
40.778
41.491
42.060
42.085
41.333
39.704
37.403
34.745
32.058
29.637
27.607
26.021
24.798
23.831
23.074
22.495
22.038
21.635
21.256
20.891
20.522
20.132
19.717
19.303
18.913
18.578
18.337
18.273
18.483
19.085
20.210
21.920
24.181
26.903
29.819
32.607
34.851
36.060
35.915
34.512
32.019
28.740
25.049
21.305
17.824
14.896
12.593
10.847
9.583
8.707
8.124
7.757
7.550
7.450
7.431
7.474
7.560
7.669
7.777
7.866
7.921
7.931
7.897
7.836
7.761
7.688
7.632
7.604
7.594
7.590
7.575
7.534
7.450
7.313
7.128
6.902
6.648
6.382
6.124
5.889
5.685
5.517
5.389
5.295
5.227
5.178
5.141
5.109
5.077
5.042
5.004
4.961
4.915
4.866
4.817
4.769
4.722
4.679
4.639
4.603
4.573
4.547
4.528
4.515
4.509
4.509
4.512
4.515
4.515
4.513
4.510
4.504
4.496
4.481
4.459
4.427
4.387
4.341
4.290
4.237
4.181
4.124
4.067
4.011
3.956
3.903
3.853
3.806
3.765
3.728
3.696
3.668
3.644
3.623
3.605
3.591
3.582
3.577
3.577
3.580
3.587
3.596
3.608
3.624
3.643
3.663
3.686
3.708
3.730
3.749
3.765
3.776
3.781
3.779
3.771
3.758
3.739
3.715
3.686
3.651
3.612
3.569
3.527
3.487
3.454
3.428
3.413
3.409
3.419
3.444
3.489
3.554
3.645
3.761
3.902
4.068
4.258
4.468
4.692
4.921
5.146
5.358
5.549
5.708
5.824
5.890
5.899
5.855
5.759
5.617
5.430
5.209
4.963
4.702
4.435
4.172
3.919
3.683
3.472
3.290
3.139
3.016
2.921
2.853
2.810
2.786
2.780
2.785
2.799
2.819
2.841
2.863
2.882
2.895
2.901
2.896
2.879
2.847
2.801
2.743
2.676
2.604
2.528
2.453
2.379
2.311
2.250
2.198
2.159
2.134
2.124
2.132
2.160
2.207
2.273
2.357
2.459
2.577
2.708
2.850
2.999
3.152
3.305
3.452
3.589
3.708
3.804
3.873
3.913
3.923
3.902
3.850
3.766
3.654
3.518
3.364
3.195
3.018
2.834
2.650
2.470
2.299
2.140
1.995
1.867
1.755
1.660
1.584
1.526
1.487
1.467
1.465
1.481
1.514
1.566
1.635
1.722
1.825
1.945
2.081
2.231
2.393
2.566
2.749
2.938
3.131
3.322
3.508
3.685
3.849
3.996
4.123
4.229
4.309
4.360
4.382
4.375
4.339
4.275
4.184
4.067
3.926
3.766
3.589
3.401
3.203
3.001
2.797
2.592
2.391
2.196
2.009
1.833
1.668
1.516
1.377
1.252
1.143
1.048
0.965
0.895
0.835
0.783
0.738
0.700
0.667
0.640
0.616
0.597
0.580
0.565
0.553
0.541
0.530
0.519
0.508
0.496
0.484
0.472
0.460
0.448
0.435
0.423
0.411
0.400
0.390
0.380
0.372
0.365
0.359
0.354
0.350
0.347
0.345
0.345
0.345
0.345
0.346
0.346
0.346
0.346
0.346
0.345
0.344
0.342
0.340
0.337
0.335
0.334
0.334
0.335
0.338
0.345
0.354
0.368
0.386
0.410
0.441
0.478
0.522
0.574
0.634
0.701
0.776
0.859
0.950
1.047
1.148
1.254
1.361
1.470
1.578
1.684
1.786
1.881
1.967
2.043
2.105
2.153
2.187
2.206
2.209
2.197
2.169
2.126
2.067
1.995
1.913
1.820
1.721
1.615
1.505
1.393
1.280
1.168
1.058
0.952
0.852
0.757
0.670
0.589
0.514
0.447
0.386
0.332
0.285
0.244
0.209
0.178
0.152
0.130
0.112
0.096
0.084
0.073
0.065
0.058
0.053
0.048
0.044
0.041
0.038
0.036
0.034
0.032
0.030
0.028
0.027
0.025
0.024
0.022
0.021
0.019
0.018
0.017
0.015
0.014
0.013
0.012
0.011
0.010
0.009
0.008
0.007
0.006
0.006
0.005
0.005
0.004
0.004
0.003
0.003
0.003
0.003
0.003
0.002
0.002
0.002
0.002
0.002
0.002
0.002
0.002
0.002
0.002
0.002
0.002
0.002
0.002
0.002
0.002
0.002
0.002
0.002
0.001
0.001
0.001
0.001
0.001
0.001
0.001
0.001
0.001
0.001
0.001
0.001
0.001
0.001
0.001
0.001
0.001
0.001
0.001
0.001
0.001
0.001
0.001
0.001
0.001
0.001
0.001
0.001
0.001
0.001
0.001
0.001
0.001
0.001
0.001
0.001
0.001
0.001
0.001
0.001
0.001
0.001
0.000
0.000
0.000
0.000
0.000
0.000
0.000
0.000
0.000
0.000
0.000
0.000
0.000
0.000
0.000
0.000
0.000
0.000
0.000
0.000
0.000
0.000
0.000
0.000
0.000
0.000
0.000
0.000
0.000
0.000
0.000
0.000
0.000
0.000
0.000
0.000
0.000
0.000
0.000
0.000
0.000
0.000
0.000
0.000
0.000
0.000
-0.000
-0.000
-0.000
-0.000
-0.000
-0.000
-0.000
-0.000
0.000
0.000
0.000
0.000
0.000
0.000
0.000
0.000
-0.000
-0.000
-0.000
-0.000
-0.000
-0.000
-0.000
-0.000
-0.000
0.000
0.000
0.000
0.000
0.000
0
0
0
0
0
0
0
0
0
0
0
0
0
0
0
0
0
0
0
0
0
0
0
0
0
0
0
0
0
0
0
0
0
0
0
0
0
0
0
0
0
0
0
0
0
0
0
0
0
0
0
0
0
0
0
0
0
0
0
0
0
0
0
0
0
0
0
0
0
0
0
0
0
0
0
0
0
0
0
0
0
0
0
0
0
0
0
0
0
0
0
0
0
0
0
0
0
0
0
0
0
0
0
0
0
0
0
0
0
0
0
0
0
0
0
0
0
0
0
0
0
0
0
0
0
0
0
0
0
0
0
0
0
0
0
0
0
0
0
0
0
0
0
0
0
0
0
0
0
0
0
0
0
0
0
0
0
0
0
0
0
0
0
0
0
0
0
0
0
0
0
0
0
0
0
0
0
0
0
0
0
0
0
0
0
0
0
0
0
0
0
0
0
0
0
0
0
0
0
0
0
0
0
0
0
0
0
0
0
0
0
0
0
0
0
0
0
0
0
0
0
0
0
0
0
0
0
0
0
0
0
0
0
0
0
0
0
0
0
0
0
0
0
0
0
0
0
0
0
0
0
0
0
0
0
0
0
0
0
0
0
0
0
0
0
0
0
0
0
0
0
0
0
0
0
0
0
0
0
0
0
0
0
0
0
0
0
0
0
0
0
0
0
0
0
0
0
0
0
0
0
0
0
0
0
0
0
0
0
0
0
0
0
0
0
0
0
0
0
0
0
0
0
0
0
0
0
0
0
0
0
0
0
0
0
0
0
0
0
0
0
0
0
0
0
0
0
0
0
0
0
0
0
0
0
0
0
0
0
0
0
0
0
0
0
0
0
0
0
0
0
0
0
0
0
0
0
0
0
0
0
0
0
0
0
0
0
0
0
0
0
0
0
0
0
0
0
0
0
0
0
0
0
0
0
0
0
0
0
0
0
0
0
0
0
0
0
0
0
0
0
0
0
0
0
0
0
0
0
0
0
0
0
0
0
0
0
0
0
0
0
0
0
0
0
0
0
0
0
0
0
0
0
0
0
0
0
0
0
0
0
0
0
0
0
0
0
0
0
0
0
0
0
0
0
0
0
0
0
0
0
0
0
0
0
0
0
0
0
0
0
0
0
0
0
0
0
0
0
0
0
0
0
$MCA_CAL:
3
-1.4656616 2.9313233 0.00000000000000
$ENER_FIT:
-1.4656616 2.9313233 0.00000000000000
$MCA_CAL_DATA:
3
298 872
597 1749
896 2625
$CAMBIO:
Parent file specification: C:\GADRAS-DRF\Temp\152EU_150.0_300.0_alum_4.18_7.0.pcf
Successful read of spectrum: Yes
Error message: None
Warning: None
Information: None
Neutrons: 0
Number of spectral records in the parent file: 1
Record number of this spectrum in the parent file: 1
Date and time of acquisition read successfully from the original file: Yes
Live time read successfully from the original file: Yes
True time read successfully from the original file: Yes
GADRAS Tag character is:  
Version: 130122
Parent file type: Sandia GADRAS PCF
