$SPEC_ID:
152EU,1uC{13,13.16}
$MEAS_TIM:
3600.00 3600.00
$DATE_MEA:
3/9/2018 5:22:25 PM
$DATA:
0 1193
53.201
54.436
53.492
154.760
123.590
103.487
87.500
75.141
66.995
60.399
57.307
55.497
55.312
56.523
58.371
60.477
62.995
67.050
72.575
78.968
85.157
91.604
95.816
96.908
97.736
98.711
98.819
98.515
97.706
96.961
96.468
96.246
95.933
94.587
93.473
92.642
92.298
92.209
91.857
91.520
90.524
87.688
82.377
75.860
69.969
65.940
63.428
62.105
61.681
61.650
61.733
61.825
61.718
61.280
60.565
59.662
58.667
57.645
56.628
55.603
54.557
53.495
52.356
51.019
49.520
48.006
46.566
45.246
44.007
42.766
41.514
40.283
39.082
37.904
36.759
35.666
34.686
33.926
33.421
33.027
32.597
32.057
31.361
30.496
29.472
28.317
27.081
25.817
24.584
23.440
22.400
21.442
20.559
19.799
19.215
18.786
18.423
18.057
17.684
17.320
16.972
16.641
16.328
16.049
15.831
15.694
15.633
15.640
15.722
15.923
16.289
16.813
17.419
18.024
18.533
18.838
18.835
18.501
17.879
17.010
15.949
14.756
13.494
12.232
11.042
9.998
9.128
8.423
7.869
7.448
7.139
6.919
6.768
6.669
6.607
6.567
6.540
6.519
6.498
6.471
6.438
6.396
6.346
6.291
6.235
6.181
6.129
6.076
6.019
5.956
5.885
5.805
5.715
5.615
5.509
5.397
5.282
5.168
5.057
4.953
4.858
4.772
4.696
4.630
4.574
4.524
4.479
4.438
4.398
4.359
4.321
4.284
4.246
4.209
4.172
4.137
4.102
4.068
4.037
4.007
3.980
3.955
3.933
3.914
3.897
3.880
3.864
3.847
3.829
3.809
3.788
3.765
3.740
3.713
3.685
3.655
3.622
3.589
3.555
3.519
3.484
3.449
3.414
3.379
3.346
3.313
3.282
3.252
3.224
3.198
3.174
3.152
3.132
3.114
3.099
3.086
3.075
3.066
3.059
3.053
3.048
3.044
3.042
3.040
3.038
3.037
3.034
3.031
3.027
3.022
3.015
3.007
2.997
2.985
2.972
2.957
2.941
2.924
2.906
2.888
2.871
2.856
2.842
2.832
2.825
2.824
2.829
2.840
2.859
2.885
2.918
2.959
3.009
3.064
3.126
3.191
3.258
3.327
3.394
3.457
3.512
3.558
3.590
3.608
3.611
3.599
3.572
3.530
3.473
3.403
3.323
3.233
3.137
3.036
2.932
2.829
2.729
2.633
2.546
2.467
2.397
2.335
2.282
2.237
2.199
2.169
2.144
2.124
2.109
2.096
2.086
2.076
2.066
2.055
2.042
2.025
2.004
1.981
1.955
1.929
1.902
1.875
1.849
1.824
1.803
1.785
1.771
1.762
1.758
1.760
1.768
1.783
1.804
1.831
1.865
1.903
1.945
1.990
2.038
2.086
2.134
2.179
2.221
2.258
2.288
2.311
2.324
2.328
2.323
2.309
2.285
2.251
2.207
2.156
2.098
2.034
1.967
1.896
1.825
1.753
1.682
1.615
1.551
1.494
1.443
1.399
1.363
1.335
1.316
1.305
1.303
1.311
1.327
1.351
1.384
1.424
1.472
1.527
1.588
1.654
1.724
1.796
1.871
1.946
2.022
2.095
2.165
2.230
2.289
2.340
2.382
2.415
2.438
2.451
2.453
2.445
2.425
2.395
2.354
2.303
2.244
2.178
2.105
2.026
1.942
1.854
1.764
1.672
1.579
1.487
1.397
1.308
1.223
1.140
1.062
0.989
0.920
0.858
0.801
0.750
0.703
0.661
0.623
0.589
0.559
0.532
0.507
0.486
0.466
0.449
0.434
0.420
0.408
0.396
0.386
0.377
0.368
0.360
0.352
0.345
0.338
0.331
0.325
0.319
0.313
0.308
0.303
0.298
0.294
0.290
0.287
0.284
0.281
0.279
0.277
0.275
0.274
0.273
0.273
0.272
0.273
0.273
0.274
0.276
0.279
0.282
0.287
0.293
0.300
0.309
0.319
0.332
0.346
0.363
0.382
0.404
0.428
0.456
0.485
0.517
0.552
0.588
0.627
0.667
0.709
0.752
0.796
0.840
0.883
0.926
0.966
1.005
1.042
1.075
1.104
1.130
1.151
1.168
1.178
1.184
1.182
1.175
1.163
1.145
1.122
1.095
1.063
1.027
0.988
0.946
0.901
0.854
0.806
0.757
0.707
0.658
0.610
0.562
0.516
0.472
0.429
0.388
0.350
0.314
0.281
0.251
0.223
0.198
0.175
0.155
0.136
0.120
0.105
0.092
0.081
0.071
0.063
0.055
0.049
0.044
0.039
0.035
0.031
0.028
0.026
0.023
0.021
0.019
0.018
0.017
0.015
0.014
0.013
0.012
0.011
0.010
0.010
0.009
0.008
0.008
0.007
0.007
0.006
0.005
0.005
0.005
0.004
0.004
0.004
0.003
0.003
0.003
0.003
0.002
0.002
0.002
0.002
0.002
0.002
0.002
0.002
0.001
0.001
0.001
0.001
0.001
0.001
0.001
0.001
0.001
0.001
0.001
0.001
0.001
0.001
0.001
0.001
0.001
0.001
0.001
0.001
0.001
0.001
0.001
0.001
0.001
0.001
0.001
0.001
0.001
0.001
0.001
0.001
0.001
0.001
0.001
0.001
0.001
0.001
0.001
0.001
0.001
0.001
0.001
0.000
0.000
0.000
0.000
0.000
0.000
0.000
0.000
0.000
0.000
0.000
0.000
0.000
0.000
0.000
0.000
0.000
0.000
0.000
0.000
0.000
0.000
0.000
0.000
0.000
0.000
0.000
0.000
0.000
0.000
0.000
0.000
0.000
0.000
0.000
0.000
0.000
0.000
0.000
0.000
0.000
0.000
0.000
0.000
0.000
0.000
0.000
0.000
0.000
0.000
0.000
0.000
0.000
0.000
0.000
0.000
0.000
0.000
0.000
0.000
0.000
0.000
0.000
0.000
0.000
0.000
0.000
0.000
0.000
0.000
0.000
0.000
0.000
0.000
0.000
-0.000
-0.000
-0.000
-0.000
-0.000
-0.000
-0.000
-0.000
-0.000
-0.000
0.000
0.000
0.000
0.000
0.000
0.000
0.000
0.000
0.000
0.000
0.000
-0.000
-0.000
-0.000
-0.000
-0.000
-0.000
-0.000
-0.000
-0.000
-0.000
0.000
0.000
0.000
0.000
0.000
0.000
0
0
0
0
0
0
0
0
0
0
0
0
0
0
0
0
0
0
0
0
0
0
0
0
0
0
0
0
0
0
0
0
0
0
0
0
0
0
0
0
0
0
0
0
0
0
0
0
0
0
0
0
0
0
0
0
0
0
0
0
0
0
0
0
0
0
0
0
0
0
0
0
0
0
0
0
0
0
0
0
0
0
0
0
0
0
0
0
0
0
0
0
0
0
0
0
0
0
0
0
0
0
0
0
0
0
0
0
0
0
0
0
0
0
0
0
0
0
0
0
0
0
0
0
0
0
0
0
0
0
0
0
0
0
0
0
0
0
0
0
0
0
0
0
0
0
0
0
0
0
0
0
0
0
0
0
0
0
0
0
0
0
0
0
0
0
0
0
0
0
0
0
0
0
0
0
0
0
0
0
0
0
0
0
0
0
0
0
0
0
0
0
0
0
0
0
0
0
0
0
0
0
0
0
0
0
0
0
0
0
0
0
0
0
0
0
0
0
0
0
0
0
0
0
0
0
0
0
0
0
0
0
0
0
0
0
0
0
0
0
0
0
0
0
0
0
0
0
0
0
0
0
0
0
0
0
0
0
0
0
0
0
0
0
0
0
0
0
0
0
0
0
0
0
0
0
0
0
0
0
0
0
0
0
0
0
0
0
0
0
0
0
0
0
0
0
0
0
0
0
0
0
0
0
0
0
0
0
0
0
0
0
0
0
0
0
0
0
0
0
0
0
0
0
0
0
0
0
0
0
0
0
0
0
0
0
0
0
0
0
0
0
0
0
0
0
0
0
0
0
0
0
0
0
0
0
0
0
0
0
0
0
0
0
0
0
0
0
0
0
0
0
0
0
0
0
0
0
0
0
0
0
0
0
0
0
0
0
0
0
0
0
0
0
0
0
0
0
0
0
0
0
0
0
0
0
0
0
0
0
0
0
0
0
0
0
0
0
0
0
0
0
0
0
0
0
0
0
0
0
0
0
0
0
0
0
0
0
0
0
0
0
0
0
0
0
0
0
0
0
0
0
0
0
0
0
0
0
0
0
0
0
0
0
0
0
0
0
0
0
0
0
0
0
0
0
0
0
$MCA_CAL:
3
-1.4656616 2.9313233 0.00000000000000
$ENER_FIT:
-1.4656616 2.9313233 0.00000000000000
$MCA_CAL_DATA:
3
298 872
597 1749
896 2625
$CAMBIO:
Parent file specification: C:\GADRAS-DRF\Temp\152EU_150.0_300.0_alum_13.16_8.5.pcf
Successful read of spectrum: Yes
Error message: None
Warning: None
Information: None
Neutrons: 0
Number of spectral records in the parent file: 1
Record number of this spectrum in the parent file: 1
Date and time of acquisition read successfully from the original file: Yes
Live time read successfully from the original file: Yes
True time read successfully from the original file: Yes
GADRAS Tag character is:  
Version: 130122
Parent file type: Sandia GADRAS PCF
