$SPEC_ID:
152EU,1uC{13,1.82}
$MEAS_TIM:
3600.00 3600.00
$DATE_MEA:
3/9/2018 5:22:25 PM
$DATA:
0 1193
475.333
534.339
590.575
805.437
659.350
460.801
370.129
289.004
275.762
285.106
409.101
834.043
1767.649
2385.498
1740.266
962.979
512.328
268.404
201.048
205.026
222.634
243.472
260.347
273.810
291.429
316.260
339.323
351.660
349.208
341.904
339.504
343.858
350.650
356.465
365.078
380.758
412.143
472.769
573.447
703.792
817.163
845.435
759.258
596.501
426.753
304.191
238.301
214.122
212.440
218.962
225.805
229.626
229.351
224.669
217.696
210.920
205.514
201.740
199.416
198.249
197.486
196.260
194.577
192.589
190.331
188.040
186.038
184.370
182.869
181.114
178.886
176.293
173.428
170.379
167.600
165.797
166.031
169.330
175.740
184.733
194.642
203.335
208.192
206.834
199.078
185.691
168.867
151.305
134.997
121.471
111.263
104.107
99.509
96.722
95.095
94.240
93.824
93.633
93.484
93.255
92.855
92.294
91.738
91.405
91.715
93.151
96.418
102.430
111.988
125.542
143.412
165.117
189.501
215.000
238.589
256.985
267.826
269.786
261.934
245.521
222.680
195.709
167.363
140.399
116.567
96.559
80.932
69.407
61.269
55.823
52.467
50.630
49.820
49.784
50.307
51.185
52.251
53.336
54.304
55.071
55.559
55.752
55.740
55.611
55.446
55.298
55.218
55.207
55.167
54.993
54.594
53.917
52.914
51.560
49.927
48.102
46.181
44.264
42.460
40.872
39.543
38.467
37.637
37.028
36.588
36.262
35.997
35.764
35.540
35.301
35.038
34.756
34.458
34.151
33.845
33.552
33.282
33.042
32.833
32.661
32.525
32.430
32.379
32.375
32.411
32.468
32.529
32.577
32.605
32.612
32.596
32.553
32.470
32.337
32.141
31.880
31.565
31.210
30.826
30.420
30.003
29.580
29.158
28.744
28.345
27.968
27.619
27.302
27.018
26.768
26.554
26.376
26.232
26.122
26.046
26.003
25.991
26.011
26.062
26.143
26.250
26.383
26.539
26.713
26.898
27.091
27.283
27.467
27.630
27.765
27.859
27.905
27.906
27.866
27.786
27.669
27.517
27.328
27.104
26.844
26.566
26.292
26.047
25.858
25.745
25.723
25.806
26.010
26.347
26.832
27.478
28.300
29.310
30.508
31.870
33.366
34.966
36.640
38.334
39.977
41.500
42.831
43.914
44.704
45.173
45.289
45.019
44.363
43.371
42.088
40.565
38.850
37.004
35.086
33.159
31.286
29.526
27.909
26.457
25.192
24.132
23.293
22.656
22.197
21.889
21.707
21.626
21.624
21.679
21.766
21.867
21.958
22.020
22.031
21.974
21.828
21.579
21.243
20.837
20.379
19.886
19.380
18.874
18.389
17.941
17.551
17.232
17.002
16.873
16.859
16.975
17.232
17.633
18.167
18.828
19.605
20.493
21.471
22.516
23.596
24.685
25.750
26.764
27.697
28.511
29.178
29.661
29.933
29.980
29.816
29.445
28.880
28.126
27.199
26.131
24.951
23.696
22.395
21.084
19.787
18.530
17.334
16.226
15.226
14.356
13.622
13.025
12.571
12.262
12.102
12.090
12.226
12.505
12.927
13.488
14.185
15.010
15.956
17.011
18.164
19.407
20.726
22.103
23.506
24.918
26.307
27.651
28.921
30.099
31.156
32.072
32.824
33.384
33.741
33.890
33.839
33.585
33.137
32.495
31.669
30.676
29.545
28.293
26.947
25.527
24.056
22.557
21.046
19.546
18.074
16.654
15.300
14.022
12.825
11.715
10.696
9.776
8.957
8.236
7.603
7.050
6.570
6.152
5.790
5.476
5.205
4.972
4.772
4.597
4.445
4.310
4.189
4.079
3.976
3.880
3.786
3.692
3.598
3.504
3.412
3.322
3.235
3.151
3.071
2.996
2.926
2.863
2.807
2.758
2.718
2.685
2.660
2.640
2.625
2.614
2.606
2.601
2.597
2.595
2.594
2.592
2.590
2.587
2.584
2.584
2.589
2.603
2.626
2.662
2.714
2.785
2.881
3.006
3.164
3.360
3.600
3.885
4.218
4.599
5.030
5.511
6.043
6.627
7.261
7.937
8.646
9.380
10.130
10.889
11.647
12.396
13.119
13.809
14.449
15.026
15.530
15.944
16.265
16.486
16.612
16.636
16.560
16.379
16.096
15.712
15.238
14.686
14.066
13.391
12.669
11.916
11.138
10.348
9.554
8.766
7.993
7.245
6.530
5.858
5.230
4.646
4.106
3.610
3.158
2.752
2.389
2.070
1.790
1.545
1.334
1.152
0.996
0.863
0.751
0.656
0.577
0.512
0.458
0.414
0.376
0.344
0.316
0.292
0.271
0.253
0.236
0.221
0.208
0.194
0.182
0.170
0.158
0.147
0.136
0.126
0.117
0.107
0.098
0.090
0.082
0.075
0.068
0.062
0.056
0.051
0.046
0.042
0.038
0.034
0.031
0.029
0.026
0.024
0.023
0.021
0.020
0.019
0.018
0.017
0.017
0.016
0.016
0.015
0.015
0.014
0.014
0.014
0.013
0.013
0.013
0.013
0.012
0.012
0.012
0.011
0.011
0.011
0.011
0.010
0.010
0.010
0.010
0.009
0.009
0.009
0.009
0.009
0.008
0.008
0.008
0.008
0.008
0.008
0.007
0.007
0.007
0.007
0.007
0.007
0.007
0.007
0.007
0.006
0.006
0.006
0.006
0.006
0.006
0.005
0.005
0.005
0.005
0.004
0.004
0.004
0.004
0.004
0.003
0.003
0.003
0.003
0.002
0.002
0.002
0.002
0.002
0.001
0.001
0.001
0.001
0.001
0.001
0.001
0.001
0.001
0.000
0.000
0.000
0.000
0.000
0.000
0.000
0.000
0.000
0.000
0.000
0.000
0.000
0.000
0.000
0.000
0.000
0.000
0.000
0.000
0.000
0.000
0.000
0.000
0.000
0.000
0.000
0.000
0.000
0.000
0.000
0.000
-0.000
-0.000
-0.000
-0.000
-0.000
-0.000
-0.000
-0.000
-0.000
0.000
0.000
0.000
0.000
0.000
0.000
0.000
0.000
0.000
0.000
0.000
0.000
0.000
0.000
0
0
0
0
0
0
0
0
0
0
0
0
0
0
0
0
0
0
0
0
0
0
0
0
0
0
0
0
0
0
0
0
0
0
0
0
0
0
0
0
0
0
0
0
0
0
0
0
0
0
0
0
0
0
0
0
0
0
0
0
0
0
0
0
0
0
0
0
0
0
0
0
0
0
0
0
0
0
0
0
0
0
0
0
0
0
0
0
0
0
0
0
0
0
0
0
0
0
0
0
0
0
0
0
0
0
0
0
0
0
0
0
0
0
0
0
0
0
0
0
0
0
0
0
0
0
0
0
0
0
0
0
0
0
0
0
0
0
0
0
0
0
0
0
0
0
0
0
0
0
0
0
0
0
0
0
0
0
0
0
0
0
0
0
0
0
0
0
0
0
0
0
0
0
0
0
0
0
0
0
0
0
0
0
0
0
0
0
0
0
0
0
0
0
0
0
0
0
0
0
0
0
0
0
0
0
0
0
0
0
0
0
0
0
0
0
0
0
0
0
0
0
0
0
0
0
0
0
0
0
0
0
0
0
0
0
0
0
0
0
0
0
0
0
0
0
0
0
0
0
0
0
0
0
0
0
0
0
0
0
0
0
0
0
0
0
0
0
0
0
0
0
0
0
0
0
0
0
0
0
0
0
0
0
0
0
0
0
0
0
0
0
0
0
0
0
0
0
0
0
0
0
0
0
0
0
0
0
0
0
0
0
0
0
0
0
0
0
0
0
0
0
0
0
0
0
0
0
0
0
0
0
0
0
0
0
0
0
0
0
0
0
0
0
0
0
0
0
0
0
0
0
0
0
0
0
0
0
0
0
0
0
0
0
0
0
0
0
0
0
0
0
0
0
0
0
0
0
0
0
0
0
0
0
0
0
0
0
0
0
0
0
0
0
0
0
0
0
0
0
0
0
0
0
0
0
0
0
0
0
0
0
0
0
0
0
0
0
0
0
0
0
0
0
0
0
0
0
0
0
0
0
0
0
0
0
0
0
0
0
0
0
0
0
0
0
0
0
0
0
0
0
0
0
0
0
0
0
0
0
0
0
0
0
0
0
0
0
0
0
0
0
0
0
0
0
0
0
0
0
0
0
0
0
0
0
0
0
0
0
0
0
0
0
0
0
0
0
0
0
0
0
0
0
$MCA_CAL:
3
-1.4656616 2.9313233 0.00000000000000
$ENER_FIT:
-1.4656616 2.9313233 0.00000000000000
$MCA_CAL_DATA:
3
298 872
597 1749
896 2625
$CAMBIO:
Parent file specification: C:\GADRAS-DRF\Temp\152EU_125.0_112.5_alum_1.82_7.5.pcf
Successful read of spectrum: Yes
Error message: None
Warning: None
Information: None
Neutrons: 0
Number of spectral records in the parent file: 1
Record number of this spectrum in the parent file: 1
Date and time of acquisition read successfully from the original file: Yes
Live time read successfully from the original file: Yes
True time read successfully from the original file: Yes
GADRAS Tag character is:  
Version: 130122
Parent file type: Sandia GADRAS PCF
