$SPEC_ID:
152EU,1uC{26,1.53}
$MEAS_TIM:
3600.00 3600.00
$DATE_MEA:
3/9/2018 5:22:25 PM
$DATA:
0 1193
157.744
170.029
162.405
171.328
144.397
122.333
104.195
90.240
80.313
72.294
68.080
65.526
64.246
64.126
63.687
63.089
62.480
63.443
66.470
70.754
75.868
81.263
85.989
88.772
91.370
94.706
97.773
99.799
99.653
98.029
96.172
94.877
94.447
94.684
96.117
98.932
103.641
110.670
119.792
129.597
136.107
135.110
124.734
108.085
90.432
76.478
67.780
63.997
63.709
65.042
66.920
68.900
70.342
70.876
70.657
69.948
69.032
68.062
67.099
66.075
64.885
63.416
61.618
59.514
57.202
54.836
52.631
50.815
49.291
47.799
46.328
45.012
43.904
42.998
42.294
41.797
41.541
41.594
41.963
42.507
43.052
43.362
43.198
42.454
41.111
39.233
37.009
34.635
32.300
30.186
28.378
26.882
25.686
24.750
24.022
23.450
22.973
22.541
22.133
21.737
21.355
21.006
20.713
20.519
20.482
20.656
21.107
21.898
23.078
24.660
26.648
28.971
31.448
33.894
36.064
37.657
38.385
38.155
37.024
35.056
32.414
29.325
26.020
22.702
19.563
16.783
14.450
12.554
11.077
9.986
9.215
8.698
8.374
8.197
8.126
8.119
8.152
8.204
8.257
8.300
8.327
8.335
8.323
8.295
8.257
8.215
8.168
8.113
8.047
7.967
7.867
7.743
7.590
7.408
7.204
6.983
6.752
6.518
6.292
6.083
5.896
5.732
5.592
5.475
5.379
5.301
5.234
5.175
5.123
5.074
5.027
4.980
4.934
4.889
4.845
4.804
4.765
4.729
4.696
4.665
4.639
4.618
4.604
4.597
4.595
4.595
4.596
4.594
4.590
4.583
4.572
4.558
4.540
4.518
4.489
4.455
4.414
4.368
4.318
4.266
4.213
4.159
4.106
4.053
4.002
3.953
3.907
3.864
3.826
3.793
3.764
3.740
3.720
3.704
3.693
3.687
3.684
3.686
3.692
3.701
3.714
3.730
3.748
3.768
3.788
3.808
3.827
3.845
3.860
3.872
3.880
3.885
3.884
3.880
3.871
3.858
3.842
3.823
3.803
3.782
3.764
3.747
3.736
3.731
3.736
3.752
3.783
3.831
3.895
3.977
4.076
4.193
4.327
4.477
4.638
4.809
4.985
5.163
5.338
5.504
5.654
5.783
5.884
5.953
5.991
5.995
5.965
5.899
5.799
5.668
5.512
5.335
5.143
4.940
4.731
4.522
4.318
4.125
3.947
3.787
3.646
3.522
3.417
3.329
3.258
3.202
3.160
3.128
3.105
3.089
3.076
3.066
3.055
3.042
3.024
2.999
2.968
2.930
2.888
2.843
2.796
2.750
2.704
2.662
2.625
2.595
2.573
2.562
2.562
2.574
2.598
2.635
2.687
2.752
2.829
2.917
3.014
3.116
3.224
3.334
3.443
3.548
3.646
3.733
3.807
3.864
3.904
3.925
3.926
3.908
3.870
3.810
3.731
3.635
3.526
3.405
3.275
3.139
3.000
2.860
2.723
2.590
2.466
2.353
2.253
2.167
2.096
2.042
2.004
1.985
1.985
2.003
2.039
2.092
2.161
2.247
2.347
2.462
2.588
2.724
2.868
3.019
3.173
3.330
3.486
3.639
3.785
3.922
4.047
4.156
4.248
4.322
4.377
4.412
4.425
4.418
4.388
4.336
4.264
4.174
4.067
3.945
3.809
3.661
3.504
3.339
3.168
2.994
2.818
2.643
2.471
2.303
2.140
1.984
1.836
1.696
1.566
1.447
1.338
1.240
1.151
1.071
0.999
0.935
0.878
0.827
0.782
0.742
0.706
0.675
0.647
0.623
0.600
0.580
0.562
0.545
0.530
0.516
0.503
0.490
0.478
0.467
0.456
0.446
0.436
0.427
0.419
0.412
0.405
0.399
0.393
0.389
0.385
0.381
0.378
0.376
0.375
0.374
0.374
0.375
0.376
0.378
0.381
0.385
0.391
0.398
0.408
0.419
0.433
0.450
0.470
0.493
0.521
0.552
0.587
0.628
0.673
0.724
0.779
0.839
0.903
0.971
1.042
1.118
1.196
1.277
1.359
1.442
1.523
1.603
1.680
1.754
1.822
1.885
1.941
1.991
2.032
2.064
2.086
2.099
2.100
2.090
2.070
2.041
2.003
1.956
1.901
1.839
1.770
1.695
1.615
1.532
1.446
1.358
1.269
1.181
1.094
1.010
0.927
0.848
0.771
0.698
0.630
0.565
0.506
0.451
0.401
0.356
0.315
0.278
0.244
0.215
0.188
0.165
0.145
0.127
0.112
0.099
0.087
0.078
0.069
0.062
0.055
0.050
0.045
0.041
0.037
0.034
0.032
0.029
0.027
0.025
0.023
0.021
0.020
0.018
0.017
0.016
0.014
0.013
0.012
0.011
0.010
0.010
0.009
0.008
0.007
0.007
0.006
0.006
0.005
0.005
0.004
0.004
0.004
0.004
0.003
0.003
0.003
0.003
0.003
0.002
0.002
0.002
0.002
0.002
0.002
0.002
0.002
0.002
0.002
0.002
0.002
0.002
0.002
0.002
0.002
0.002
0.001
0.001
0.001
0.001
0.001
0.001
0.001
0.001
0.001
0.001
0.001
0.001
0.001
0.001
0.001
0.001
0.001
0.001
0.001
0.001
0.001
0.001
0.001
0.001
0.001
0.001
0.001
0.001
0.001
0.001
0.001
0.001
0.001
0.001
0.001
0.001
0.001
0.001
0.001
0.000
0.000
0.000
0.000
0.000
0.000
0.000
0.000
0.000
0.000
0.000
0.000
0.000
0.000
0.000
0.000
0.000
0.000
0.000
0.000
0.000
0.000
0.000
0.000
0.000
0.000
0.000
0.000
0.000
0.000
0.000
0.000
0.000
0.000
0.000
0.000
0.000
0.000
0.000
0.000
0.000
0.000
0.000
0.000
0.000
0.000
0.000
0.000
0.000
0.000
0.000
0.000
0.000
0.000
0.000
0.000
0.000
0.000
0.000
0.000
0.000
0.000
-0.000
-0.000
-0.000
-0.000
-0.000
-0.000
-0.000
-0.000
-0.000
-0.000
0.000
0.000
0.000
0.000
0.000
0.000
0.000
0.000
0.000
0.000
0.000
-0.000
-0.000
-0.000
-0.000
-0.000
-0.000
-0.000
-0.000
-0.000
-0.000
0.000
0.000
0.000
0.000
0.000
0.000
0
0
0
0
0
0
0
0
0
0
0
0
0
0
0
0
0
0
0
0
0
0
0
0
0
0
0
0
0
0
0
0
0
0
0
0
0
0
0
0
0
0
0
0
0
0
0
0
0
0
0
0
0
0
0
0
0
0
0
0
0
0
0
0
0
0
0
0
0
0
0
0
0
0
0
0
0
0
0
0
0
0
0
0
0
0
0
0
0
0
0
0
0
0
0
0
0
0
0
0
0
0
0
0
0
0
0
0
0
0
0
0
0
0
0
0
0
0
0
0
0
0
0
0
0
0
0
0
0
0
0
0
0
0
0
0
0
0
0
0
0
0
0
0
0
0
0
0
0
0
0
0
0
0
0
0
0
0
0
0
0
0
0
0
0
0
0
0
0
0
0
0
0
0
0
0
0
0
0
0
0
0
0
0
0
0
0
0
0
0
0
0
0
0
0
0
0
0
0
0
0
0
0
0
0
0
0
0
0
0
0
0
0
0
0
0
0
0
0
0
0
0
0
0
0
0
0
0
0
0
0
0
0
0
0
0
0
0
0
0
0
0
0
0
0
0
0
0
0
0
0
0
0
0
0
0
0
0
0
0
0
0
0
0
0
0
0
0
0
0
0
0
0
0
0
0
0
0
0
0
0
0
0
0
0
0
0
0
0
0
0
0
0
0
0
0
0
0
0
0
0
0
0
0
0
0
0
0
0
0
0
0
0
0
0
0
0
0
0
0
0
0
0
0
0
0
0
0
0
0
0
0
0
0
0
0
0
0
0
0
0
0
0
0
0
0
0
0
0
0
0
0
0
0
0
0
0
0
0
0
0
0
0
0
0
0
0
0
0
0
0
0
0
0
0
0
0
0
0
0
0
0
0
0
0
0
0
0
0
0
0
0
0
0
0
0
0
0
0
0
0
0
0
0
0
0
0
0
0
0
0
0
0
0
0
0
0
0
0
0
0
0
0
0
0
0
0
0
0
0
0
0
0
0
0
0
0
0
0
0
0
0
0
0
0
0
0
0
0
0
0
0
0
0
0
0
0
0
0
0
0
0
0
0
0
0
0
0
0
0
0
0
0
0
0
0
0
0
$MCA_CAL:
3
-1.4656616 2.9313233 0.00000000000000
$ENER_FIT:
-1.4656616 2.9313233 0.00000000000000
$MCA_CAL_DATA:
3
298 872
597 1749
896 2625
$CAMBIO:
Parent file specification: C:\GADRAS-DRF\Temp\152EU_125.0_300.0_iron_1.53_8.5.pcf
Successful read of spectrum: Yes
Error message: None
Warning: None
Information: None
Neutrons: 0
Number of spectral records in the parent file: 1
Record number of this spectrum in the parent file: 1
Date and time of acquisition read successfully from the original file: Yes
Live time read successfully from the original file: Yes
True time read successfully from the original file: Yes
GADRAS Tag character is:  
Version: 130122
Parent file type: Sandia GADRAS PCF
