$SPEC_ID:
152EU,1uC{82,0.92}
$MEAS_TIM:
3600.00 3600.00
$DATE_MEA:
3/9/2018 5:22:25 PM
$DATA:
0 1193
301.427
287.449
266.945
254.403
223.108
195.149
170.403
150.753
135.184
121.355
113.723
106.989
100.074
95.444
93.064
92.012
91.831
93.230
96.235
100.228
104.965
109.570
112.855
112.604
110.626
108.928
107.603
107.211
106.889
106.569
106.537
106.775
107.256
107.780
108.445
109.370
110.708
112.568
114.944
117.570
119.554
120.043
118.724
116.139
113.702
112.710
113.246
115.467
119.231
123.378
127.280
130.698
132.778
133.062
131.996
130.160
128.113
126.127
124.299
122.529
120.633
118.369
115.658
112.592
109.280
105.850
102.630
100.024
97.871
95.717
93.541
91.569
89.910
88.582
87.610
87.019
86.876
87.294
88.282
89.601
90.946
91.842
91.798
90.575
88.098
84.493
80.179
75.580
71.063
66.970
63.477
60.620
58.395
56.691
55.374
54.336
53.477
52.715
52.002
51.308
50.634
50.032
49.567
49.354
49.543
50.289
51.779
54.208
57.707
62.286
67.928
74.423
81.298
88.064
94.085
98.606
100.889
100.677
98.069
93.186
86.452
78.489
69.925
61.310
53.137
45.883
39.782
34.812
30.940
28.081
26.064
24.716
23.874
23.422
23.248
23.247
23.352
23.509
23.666
23.793
23.879
23.912
23.890
23.824
23.730
23.619
23.491
23.339
23.153
22.925
22.639
22.280
21.837
21.313
20.725
20.086
19.416
18.740
18.086
17.481
16.941
16.467
16.062
15.726
15.450
15.224
15.033
14.867
14.717
14.580
14.448
14.317
14.188
14.063
13.942
13.829
13.722
13.622
13.529
13.446
13.375
13.319
13.282
13.266
13.264
13.270
13.276
13.275
13.266
13.249
13.223
13.186
13.138
13.076
12.997
12.898
12.779
12.646
12.502
12.350
12.195
12.039
11.883
11.729
11.580
11.437
11.302
11.178
11.067
10.971
10.889
10.821
10.765
10.722
10.692
10.675
10.671
10.680
10.702
10.735
10.778
10.828
10.887
10.950
11.014
11.079
11.141
11.198
11.248
11.288
11.318
11.334
11.337
11.326
11.303
11.268
11.224
11.170
11.112
11.054
11.001
10.955
10.923
10.913
10.931
10.985
11.083
11.231
11.431
11.683
11.988
12.348
12.760
13.218
13.713
14.234
14.773
15.318
15.854
16.362
16.823
17.218
17.530
17.748
17.868
17.888
17.802
17.608
17.309
16.918
16.450
15.919
15.341
14.730
14.101
13.472
12.857
12.274
11.738
11.257
10.831
10.460
10.142
9.878
9.666
9.499
9.373
9.279
9.212
9.163
9.128
9.099
9.069
9.030
8.978
8.904
8.808
8.696
8.571
8.436
8.295
8.155
8.018
7.892
7.780
7.690
7.626
7.594
7.596
7.633
7.709
7.824
7.983
8.183
8.421
8.690
8.986
9.300
9.630
9.967
10.302
10.624
10.924
11.194
11.420
11.597
11.719
11.786
11.794
11.742
11.626
11.447
11.209
10.920
10.589
10.223
9.830
9.418
8.997
8.572
8.155
7.754
7.377
7.034
6.730
6.470
6.256
6.091
5.978
5.921
5.921
5.978
6.089
6.252
6.466
6.728
7.035
7.385
7.771
8.187
8.629
9.088
9.561
10.040
10.518
10.985
11.434
11.853
12.235
12.571
12.854
13.081
13.249
13.357
13.401
13.381
13.292
13.136
12.920
12.647
12.322
11.952
11.540
11.093
10.615
10.114
9.596
9.066
8.533
8.001
7.478
6.968
6.473
5.999
5.547
5.121
4.726
4.364
4.034
3.735
3.465
3.221
3.003
2.808
2.634
2.479
2.342
2.221
2.113
2.019
1.934
1.859
1.791
1.730
1.675
1.625
1.579
1.536
1.496
1.457
1.421
1.386
1.353
1.323
1.294
1.267
1.243
1.220
1.200
1.182
1.165
1.151
1.139
1.129
1.120
1.114
1.110
1.108
1.108
1.110
1.115
1.121
1.130
1.143
1.161
1.183
1.212
1.247
1.290
1.341
1.402
1.473
1.556
1.651
1.759
1.882
2.021
2.174
2.343
2.525
2.720
2.927
3.146
3.375
3.615
3.861
4.112
4.363
4.612
4.855
5.091
5.314
5.523
5.715
5.887
6.038
6.163
6.262
6.331
6.368
6.372
6.344
6.285
6.197
6.081
5.940
5.774
5.586
5.376
5.149
4.907
4.653
4.391
4.124
3.856
3.588
3.325
3.067
2.817
2.575
2.343
2.122
1.913
1.718
1.537
1.371
1.220
1.082
0.957
0.844
0.742
0.652
0.572
0.501
0.440
0.386
0.340
0.300
0.265
0.236
0.210
0.188
0.168
0.151
0.137
0.124
0.114
0.104
0.096
0.088
0.082
0.075
0.070
0.065
0.060
0.055
0.051
0.048
0.044
0.041
0.037
0.034
0.032
0.029
0.026
0.024
0.022
0.020
0.019
0.017
0.016
0.014
0.013
0.012
0.011
0.011
0.010
0.009
0.009
0.008
0.008
0.008
0.007
0.007
0.007
0.006
0.006
0.006
0.006
0.006
0.005
0.005
0.005
0.005
0.005
0.005
0.005
0.005
0.005
0.004
0.004
0.004
0.004
0.004
0.004
0.004
0.004
0.004
0.004
0.004
0.003
0.003
0.003
0.003
0.003
0.003
0.003
0.003
0.003
0.003
0.003
0.003
0.003
0.003
0.003
0.002
0.002
0.002
0.002
0.002
0.002
0.002
0.002
0.002
0.002
0.002
0.002
0.001
0.001
0.001
0.001
0.001
0.001
0.001
0.001
0.001
0.001
0.001
0.001
0.001
0.001
0.000
0.000
0.000
0.000
0.000
0.000
0.000
0.000
0.000
0.000
0.000
0.000
0.000
0.000
0.000
0.000
0.000
0.000
0.000
0.000
0.000
0.000
0.000
0.000
0.000
0.000
0.000
0.000
0.000
0.000
0.000
0.000
0.000
0.000
0.000
0.000
0.000
0.000
0.000
0.000
0.000
0.000
0.000
0.000
0.000
0.000
0.000
0.000
-0.000
-0.000
-0.000
-0.000
-0.000
-0.000
-0.000
-0.000
-0.000
-0.000
0.000
0.000
0.000
0.000
0.000
0.000
0.000
0.000
0.000
0.000
0.000
-0.000
-0.000
-0.000
-0.000
-0.000
-0.000
-0.000
-0.000
-0.000
-0.000
0.000
0.000
0.000
0.000
0.000
0.000
0
0
0
0
0
0
0
0
0
0
0
0
0
0
0
0
0
0
0
0
0
0
0
0
0
0
0
0
0
0
0
0
0
0
0
0
0
0
0
0
0
0
0
0
0
0
0
0
0
0
0
0
0
0
0
0
0
0
0
0
0
0
0
0
0
0
0
0
0
0
0
0
0
0
0
0
0
0
0
0
0
0
0
0
0
0
0
0
0
0
0
0
0
0
0
0
0
0
0
0
0
0
0
0
0
0
0
0
0
0
0
0
0
0
0
0
0
0
0
0
0
0
0
0
0
0
0
0
0
0
0
0
0
0
0
0
0
0
0
0
0
0
0
0
0
0
0
0
0
0
0
0
0
0
0
0
0
0
0
0
0
0
0
0
0
0
0
0
0
0
0
0
0
0
0
0
0
0
0
0
0
0
0
0
0
0
0
0
0
0
0
0
0
0
0
0
0
0
0
0
0
0
0
0
0
0
0
0
0
0
0
0
0
0
0
0
0
0
0
0
0
0
0
0
0
0
0
0
0
0
0
0
0
0
0
0
0
0
0
0
0
0
0
0
0
0
0
0
0
0
0
0
0
0
0
0
0
0
0
0
0
0
0
0
0
0
0
0
0
0
0
0
0
0
0
0
0
0
0
0
0
0
0
0
0
0
0
0
0
0
0
0
0
0
0
0
0
0
0
0
0
0
0
0
0
0
0
0
0
0
0
0
0
0
0
0
0
0
0
0
0
0
0
0
0
0
0
0
0
0
0
0
0
0
0
0
0
0
0
0
0
0
0
0
0
0
0
0
0
0
0
0
0
0
0
0
0
0
0
0
0
0
0
0
0
0
0
0
0
0
0
0
0
0
0
0
0
0
0
0
0
0
0
0
0
0
0
0
0
0
0
0
0
0
0
0
0
0
0
0
0
0
0
0
0
0
0
0
0
0
0
0
0
0
0
0
0
0
0
0
0
0
0
0
0
0
0
0
0
0
0
0
0
0
0
0
0
0
0
0
0
0
0
0
0
0
0
0
0
0
0
0
0
0
0
0
0
0
0
0
0
0
0
0
0
0
0
0
0
0
0
0
0
0
0
0
0
0
$MCA_CAL:
3
-1.4656616 2.9313233 0.00000000000000
$ENER_FIT:
-1.4656616 2.9313233 0.00000000000000
$MCA_CAL_DATA:
3
298 872
597 1749
896 2625
$CAMBIO:
Parent file specification: C:\GADRAS-DRF\Temp\152EU_75.0_175.0_lead_0.92_8.5.pcf
Successful read of spectrum: Yes
Error message: None
Warning: None
Information: None
Neutrons: 0
Number of spectral records in the parent file: 1
Record number of this spectrum in the parent file: 1
Date and time of acquisition read successfully from the original file: Yes
Live time read successfully from the original file: Yes
True time read successfully from the original file: Yes
GADRAS Tag character is:  
Version: 130122
Parent file type: Sandia GADRAS PCF
