$SPEC_ID:
152EU,1uC{13,4.18}
$MEAS_TIM:
3600.00 3600.00
$DATE_MEA:
3/9/2018 5:22:25 PM
$DATA:
0 1193
413.899
441.983
446.819
652.648
542.299
436.113
362.753
301.101
270.226
253.754
288.820
422.079
670.931
826.953
706.556
506.744
358.432
279.027
260.980
276.376
301.356
329.366
352.283
366.651
382.884
402.226
416.631
424.059
423.741
419.383
416.543
418.399
422.628
425.158
431.555
445.014
471.831
515.448
573.321
637.887
685.232
686.337
626.426
529.513
426.383
342.107
288.321
262.489
254.820
255.666
259.039
262.007
262.498
259.764
254.824
248.945
243.312
238.338
234.123
230.623
227.593
224.559
221.336
218.049
214.743
211.405
208.262
205.652
203.337
200.790
197.925
194.915
191.912
189.053
186.659
185.204
185.084
186.566
189.613
193.524
197.433
200.111
200.302
197.348
190.981
181.522
170.142
158.032
146.208
135.601
126.681
119.508
114.059
110.114
107.408
105.622
104.386
103.388
102.522
101.741
101.040
100.483
100.157
100.330
101.382
103.666
107.454
113.000
120.527
130.214
142.209
156.136
170.915
185.429
198.294
207.914
212.738
212.256
206.735
196.487
182.388
165.679
147.621
129.395
112.135
96.939
84.308
74.132
66.266
60.491
56.459
53.820
52.244
51.483
51.297
51.458
51.828
52.292
52.741
53.113
53.387
53.541
53.570
53.501
53.369
53.200
52.990
52.718
52.362
51.901
51.309
50.569
49.660
48.594
47.402
46.115
44.770
43.414
42.103
40.886
39.797
38.839
38.019
37.340
36.784
36.329
35.947
35.614
35.314
35.035
34.763
34.492
34.221
33.953
33.694
33.448
33.215
32.998
32.796
32.615
32.456
32.324
32.227
32.164
32.124
32.097
32.068
32.028
31.971
31.897
31.803
31.688
31.549
31.382
31.182
30.947
30.676
30.378
30.059
29.723
29.381
29.035
28.689
28.348
28.017
27.698
27.397
27.118
26.863
26.637
26.437
26.267
26.122
26.004
25.913
25.848
25.809
25.795
25.806
25.838
25.890
25.957
26.038
26.128
26.221
26.315
26.403
26.479
26.541
26.586
26.609
26.608
26.579
26.526
26.449
26.349
26.231
26.094
25.950
25.805
25.670
25.552
25.460
25.411
25.417
25.493
25.653
25.910
26.267
26.725
27.287
27.956
28.729
29.592
30.527
31.514
32.535
33.570
34.587
35.547
36.412
37.146
37.713
38.092
38.278
38.266
38.048
37.617
36.984
36.171
35.208
34.123
32.946
31.704
30.429
29.153
27.908
26.727
25.642
24.668
23.805
23.050
22.403
21.862
21.423
21.075
20.805
20.602
20.451
20.338
20.252
20.178
20.102
20.009
19.888
19.724
19.516
19.275
19.007
18.721
18.424
18.129
17.842
17.576
17.340
17.148
17.007
16.931
16.922
16.983
17.121
17.339
17.641
18.026
18.486
19.007
19.581
20.193
20.833
21.487
22.138
22.762
23.342
23.860
24.292
24.624
24.847
24.960
24.955
24.831
24.580
24.204
23.709
23.115
22.437
21.688
20.888
20.050
19.192
18.330
17.484
16.670
15.908
15.211
14.597
14.070
13.636
13.300
13.069
12.948
12.942
13.048
13.262
13.582
14.000
14.517
15.124
15.818
16.583
17.409
18.286
19.198
20.137
21.086
22.035
22.959
23.846
24.673
25.427
26.086
26.639
27.081
27.403
27.604
27.676
27.619
27.422
27.093
26.641
26.076
25.405
24.645
23.799
22.884
21.908
20.885
19.829
18.750
17.664
16.581
15.518
14.478
13.472
12.507
11.588
10.723
9.920
9.184
8.514
7.907
7.358
6.864
6.420
6.023
5.669
5.353
5.072
4.825
4.605
4.410
4.236
4.081
3.941
3.815
3.701
3.597
3.501
3.412
3.329
3.248
3.172
3.100
3.032
2.967
2.907
2.851
2.799
2.751
2.708
2.668
2.633
2.602
2.576
2.553
2.535
2.521
2.511
2.505
2.504
2.507
2.514
2.525
2.542
2.567
2.601
2.646
2.703
2.773
2.860
2.964
3.087
3.231
3.399
3.593
3.814
4.065
4.347
4.660
5.003
5.373
5.770
6.192
6.638
7.105
7.592
8.093
8.602
9.112
9.618
10.112
10.590
11.043
11.467
11.856
12.204
12.508
12.761
12.959
13.094
13.166
13.168
13.104
12.977
12.790
12.547
12.250
11.905
11.513
11.079
10.608
10.109
9.585
9.045
8.495
7.941
7.389
6.847
6.316
5.800
5.302
4.823
4.368
3.937
3.535
3.163
2.822
2.510
2.226
1.969
1.737
1.529
1.343
1.179
1.034
0.907
0.796
0.701
0.618
0.548
0.487
0.434
0.388
0.348
0.313
0.283
0.257
0.235
0.216
0.199
0.183
0.169
0.156
0.145
0.134
0.124
0.115
0.106
0.099
0.091
0.084
0.078
0.071
0.065
0.060
0.055
0.050
0.046
0.042
0.039
0.036
0.033
0.030
0.028
0.026
0.024
0.022
0.021
0.020
0.018
0.017
0.016
0.016
0.015
0.014
0.014
0.013
0.013
0.013
0.012
0.012
0.012
0.011
0.011
0.011
0.010
0.010
0.010
0.010
0.009
0.009
0.009
0.009
0.009
0.008
0.008
0.008
0.008
0.008
0.008
0.007
0.007
0.007
0.007
0.007
0.007
0.007
0.006
0.006
0.006
0.006
0.006
0.006
0.006
0.005
0.005
0.005
0.005
0.005
0.005
0.004
0.004
0.004
0.004
0.004
0.004
0.003
0.003
0.003
0.003
0.003
0.002
0.002
0.002
0.002
0.002
0.002
0.002
0.001
0.001
0.001
0.001
0.001
0.001
0.001
0.001
0.001
0.001
0.000
0.000
0.000
0.000
0.000
0.000
0.000
0.000
0.000
0.000
0.000
0.000
0.000
0.000
0.000
0.000
0.000
0.000
0.000
0.000
0.000
0.000
0.000
0.000
0.000
0.000
0.000
0.000
0.000
0.000
0.000
0.000
0.000
0.000
0.000
0.000
0.000
0.000
0.000
0.000
0.000
0.000
-0.000
-0.000
-0.000
-0.000
-0.000
-0.000
-0.000
-0.000
-0.000
-0.000
0.000
0.000
0.000
0.000
0.000
0.000
0.000
0.000
0.000
0.000
0.000
-0.000
-0.000
-0.000
-0.000
-0.000
-0.000
-0.000
-0.000
-0.000
-0.000
0.000
0.000
0.000
0.000
0.000
0.000
0
0
0
0
0
0
0
0
0
0
0
0
0
0
0
0
0
0
0
0
0
0
0
0
0
0
0
0
0
0
0
0
0
0
0
0
0
0
0
0
0
0
0
0
0
0
0
0
0
0
0
0
0
0
0
0
0
0
0
0
0
0
0
0
0
0
0
0
0
0
0
0
0
0
0
0
0
0
0
0
0
0
0
0
0
0
0
0
0
0
0
0
0
0
0
0
0
0
0
0
0
0
0
0
0
0
0
0
0
0
0
0
0
0
0
0
0
0
0
0
0
0
0
0
0
0
0
0
0
0
0
0
0
0
0
0
0
0
0
0
0
0
0
0
0
0
0
0
0
0
0
0
0
0
0
0
0
0
0
0
0
0
0
0
0
0
0
0
0
0
0
0
0
0
0
0
0
0
0
0
0
0
0
0
0
0
0
0
0
0
0
0
0
0
0
0
0
0
0
0
0
0
0
0
0
0
0
0
0
0
0
0
0
0
0
0
0
0
0
0
0
0
0
0
0
0
0
0
0
0
0
0
0
0
0
0
0
0
0
0
0
0
0
0
0
0
0
0
0
0
0
0
0
0
0
0
0
0
0
0
0
0
0
0
0
0
0
0
0
0
0
0
0
0
0
0
0
0
0
0
0
0
0
0
0
0
0
0
0
0
0
0
0
0
0
0
0
0
0
0
0
0
0
0
0
0
0
0
0
0
0
0
0
0
0
0
0
0
0
0
0
0
0
0
0
0
0
0
0
0
0
0
0
0
0
0
0
0
0
0
0
0
0
0
0
0
0
0
0
0
0
0
0
0
0
0
0
0
0
0
0
0
0
0
0
0
0
0
0
0
0
0
0
0
0
0
0
0
0
0
0
0
0
0
0
0
0
0
0
0
0
0
0
0
0
0
0
0
0
0
0
0
0
0
0
0
0
0
0
0
0
0
0
0
0
0
0
0
0
0
0
0
0
0
0
0
0
0
0
0
0
0
0
0
0
0
0
0
0
0
0
0
0
0
0
0
0
0
0
0
0
0
0
0
0
0
0
0
0
0
0
0
0
0
0
0
0
0
0
0
0
0
0
0
0
0
0
0
$MCA_CAL:
3
-1.4656616 2.9313233 0.00000000000000
$ENER_FIT:
-1.4656616 2.9313233 0.00000000000000
$MCA_CAL_DATA:
3
298 872
597 1749
896 2625
$CAMBIO:
Parent file specification: C:\GADRAS-DRF\Temp\152EU_100.0_112.5_alum_4.18_8.5.pcf
Successful read of spectrum: Yes
Error message: None
Warning: None
Information: None
Neutrons: 0
Number of spectral records in the parent file: 1
Record number of this spectrum in the parent file: 1
Date and time of acquisition read successfully from the original file: Yes
Live time read successfully from the original file: Yes
True time read successfully from the original file: Yes
GADRAS Tag character is:  
Version: 130122
Parent file type: Sandia GADRAS PCF
