$SPEC_ID:
152EU,1uC{13,7.49}
$MEAS_TIM:
3600.00 3600.00
$DATE_MEA:
3/9/2018 5:22:25 PM
$DATA:
0 1193
874.518
847.060
809.458
1221.083
1113.492
945.891
810.256
690.277
617.482
559.190
556.855
648.191
896.739
1106.884
1052.318
913.684
782.361
728.149
759.679
835.531
912.313
989.290
1057.017
1103.902
1155.312
1209.496
1257.542
1299.204
1344.112
1387.192
1430.884
1479.244
1512.444
1522.115
1530.413
1557.014
1626.924
1760.247
1957.664
2192.221
2381.612
2386.525
2168.538
1801.592
1417.136
1125.690
947.453
859.418
828.316
819.822
814.718
809.880
802.698
792.652
781.990
772.687
765.773
760.617
756.709
753.792
750.943
747.361
743.181
738.524
733.299
727.469
721.054
714.150
706.840
699.213
691.287
682.609
672.939
663.499
656.142
653.593
658.324
670.402
688.983
711.764
735.658
755.254
764.336
759.655
740.186
707.631
666.827
622.801
580.667
544.820
516.271
494.927
480.157
470.952
466.067
463.873
462.788
462.096
461.368
460.387
459.128
457.689
456.663
456.777
459.118
465.185
476.559
495.093
522.725
560.609
607.803
663.023
722.876
781.957
834.609
874.688
895.704
892.748
867.096
821.544
759.858
687.734
611.229
535.790
465.997
406.240
358.501
321.575
294.014
274.362
261.095
252.717
247.974
245.982
245.861
246.880
248.546
250.368
251.954
253.097
253.617
253.406
252.654
251.590
250.435
249.243
248.017
246.759
245.330
243.516
241.070
237.864
233.914
229.249
223.941
218.171
212.183
206.206
200.466
195.147
190.452
186.516
183.284
180.640
178.458
176.637
175.072
173.673
172.343
171.042
169.737
168.405
167.033
165.642
164.275
162.962
161.723
160.565
159.495
158.530
157.673
156.943
156.366
155.940
155.627
155.368
155.104
154.784
154.391
153.932
153.391
152.765
152.027
151.163
150.138
148.942
147.598
146.150
144.625
143.044
141.444
139.827
138.212
136.610
135.054
133.559
132.149
130.856
129.676
128.607
127.642
126.784
126.020
125.367
124.838
124.436
124.165
124.007
123.955
123.984
124.081
124.233
124.441
124.694
124.977
125.288
125.586
125.843
126.024
126.109
126.084
125.950
125.707
125.360
124.904
124.338
123.674
122.898
122.025
121.090
120.165
119.303
118.569
118.029
117.726
117.708
118.023
118.723
119.843
121.413
123.462
126.017
129.104
132.688
136.689
141.005
145.548
150.218
154.873
159.310
163.340
166.765
169.413
171.168
171.996
171.860
170.707
168.503
165.336
161.332
156.637
151.387
145.732
139.821
133.821
127.898
122.220
116.948
112.174
107.924
104.211
101.055
98.471
96.451
94.920
93.805
93.030
92.525
92.214
92.020
91.886
91.734
91.496
91.106
90.546
89.810
88.898
87.818
86.565
85.161
83.652
82.111
80.573
79.108
77.763
76.600
75.662
75.012
74.700
74.774
75.272
76.174
77.472
79.140
81.173
83.544
86.209
89.083
92.109
95.203
98.305
101.326
104.174
106.758
108.962
110.702
111.867
112.408
112.317
111.628
110.345
108.496
106.084
103.166
99.834
96.162
92.252
88.180
84.044
79.914
75.880
72.013
68.399
65.107
62.221
59.778
57.786
56.263
55.216
54.659
54.601
55.042
55.963
57.358
59.204
61.498
64.211
67.332
70.795
74.552
78.561
82.760
87.112
91.536
95.973
100.311
104.480
108.379
111.939
115.062
117.715
119.857
121.431
122.417
122.752
122.422
121.422
119.811
117.629
114.926
111.732
108.110
104.094
99.761
95.154
90.348
85.402
80.367
75.317
70.296
65.374
60.596
56.026
51.719
47.732
44.089
40.781
37.783
35.074
32.636
30.448
28.490
26.741
25.190
23.818
22.611
21.551
20.628
19.819
19.115
18.497
17.950
17.463
17.015
16.598
16.195
15.808
15.434
15.076
14.731
14.400
14.083
13.780
13.493
13.221
12.969
12.736
12.524
12.335
12.168
12.022
11.897
11.788
11.697
11.619
11.555
11.503
11.463
11.435
11.419
11.415
11.422
11.442
11.477
11.537
11.630
11.767
11.957
12.209
12.533
12.940
13.441
14.045
14.768
15.617
16.607
17.748
19.049
20.509
22.122
23.879
25.773
27.800
29.950
32.218
34.582
37.013
39.471
41.931
44.353
46.710
48.961
51.087
53.046
54.807
56.349
57.631
58.633
59.311
59.655
59.645
59.308
58.650
57.699
56.460
54.956
53.205
51.217
49.035
46.685
44.209
41.635
39.003
36.346
33.699
31.087
28.531
26.045
23.650
21.358
19.189
17.161
15.286
13.571
12.006
10.587
9.304
8.153
7.126
6.216
5.416
4.718
4.112
3.590
3.142
2.760
2.434
2.156
1.916
1.710
1.535
1.386
1.260
1.152
1.060
0.979
0.907
0.841
0.781
0.727
0.677
0.630
0.587
0.547
0.508
0.470
0.435
0.401
0.368
0.338
0.310
0.283
0.259
0.236
0.216
0.197
0.180
0.164
0.150
0.138
0.127
0.117
0.108
0.100
0.093
0.087
0.082
0.077
0.073
0.069
0.066
0.064
0.061
0.059
0.057
0.056
0.054
0.053
0.052
0.051
0.049
0.048
0.047
0.046
0.045
0.044
0.043
0.042
0.041
0.040
0.039
0.038
0.037
0.036
0.036
0.035
0.034
0.033
0.033
0.032
0.031
0.031
0.030
0.029
0.029
0.028
0.028
0.027
0.027
0.026
0.026
0.025
0.025
0.024
0.023
0.023
0.022
0.021
0.020
0.020
0.019
0.018
0.017
0.016
0.016
0.015
0.014
0.013
0.012
0.011
0.011
0.010
0.009
0.008
0.008
0.007
0.006
0.006
0.005
0.005
0.004
0.004
0.003
0.003
0.002
0.002
0.002
0.002
0.001
0.001
0.001
0.001
0.001
0.001
0.001
0.000
0.000
0.000
0.000
0.000
0.000
0.000
0.000
0.000
0.000
0.000
0.000
0.000
0.000
0.000
0.000
0.000
0.000
0.000
0.000
0.000
0.000
0.000
0.000
0.000
0.000
0.000
0.000
0.000
0.000
-0.000
-0.000
-0.000
-0.000
-0.000
-0.000
-0.000
-0.000
-0.000
0.000
0.000
0.000
0.000
0.000
0.000
0.000
0.000
0.000
0.000
0.000
0.000
0.000
0.000
0.000
0.000
0
0
0
0
0
0
0
0
0
0
0
0
0
0
0
0
0
0
0
0
0
0
0
0
0
0
0
0
0
0
0
0
0
0
0
0
0
0
0
0
0
0
0
0
0
0
0
0
0
0
0
0
0
0
0
0
0
0
0
0
0
0
0
0
0
0
0
0
0
0
0
0
0
0
0
0
0
0
0
0
0
0
0
0
0
0
0
0
0
0
0
0
0
0
0
0
0
0
0
0
0
0
0
0
0
0
0
0
0
0
0
0
0
0
0
0
0
0
0
0
0
0
0
0
0
0
0
0
0
0
0
0
0
0
0
0
0
0
0
0
0
0
0
0
0
0
0
0
0
0
0
0
0
0
0
0
0
0
0
0
0
0
0
0
0
0
0
0
0
0
0
0
0
0
0
0
0
0
0
0
0
0
0
0
0
0
0
0
0
0
0
0
0
0
0
0
0
0
0
0
0
0
0
0
0
0
0
0
0
0
0
0
0
0
0
0
0
0
0
0
0
0
0
0
0
0
0
0
0
0
0
0
0
0
0
0
0
0
0
0
0
0
0
0
0
0
0
0
0
0
0
0
0
0
0
0
0
0
0
0
0
0
0
0
0
0
0
0
0
0
0
0
0
0
0
0
0
0
0
0
0
0
0
0
0
0
0
0
0
0
0
0
0
0
0
0
0
0
0
0
0
0
0
0
0
0
0
0
0
0
0
0
0
0
0
0
0
0
0
0
0
0
0
0
0
0
0
0
0
0
0
0
0
0
0
0
0
0
0
0
0
0
0
0
0
0
0
0
0
0
0
0
0
0
0
0
0
0
0
0
0
0
0
0
0
0
0
0
0
0
0
0
0
0
0
0
0
0
0
0
0
0
0
0
0
0
0
0
0
0
0
0
0
0
0
0
0
0
0
0
0
0
0
0
0
0
0
0
0
0
0
0
0
0
0
0
0
0
0
0
0
0
0
0
0
0
0
0
0
0
0
0
0
0
0
0
0
0
0
0
0
0
0
0
0
0
0
0
0
0
0
0
0
0
0
0
0
0
0
0
0
0
0
0
0
0
0
0
0
0
0
0
0
0
0
0
0
0
0
0
0
0
0
0
0
0
0
0
0
0
0
0
0
0
$MCA_CAL:
3
-1.4656616 2.9313233 0.00000000000000
$ENER_FIT:
-1.4656616 2.9313233 0.00000000000000
$MCA_CAL_DATA:
3
298 872
597 1749
896 2625
$CAMBIO:
Parent file specification: C:\GADRAS-DRF\Temp\152EU_125.0_50.0_alum_7.49_8.0.pcf
Successful read of spectrum: Yes
Error message: None
Warning: None
Information: None
Neutrons: 0
Number of spectral records in the parent file: 1
Record number of this spectrum in the parent file: 1
Date and time of acquisition read successfully from the original file: Yes
Live time read successfully from the original file: Yes
True time read successfully from the original file: Yes
GADRAS Tag character is:  
Version: 130122
Parent file type: Sandia GADRAS PCF
