$SPEC_ID:
152EU,1uC{26,11.02}
$MEAS_TIM:
3600.00 3600.00
$DATE_MEA:
3/9/2018 5:22:25 PM
$DATA:
0 1193
70.796
69.069
63.629
126.230
107.501
91.482
78.259
68.121
61.165
55.249
51.888
48.996
46.462
44.881
44.076
43.726
43.915
45.122
47.247
49.877
53.118
56.678
59.182
58.932
58.446
58.248
58.598
59.077
59.149
59.571
60.638
61.740
62.741
62.999
63.347
63.801
64.345
64.977
65.202
66.059
66.923
66.402
63.746
59.978
56.732
55.147
54.828
55.023
55.786
56.784
57.854
58.809
59.331
59.217
58.676
57.961
57.271
56.708
56.254
55.852
55.363
54.649
53.729
52.416
50.644
48.809
47.158
45.731
44.381
43.082
41.862
40.714
39.612
38.520
37.375
36.219
35.253
34.601
34.298
34.208
34.192
34.168
33.941
33.256
32.120
30.670
29.074
27.502
26.115
24.991
24.087
23.337
22.668
22.082
21.638
21.307
20.994
20.668
20.341
20.007
19.654
19.279
18.892
18.506
18.139
17.809
17.533
17.360
17.379
17.676
18.321
19.349
20.690
22.231
23.715
24.842
25.370
25.100
23.995
22.236
20.036
17.650
15.338
13.271
11.577
10.298
9.359
8.683
8.207
7.873
7.640
7.482
7.377
7.316
7.290
7.291
7.308
7.327
7.332
7.305
7.241
7.149
7.039
6.924
6.817
6.729
6.665
6.630
6.612
6.590
6.543
6.464
6.348
6.197
6.017
5.821
5.618
5.423
5.250
5.103
4.984
4.893
4.824
4.772
4.732
4.698
4.666
4.631
4.593
4.552
4.508
4.462
4.416
4.369
4.323
4.278
4.237
4.197
4.160
4.126
4.095
4.069
4.051
4.038
4.028
4.018
4.008
3.999
3.989
3.979
3.967
3.952
3.930
3.905
3.874
3.838
3.799
3.757
3.714
3.670
3.626
3.582
3.539
3.498
3.458
3.420
3.384
3.352
3.323
3.297
3.275
3.254
3.235
3.218
3.203
3.191
3.181
3.174
3.169
3.166
3.165
3.166
3.170
3.176
3.184
3.193
3.202
3.212
3.220
3.226
3.228
3.227
3.221
3.211
3.196
3.176
3.153
3.126
3.097
3.064
3.030
2.995
2.961
2.929
2.902
2.882
2.868
2.863
2.866
2.879
2.905
2.948
3.011
3.095
3.199
3.322
3.465
3.622
3.786
3.950
4.107
4.249
4.367
4.452
4.498
4.499
4.459
4.378
4.259
4.108
3.931
3.737
3.535
3.332
3.135
2.949
2.780
2.635
2.512
2.412
2.333
2.276
2.237
2.215
2.207
2.209
2.220
2.237
2.259
2.282
2.304
2.323
2.337
2.341
2.335
2.317
2.290
2.252
2.206
2.153
2.094
2.033
1.970
1.909
1.851
1.799
1.754
1.719
1.695
1.683
1.683
1.698
1.726
1.768
1.824
1.894
1.976
2.071
2.175
2.286
2.402
2.520
2.636
2.745
2.840
2.918
2.974
3.006
3.013
2.994
2.948
2.877
2.783
2.671
2.545
2.408
2.266
2.121
1.978
1.841
1.714
1.597
1.493
1.401
1.323
1.257
1.206
1.167
1.140
1.126
1.124
1.133
1.154
1.187
1.233
1.291
1.361
1.443
1.537
1.643
1.760
1.886
2.021
2.161
2.305
2.450
2.593
2.731
2.860
2.975
3.074
3.155
3.216
3.256
3.272
3.265
3.233
3.179
3.104
3.010
2.897
2.768
2.627
2.476
2.320
2.160
2.001
1.844
1.691
1.544
1.405
1.277
1.158
1.051
0.955
0.870
0.797
0.735
0.683
0.640
0.603
0.572
0.545
0.523
0.504
0.489
0.476
0.466
0.457
0.450
0.443
0.437
0.430
0.423
0.415
0.406
0.397
0.388
0.378
0.367
0.357
0.347
0.337
0.328
0.319
0.312
0.305
0.299
0.294
0.291
0.289
0.287
0.287
0.287
0.288
0.289
0.291
0.292
0.293
0.294
0.294
0.293
0.291
0.289
0.286
0.282
0.278
0.274
0.270
0.267
0.265
0.264
0.266
0.271
0.279
0.291
0.308
0.330
0.358
0.393
0.434
0.481
0.535
0.597
0.665
0.740
0.820
0.904
0.992
1.082
1.172
1.261
1.348
1.430
1.504
1.570
1.624
1.666
1.696
1.712
1.714
1.702
1.676
1.636
1.583
1.519
1.446
1.365
1.279
1.188
1.095
1.001
0.907
0.815
0.727
0.645
0.568
0.496
0.431
0.371
0.318
0.271
0.231
0.195
0.165
0.139
0.118
0.100
0.084
0.072
0.062
0.054
0.048
0.043
0.038
0.035
0.033
0.030
0.029
0.027
0.026
0.025
0.024
0.023
0.022
0.021
0.020
0.019
0.017
0.016
0.015
0.014
0.013
0.012
0.011
0.010
0.009
0.008
0.007
0.006
0.006
0.005
0.004
0.004
0.004
0.003
0.003
0.003
0.002
0.002
0.002
0.002
0.002
0.002
0.002
0.002
0.002
0.002
0.001
0.001
0.001
0.001
0.001
0.001
0.001
0.001
0.001
0.001
0.001
0.001
0.001
0.001
0.001
0.001
0.001
0.001
0.001
0.001
0.001
0.001
0.001
0.001
0.001
0.001
0.001
0.001
0.001
0.001
0.001
0.001
0.001
0.001
0.001
0.001
0.001
0.001
0.001
0.001
0.001
0.001
0.001
0.001
0.001
0.001
0.001
0.001
0.001
0.001
0.001
0.001
0.000
0.000
0.000
0.000
0.000
0.000
0.000
0.000
0.000
0.000
0.000
0.000
0.000
0.000
0.000
0.000
0.000
0.000
0.000
0.000
0.000
0.000
0.000
0.000
0.000
0.000
0.000
0.000
0.000
0.000
0.000
0.000
0.000
0.000
0.000
0.000
0.000
0.000
0.000
0.000
0.000
0.000
0.000
0.000
0.000
0.000
0.000
0.000
0.000
0.000
0.000
0.000
-0.000
-0.000
-0.000
-0.000
-0.000
-0.000
-0.000
0.000
0.000
0.000
0.000
0.000
0.000
0.000
0.000
-0.000
-0.000
-0.000
-0.000
-0.000
-0.000
-0.000
-0.000
0.000
0.000
0.000
0.000
0
0
0
0
0
0
0
0
0
0
0
0
0
0
0
0
0
0
0
0
0
0
0
0
0
0
0
0
0
0
0
0
0
0
0
0
0
0
0
0
0
0
0
0
0
0
0
0
0
0
0
0
0
0
0
0
0
0
0
0
0
0
0
0
0
0
0
0
0
0
0
0
0
0
0
0
0
0
0
0
0
0
0
0
0
0
0
0
0
0
0
0
0
0
0
0
0
0
0
0
0
0
0
0
0
0
0
0
0
0
0
0
0
0
0
0
0
0
0
0
0
0
0
0
0
0
0
0
0
0
0
0
0
0
0
0
0
0
0
0
0
0
0
0
0
0
0
0
0
0
0
0
0
0
0
0
0
0
0
0
0
0
0
0
0
0
0
0
0
0
0
0
0
0
0
0
0
0
0
0
0
0
0
0
0
0
0
0
0
0
0
0
0
0
0
0
0
0
0
0
0
0
0
0
0
0
0
0
0
0
0
0
0
0
0
0
0
0
0
0
0
0
0
0
0
0
0
0
0
0
0
0
0
0
0
0
0
0
0
0
0
0
0
0
0
0
0
0
0
0
0
0
0
0
0
0
0
0
0
0
0
0
0
0
0
0
0
0
0
0
0
0
0
0
0
0
0
0
0
0
0
0
0
0
0
0
0
0
0
0
0
0
0
0
0
0
0
0
0
0
0
0
0
0
0
0
0
0
0
0
0
0
0
0
0
0
0
0
0
0
0
0
0
0
0
0
0
0
0
0
0
0
0
0
0
0
0
0
0
0
0
0
0
0
0
0
0
0
0
0
0
0
0
0
0
0
0
0
0
0
0
0
0
0
0
0
0
0
0
0
0
0
0
0
0
0
0
0
0
0
0
0
0
0
0
0
0
0
0
0
0
0
0
0
0
0
0
0
0
0
0
0
0
0
0
0
0
0
0
0
0
0
0
0
0
0
0
0
0
0
0
0
0
0
0
0
0
0
0
0
0
0
0
0
0
0
0
0
0
0
0
0
0
0
0
0
0
0
0
0
0
0
0
0
0
0
0
0
0
0
0
0
0
0
0
0
0
0
0
0
0
0
0
0
0
0
0
0
0
0
0
0
0
0
0
0
0
0
0
0
0
0
0
0
0
0
0
0
0
0
0
0
0
0
0
$MCA_CAL:
3
-1.4656616 2.9313233 0.00000000000000
$ENER_FIT:
-1.4656616 2.9313233 0.00000000000000
$MCA_CAL_DATA:
3
298 872
597 1749
896 2625
$CAMBIO:
Parent file specification: C:\GADRAS-DRF\Temp\152EU_100.0_300.0_iron_11.02_6.5.pcf
Successful read of spectrum: Yes
Error message: None
Warning: None
Information: None
Neutrons: 0
Number of spectral records in the parent file: 1
Record number of this spectrum in the parent file: 1
Date and time of acquisition read successfully from the original file: Yes
Live time read successfully from the original file: Yes
True time read successfully from the original file: Yes
GADRAS Tag character is:  
Version: 130122
Parent file type: Sandia GADRAS PCF
