$SPEC_ID:
152EU,1uC{0,0}
$MEAS_TIM:
3600.00 3600.00
$DATE_MEA:
3/9/2018 5:22:25 PM
$DATA:
0 1193
732.456
882.917
1071.911
1471.022
1150.331
705.785
554.360
416.411
375.908
352.844
499.823
1445.664
4110.071
6230.965
3893.543
1830.957
857.519
344.541
237.630
239.303
252.220
270.719
287.164
298.780
316.401
347.827
382.603
399.144
386.949
367.400
357.358
355.920
356.591
360.968
373.769
394.587
426.724
491.270
626.279
843.140
1064.357
1143.301
1001.648
723.804
460.264
300.235
236.069
221.731
228.971
242.231
255.068
263.800
266.126
262.384
255.978
249.342
243.812
239.772
236.825
234.542
231.867
227.633
221.841
215.109
208.141
201.400
196.085
192.675
189.711
186.818
184.186
181.685
179.124
176.341
173.381
171.093
171.417
176.051
186.231
202.098
221.913
241.144
254.337
256.057
245.351
224.111
197.475
170.785
147.993
131.201
119.953
113.110
109.038
106.571
104.995
103.938
103.259
102.790
102.324
101.645
100.538
98.983
97.111
95.156
93.462
92.615
93.450
97.123
105.178
119.118
140.292
169.451
205.494
246.411
286.881
320.524
342.069
347.102
334.317
306.604
267.876
224.098
181.387
143.405
112.552
89.650
73.463
62.612
55.709
51.403
48.844
47.613
47.361
47.931
49.192
50.948
52.959
54.971
56.699
57.862
58.373
58.320
57.830
57.152
56.582
56.320
56.426
56.929
57.645
58.246
58.425
58.017
56.898
55.033
52.606
49.823
46.912
44.118
41.679
39.699
38.188
37.143
36.489
36.120
35.929
35.837
35.769
35.661
35.496
35.268
34.974
34.631
34.258
33.874
33.500
33.157
32.858
32.601
32.378
32.187
32.043
31.971
31.990
32.079
32.209
32.350
32.493
32.639
32.791
32.938
33.051
33.105
33.080
32.971
32.771
32.479
32.109
31.681
31.211
30.712
30.200
29.686
29.180
28.689
28.223
27.788
27.392
27.044
26.751
26.510
26.311
26.148
26.011
25.904
25.834
25.804
25.814
25.860
25.941
26.053
26.199
26.381
26.602
26.860
27.145
27.454
27.778
28.100
28.398
28.656
28.856
28.989
29.050
29.032
28.935
28.767
28.537
28.249
27.914
27.542
27.142
26.728
26.324
25.963
25.672
25.477
25.393
25.439
25.626
25.982
26.549
27.370
28.490
29.925
31.666
33.696
36.001
38.525
41.168
43.825
46.392
48.751
50.772
52.314
53.247
53.511
53.127
52.127
50.547
48.451
45.965
43.218
40.343
37.455
34.644
31.997
29.599
27.521
25.773
24.351
23.250
22.464
21.961
21.702
21.645
21.749
21.978
22.299
22.679
23.083
23.482
23.834
24.104
24.253
24.251
24.093
23.787
23.343
22.766
22.079
21.309
20.495
19.664
18.852
18.085
17.394
16.806
16.353
16.052
15.915
15.958
16.191
16.625
17.258
18.091
19.119
20.343
21.740
23.279
24.921
26.630
28.365
30.066
31.663
33.083
34.260
35.132
35.680
35.881
35.721
35.179
34.273
33.052
31.574
29.894
28.063
26.141
24.183
22.247
20.386
18.655
17.074
15.655
14.406
13.339
12.462
11.769
11.254
10.910
10.731
10.711
10.851
11.154
11.621
12.255
13.058
14.027
15.166
16.469
17.936
19.562
21.319
23.185
25.127
27.125
29.141
31.133
33.048
34.842
36.461
37.863
39.023
39.913
40.519
40.812
40.782
40.429
39.777
38.845
37.652
36.213
34.568
32.753
30.814
28.788
26.721
24.648
22.596
20.597
18.675
16.863
15.181
13.639
12.239
10.987
9.887
8.942
8.141
7.467
6.903
6.431
6.034
5.698
5.418
5.186
4.996
4.843
4.720
4.619
4.536
4.461
4.389
4.313
4.228
4.136
4.036
3.929
3.815
3.696
3.572
3.447
3.324
3.205
3.092
2.989
2.896
2.815
2.747
2.693
2.655
2.632
2.622
2.622
2.633
2.650
2.673
2.699
2.724
2.746
2.762
2.769
2.764
2.748
2.723
2.690
2.650
2.605
2.556
2.510
2.474
2.452
2.452
2.479
2.540
2.643
2.797
3.010
3.290
3.645
4.081
4.598
5.200
5.888
6.664
7.529
8.477
9.493
10.561
11.669
12.801
13.942
15.071
16.166
17.199
18.145
18.981
19.679
20.227
20.614
20.840
20.895
20.777
20.477
20.003
19.371
18.603
17.721
16.743
15.693
14.587
13.449
12.296
11.148
10.025
8.947
7.929
6.981
6.102
5.295
4.562
3.906
3.328
2.826
2.392
2.021
1.706
1.440
1.217
1.031
0.879
0.755
0.655
0.576
0.513
0.463
0.422
0.390
0.365
0.344
0.328
0.313
0.299
0.285
0.272
0.260
0.247
0.235
0.222
0.208
0.195
0.182
0.168
0.155
0.142
0.130
0.118
0.106
0.095
0.085
0.076
0.067
0.060
0.053
0.047
0.042
0.038
0.034
0.031
0.028
0.026
0.024
0.022
0.021
0.020
0.019
0.018
0.018
0.017
0.017
0.017
0.016
0.016
0.016
0.015
0.015
0.015
0.015
0.015
0.014
0.014
0.014
0.013
0.013
0.013
0.013
0.012
0.012
0.012
0.011
0.011
0.011
0.010
0.010
0.010
0.009
0.009
0.009
0.009
0.008
0.008
0.008
0.008
0.008
0.008
0.008
0.008
0.008
0.008
0.008
0.008
0.008
0.007
0.007
0.007
0.007
0.007
0.007
0.006
0.006
0.006
0.006
0.005
0.005
0.005
0.004
0.004
0.004
0.003
0.003
0.003
0.003
0.002
0.002
0.002
0.002
0.001
0.001
0.001
0.001
0.001
0.001
0.001
0.000
0.000
0.000
0.000
0.000
0.000
0.000
0.000
0.000
0.000
0.000
0.000
0.000
0.000
0.000
0.000
0.000
0.000
0.000
0.000
0.000
0.000
0.000
0.000
0.000
0.000
0.000
0.000
0.000
0.000
-0.000
-0.000
-0.000
-0.000
-0.000
-0.000
-0.000
0.000
0.000
0.000
0.000
0.000
0.000
0.000
0.000
-0.000
-0.000
-0.000
-0.000
-0.000
-0.000
-0.000
-0.000
0.000
0.000
0.000
0.000
0
0
0
0
0
0
0
0
0
0
0
0
0
0
0
0
0
0
0
0
0
0
0
0
0
0
0
0
0
0
0
0
0
0
0
0
0
0
0
0
0
0
0
0
0
0
0
0
0
0
0
0
0
0
0
0
0
0
0
0
0
0
0
0
0
0
0
0
0
0
0
0
0
0
0
0
0
0
0
0
0
0
0
0
0
0
0
0
0
0
0
0
0
0
0
0
0
0
0
0
0
0
0
0
0
0
0
0
0
0
0
0
0
0
0
0
0
0
0
0
0
0
0
0
0
0
0
0
0
0
0
0
0
0
0
0
0
0
0
0
0
0
0
0
0
0
0
0
0
0
0
0
0
0
0
0
0
0
0
0
0
0
0
0
0
0
0
0
0
0
0
0
0
0
0
0
0
0
0
0
0
0
0
0
0
0
0
0
0
0
0
0
0
0
0
0
0
0
0
0
0
0
0
0
0
0
0
0
0
0
0
0
0
0
0
0
0
0
0
0
0
0
0
0
0
0
0
0
0
0
0
0
0
0
0
0
0
0
0
0
0
0
0
0
0
0
0
0
0
0
0
0
0
0
0
0
0
0
0
0
0
0
0
0
0
0
0
0
0
0
0
0
0
0
0
0
0
0
0
0
0
0
0
0
0
0
0
0
0
0
0
0
0
0
0
0
0
0
0
0
0
0
0
0
0
0
0
0
0
0
0
0
0
0
0
0
0
0
0
0
0
0
0
0
0
0
0
0
0
0
0
0
0
0
0
0
0
0
0
0
0
0
0
0
0
0
0
0
0
0
0
0
0
0
0
0
0
0
0
0
0
0
0
0
0
0
0
0
0
0
0
0
0
0
0
0
0
0
0
0
0
0
0
0
0
0
0
0
0
0
0
0
0
0
0
0
0
0
0
0
0
0
0
0
0
0
0
0
0
0
0
0
0
0
0
0
0
0
0
0
0
0
0
0
0
0
0
0
0
0
0
0
0
0
0
0
0
0
0
0
0
0
0
0
0
0
0
0
0
0
0
0
0
0
0
0
0
0
0
0
0
0
0
0
0
0
0
0
0
0
0
0
0
0
0
0
0
0
0
0
0
0
0
0
0
0
0
0
0
0
0
0
0
0
0
0
0
0
0
0
0
0
0
0
0
$MCA_CAL:
3
-1.4656616 2.9313233 0.00000000000000
$ENER_FIT:
-1.4656616 2.9313233 0.00000000000000
$MCA_CAL_DATA:
3
298 872
597 1749
896 2625
$CAMBIO:
Parent file specification: C:\GADRAS-DRF\Temp\152EU_75.0_112.5_none_0_6.5.pcf
Successful read of spectrum: Yes
Error message: None
Warning: None
Information: None
Neutrons: 0
Number of spectral records in the parent file: 1
Record number of this spectrum in the parent file: 1
Date and time of acquisition read successfully from the original file: Yes
Live time read successfully from the original file: Yes
True time read successfully from the original file: Yes
GADRAS Tag character is:  
Version: 130122
Parent file type: Sandia GADRAS PCF
