$SPEC_ID:
152EU,1uC{82,0.92}
$MEAS_TIM:
3600.00 3600.00
$DATE_MEA:
3/9/2018 5:22:25 PM
$DATA:
0 1193
271.071
257.870
237.786
224.704
196.828
171.455
149.529
132.537
119.380
107.745
101.104
95.165
89.050
84.826
82.455
81.057
80.539
81.794
84.726
88.477
93.241
99.120
103.219
102.139
98.599
96.284
95.966
96.271
95.502
94.646
94.164
94.127
94.370
94.678
95.289
96.124
97.020
98.282
100.811
105.570
111.142
113.527
110.383
104.182
99.006
97.563
99.064
101.413
106.818
113.388
120.193
126.054
128.952
128.410
125.887
122.596
119.451
116.931
115.055
113.469
111.588
108.977
105.602
101.781
97.920
94.220
91.232
89.430
87.946
86.526
85.374
84.542
83.738
82.675
81.341
79.986
79.003
78.855
80.178
83.352
87.916
92.624
95.722
95.532
91.432
84.436
76.137
68.249
61.821
57.277
54.240
52.237
50.811
49.693
48.738
47.954
47.340
46.796
46.238
45.629
44.925
44.074
43.090
42.033
41.014
40.175
39.740
40.008
41.531
44.963
50.939
59.999
72.055
86.582
101.608
114.539
122.925
124.562
119.193
107.925
92.721
76.273
60.778
47.698
37.884
30.972
26.409
23.521
21.648
20.432
19.667
19.241
19.130
19.313
19.762
20.434
21.229
22.027
22.702
23.128
23.236
23.071
22.705
22.265
21.906
21.733
21.792
22.097
22.526
22.915
23.126
23.052
22.612
21.841
20.814
19.629
18.421
17.318
16.385
15.659
15.155
14.837
14.666
14.597
14.584
14.587
14.580
14.547
14.477
14.373
14.242
14.091
13.929
13.764
13.607
13.462
13.336
13.228
13.132
13.049
12.986
12.951
12.951
12.977
13.021
13.077
13.140
13.206
13.271
13.330
13.378
13.408
13.407
13.363
13.273
13.144
12.986
12.807
12.614
12.410
12.204
11.997
11.793
11.595
11.408
11.234
11.075
10.936
10.817
10.720
10.642
10.579
10.525
10.480
10.449
10.432
10.430
10.443
10.468
10.506
10.557
10.624
10.708
10.808
10.922
11.051
11.188
11.326
11.457
11.575
11.670
11.737
11.767
11.761
11.719
11.645
11.541
11.411
11.258
11.088
10.908
10.726
10.551
10.392
10.256
10.150
10.082
10.058
10.084
10.165
10.315
10.557
10.920
11.429
12.094
12.907
13.859
14.938
16.103
17.302
18.484
19.593
20.558
21.303
21.758
21.891
21.713
21.236
20.477
19.483
18.323
17.064
15.772
14.495
13.278
12.166
11.195
10.372
9.698
9.173
8.794
8.545
8.407
8.365
8.401
8.500
8.647
8.826
9.023
9.227
9.428
9.613
9.769
9.877
9.918
9.873
9.734
9.516
9.235
8.907
8.549
8.174
7.794
7.423
7.074
6.758
6.487
6.272
6.125
6.049
6.047
6.121
6.273
6.507
6.825
7.230
7.726
8.307
8.962
9.679
10.446
11.243
12.036
12.792
13.473
14.047
14.488
14.778
14.894
14.817
14.550
14.118
13.539
12.840
12.046
11.188
10.301
9.418
8.571
7.777
7.048
6.392
5.822
5.341
4.944
4.624
4.373
4.187
4.061
3.994
3.984
4.030
4.132
4.294
4.520
4.815
5.182
5.624
6.140
6.730
7.393
8.127
8.920
9.756
10.625
11.508
12.390
13.246
14.055
14.791
15.433
15.965
16.376
16.657
16.797
16.789
16.635
16.345
15.924
15.381
14.725
13.978
13.159
12.291
11.395
10.490
9.591
8.708
7.858
7.051
6.299
5.607
4.981
4.427
3.949
3.547
3.211
2.933
2.703
2.511
2.351
2.220
2.114
2.031
1.966
1.917
1.880
1.853
1.831
1.811
1.792
1.771
1.747
1.719
1.685
1.645
1.600
1.551
1.498
1.442
1.384
1.327
1.271
1.218
1.170
1.128
1.092
1.063
1.041
1.027
1.021
1.022
1.030
1.042
1.058
1.076
1.096
1.115
1.132
1.145
1.153
1.153
1.148
1.135
1.117
1.093
1.063
1.030
0.995
0.962
0.931
0.907
0.891
0.888
0.901
0.934
0.990
1.074
1.189
1.337
1.523
1.749
2.019
2.334
2.690
3.087
3.520
3.987
4.486
5.006
5.536
6.065
6.581
7.074
7.530
7.941
8.292
8.575
8.776
8.887
8.904
8.834
8.679
8.445
8.138
7.762
7.330
6.854
6.348
5.823
5.293
4.769
4.258
3.766
3.299
2.864
2.468
2.112
1.796
1.517
1.273
1.062
0.884
0.734
0.609
0.508
0.425
0.358
0.304
0.261
0.227
0.201
0.181
0.166
0.154
0.145
0.138
0.133
0.129
0.125
0.121
0.118
0.114
0.110
0.105
0.101
0.095
0.090
0.084
0.078
0.072
0.066
0.060
0.054
0.049
0.044
0.039
0.034
0.030
0.026
0.023
0.020
0.018
0.016
0.014
0.012
0.011
0.010
0.009
0.009
0.008
0.008
0.008
0.007
0.007
0.007
0.007
0.007
0.007
0.006
0.006
0.006
0.006
0.006
0.006
0.006
0.006
0.006
0.006
0.006
0.006
0.005
0.005
0.005
0.005
0.005
0.005
0.005
0.004
0.004
0.004
0.004
0.004
0.004
0.004
0.004
0.003
0.003
0.003
0.003
0.003
0.003
0.003
0.003
0.003
0.003
0.003
0.003
0.003
0.003
0.003
0.003
0.003
0.003
0.003
0.003
0.003
0.003
0.003
0.002
0.002
0.002
0.002
0.002
0.002
0.002
0.001
0.001
0.001
0.001
0.001
0.001
0.001
0.001
0.001
0.000
0.000
0.000
0.000
0.000
0.000
0.000
0.000
0.000
0.000
0.000
0.000
0.000
0.000
0.000
0.000
0.000
0.000
0.000
0.000
0.000
0.000
0.000
0.000
0.000
0.000
0.000
0.000
0.000
0.000
0.000
-0.000
-0.000
-0.000
-0.000
-0.000
-0.000
-0.000
0.000
0.000
0.000
0.000
0.000
0.000
0.000
0.000
0.000
0.000
0.000
0
0
0
0
0
0
0
0
0
0
0
0
0
0
0
0
0
0
0
0
0
0
0
0
0
0
0
0
0
0
0
0
0
0
0
0
0
0
0
0
0
0
0
0
0
0
0
0
0
0
0
0
0
0
0
0
0
0
0
0
0
0
0
0
0
0
0
0
0
0
0
0
0
0
0
0
0
0
0
0
0
0
0
0
0
0
0
0
0
0
0
0
0
0
0
0
0
0
0
0
0
0
0
0
0
0
0
0
0
0
0
0
0
0
0
0
0
0
0
0
0
0
0
0
0
0
0
0
0
0
0
0
0
0
0
0
0
0
0
0
0
0
0
0
0
0
0
0
0
0
0
0
0
0
0
0
0
0
0
0
0
0
0
0
0
0
0
0
0
0
0
0
0
0
0
0
0
0
0
0
0
0
0
0
0
0
0
0
0
0
0
0
0
0
0
0
0
0
0
0
0
0
0
0
0
0
0
0
0
0
0
0
0
0
0
0
0
0
0
0
0
0
0
0
0
0
0
0
0
0
0
0
0
0
0
0
0
0
0
0
0
0
0
0
0
0
0
0
0
0
0
0
0
0
0
0
0
0
0
0
0
0
0
0
0
0
0
0
0
0
0
0
0
0
0
0
0
0
0
0
0
0
0
0
0
0
0
0
0
0
0
0
0
0
0
0
0
0
0
0
0
0
0
0
0
0
0
0
0
0
0
0
0
0
0
0
0
0
0
0
0
0
0
0
0
0
0
0
0
0
0
0
0
0
0
0
0
0
0
0
0
0
0
0
0
0
0
0
0
0
0
0
0
0
0
0
0
0
0
0
0
0
0
0
0
0
0
0
0
0
0
0
0
0
0
0
0
0
0
0
0
0
0
0
0
0
0
0
0
0
0
0
0
0
0
0
0
0
0
0
0
0
0
0
0
0
0
0
0
0
0
0
0
0
0
0
0
0
0
0
0
0
0
0
0
0
0
0
0
0
0
0
0
0
0
0
0
0
0
0
0
0
0
0
0
0
0
0
0
0
0
0
0
0
0
0
0
0
0
0
0
0
0
0
0
0
0
0
0
0
0
0
0
0
0
0
0
0
0
0
0
0
0
0
0
0
0
0
0
0
0
0
0
0
0
0
0
0
0
0
0
0
0
0
0
0
0
0
0
0
0
0
0
0
0
0
0
0
0
0
$MCA_CAL:
3
-1.4656616 2.9313233 0.00000000000000
$ENER_FIT:
-1.4656616 2.9313233 0.00000000000000
$MCA_CAL_DATA:
3
298 872
597 1749
896 2625
$CAMBIO:
Parent file specification: C:\GADRAS-DRF\Temp\152EU_100.0_175.0_lead_0.92_6.0.pcf
Successful read of spectrum: Yes
Error message: None
Warning: None
Information: None
Neutrons: 0
Number of spectral records in the parent file: 1
Record number of this spectrum in the parent file: 1
Date and time of acquisition read successfully from the original file: Yes
Live time read successfully from the original file: Yes
True time read successfully from the original file: Yes
GADRAS Tag character is:  
Version: 130122
Parent file type: Sandia GADRAS PCF
