$SPEC_ID:
153SM,1uC{0,0}
$MEAS_TIM:
3600.00 3600.00
$DATE_MEA:
3/9/2018 5:22:25 PM
$DATA:
0 1193
246.427
489.314
1019.453
1987.998
4372.086
873.050
1001.387
264.002
151.192
141.492
277.881
1771.310
8805.061
23531.258
21821.129
9316.295
4677.953
1473.794
289.496
189.984
314.443
686.952
1419.125
2062.515
1866.612
1188.310
764.173
692.823
791.799
944.107
1163.155
1614.063
2632.839
4356.877
5989.261
5959.012
4100.243
1902.724
591.773
126.318
20.627
5.471
4.168
4.102
3.680
3.342
3.237
3.361
3.654
4.061
4.462
4.668
4.617
4.550
4.960
6.299
8.583
11.111
12.698
12.375
10.226
7.249
4.536
2.712
1.732
1.277
1.080
1.001
0.955
0.916
0.891
0.875
0.864
0.856
0.849
0.845
0.842
0.839
0.836
0.834
0.831
0.828
0.825
0.821
0.817
0.812
0.807
0.802
0.796
0.791
0.785
0.779
0.773
0.766
0.759
0.752
0.745
0.738
0.730
0.723
0.718
0.713
0.709
0.708
0.707
0.707
0.707
0.708
0.709
0.709
0.708
0.706
0.703
0.695
0.683
0.669
0.653
0.635
0.615
0.594
0.574
0.556
0.540
0.527
0.517
0.510
0.504
0.500
0.497
0.496
0.497
0.500
0.506
0.517
0.533
0.552
0.575
0.599
0.622
0.640
0.652
0.655
0.650
0.638
0.622
0.603
0.586
0.572
0.567
0.571
0.587
0.616
0.658
0.707
0.760
0.809
0.845
0.861
0.853
0.823
0.772
0.707
0.636
0.567
0.505
0.459
0.434
0.433
0.460
0.523
0.626
0.776
0.978
1.238
1.550
1.905
2.290
2.677
3.035
3.330
3.538
3.633
3.601
3.453
3.203
2.874
2.497
2.108
1.734
1.394
1.105
0.877
0.707
0.592
0.527
0.503
0.513
0.548
0.601
0.666
0.736
0.804
0.863
0.908
0.935
0.941
0.924
0.886
0.830
0.759
0.678
0.592
0.507
0.426
0.351
0.286
0.231
0.186
0.149
0.120
0.097
0.080
0.066
0.055
0.046
0.039
0.034
0.029
0.026
0.023
0.020
0.018
0.016
0.015
0.014
0.012
0.012
0.011
0.010
0.009
0.009
0.008
0.007
0.007
0.006
0.006
0.005
0.004
0.004
0.003
0.003
0.003
0.002
0.002
0.002
0.002
0.001
0.001
0.001
0.001
0.001
0.001
0.001
0.001
0.001
0.001
0.001
0.001
0.000
0.000
0.000
0.000
0.000
0.000
0.000
0.000
0.000
0.000
0.000
0.000
0.000
0.000
0.000
0.000
0.000
0.000
0.000
0.000
0.000
0.000
-0.000
0.000
0.000
0.000
0.000
0.000
0.000
0.000
0
0
0
0
0
0
0
0
0
0
0
0
0
0
0
0
0
0
0
0
0
0
0
0
0
0
0
0
0
0
0
0
0
0
0
0
0
0
0
0
0
0
0
0
0
0
0
0
0
0
0
0
0
0
0
0
0
0
0
0
0
0
0
0
0
0
0
0
0
0
0
0
0
0
0
0
0
0
0
0
0
0
0
0
0
0
0
0
0
0
0
0
0
0
0
0
0
0
0
0
0
0
0
0
0
0
0
0
0
0
0
0
0
0
0
0
0
0
0
0
0
0
0
0
0
0
0
0
0
0
0
0
0
0
0
0
0
0
0
0
0
0
0
0
0
0
0
0
0
0
0
0
0
0
0
0
0
0
0
0
0
0
0
0
0
0
0
0
0
0
0
0
0
0
0
0
0
0
0
0
0
0
0
0
0
0
0
0
0
0
0
0
0
0
0
0
0
0
0
0
0
0
0
0
0
0
0
0
0
0
0
0
0
0
0
0
0
0
0
0
0
0
0
0
0
0
0
0
0
0
0
0
0
0
0
0
0
0
0
0
0
0
0
0
0
0
0
0
0
0
0
0
0
0
0
0
0
0
0
0
0
0
0
0
0
0
0
0
0
0
0
0
0
0
0
0
0
0
0
0
0
0
0
0
0
0
0
0
0
0
0
0
0
0
0
0
0
0
0
0
0
0
0
0
0
0
0
0
0
0
0
0
0
0
0
0
0
0
0
0
0
0
0
0
0
0
0
0
0
0
0
0
0
0
0
0
0
0
0
0
0
0
0
0
0
0
0
0
0
0
0
0
0
0
0
0
0
0
0
0
0
0
0
0
0
0
0
0
0
0
0
0
0
0
0
0
0
0
0
0
0
0
0
0
0
0
0
0
0
0
0
0
0
0
0
0
0
0
0
0
0
0
0
0
0
0
0
0
0
0
0
0
0
0
0
0
0
0
0
0
0
0
0
0
0
0
0
0
0
0
0
0
0
0
0
0
0
0
0
0
0
0
0
0
0
0
0
0
0
0
0
0
0
0
0
0
0
0
0
0
0
0
0
0
0
0
0
0
0
0
0
0
0
0
0
0
0
0
0
0
0
0
0
0
0
0
0
0
0
0
0
0
0
0
0
0
0
0
0
0
0
0
0
0
0
0
0
0
0
0
0
0
0
0
0
0
0
0
0
0
0
0
0
0
0
0
0
0
0
0
0
0
0
0
0
0
0
0
0
0
0
0
0
0
0
0
0
0
0
0
0
0
0
0
0
0
0
0
0
0
0
0
0
0
0
0
0
0
0
0
0
0
0
0
0
0
0
0
0
0
0
0
0
0
0
0
0
0
0
0
0
0
0
0
0
0
0
0
0
0
0
0
0
0
0
0
0
0
0
0
0
0
0
0
0
0
0
0
0
0
0
0
0
0
0
0
0
0
0
0
0
0
0
0
0
0
0
0
0
0
0
0
0
0
0
0
0
0
0
0
0
0
0
0
0
0
0
0
0
0
0
0
0
0
0
0
0
0
0
0
0
0
0
0
0
0
0
0
0
0
0
0
0
0
0
0
0
0
0
0
0
0
0
0
0
0
0
0
0
0
0
0
0
0
0
0
0
0
0
0
0
0
0
0
0
0
0
0
0
0
0
0
0
0
0
0
0
0
0
0
0
0
0
0
0
0
0
0
0
0
0
0
0
0
0
0
0
0
0
0
0
0
0
0
0
0
0
0
0
0
0
0
0
0
0
0
0
0
0
0
0
0
0
0
0
0
0
0
0
0
0
0
0
0
0
0
0
0
0
0
0
0
0
0
0
0
0
0
0
0
0
0
0
0
0
0
0
0
0
0
0
0
0
0
0
0
0
0
0
0
0
0
0
0
0
0
0
0
0
0
0
0
0
0
0
0
0
0
0
0
0
0
0
0
0
0
0
0
0
0
0
0
0
0
0
0
0
0
0
0
0
0
0
0
0
0
0
0
0
0
0
0
0
0
0
0
0
0
0
0
0
0
0
0
0
0
0
0
0
0
0
0
0
0
0
0
$MCA_CAL:
3
-1.4656616 2.9313233 0.00000000000000
$ENER_FIT:
-1.4656616 2.9313233 0.00000000000000
$MCA_CAL_DATA:
3
298 872
597 1749
896 2625
$CAMBIO:
Parent file specification: C:\GADRAS-DRF\Temp\153SM_75.0_50.0_none_0_6.0.pcf
Successful read of spectrum: Yes
Error message: None
Warning: None
Information: None
Neutrons: 0
Number of spectral records in the parent file: 1
Record number of this spectrum in the parent file: 1
Date and time of acquisition read successfully from the original file: Yes
Live time read successfully from the original file: Yes
True time read successfully from the original file: Yes
GADRAS Tag character is:  
Version: 130122
Parent file type: Sandia GADRAS PCF
