$SPEC_ID:
177MLU,1uC{0,0}
$MEAS_TIM:
3600.00 3600.00
$DATE_MEA:
3/9/2018 5:22:25 PM
$DATA:
0 1193
7237.748
8848.865
8951.759
8769.014
7382.418
6222.873
6114.428
7960.081
10898.622
10466.316
6735.834
5524.244
5583.779
6472.296
9342.860
15751.510
29307.047
49390.504
62716.887
56158.113
38309.207
23365.027
14123.301
8193.325
4757.382
3322.754
2927.745
2866.221
2879.291
2956.044
3132.796
3462.878
4013.201
4797.888
5744.359
6686.152
7396.856
7715.186
7616.408
7204.250
6678.856
6210.018
5862.611
5570.587
5273.756
4969.786
4740.537
4664.162
4777.069
5031.017
5325.069
5541.336
5624.125
5575.187
5460.800
5355.429
5319.346
5330.269
5334.056
5264.483
5095.249
4866.135
4657.994
4585.946
4735.703
5162.063
5838.562
6682.816
7555.538
8289.149
8762.469
8889.777
8683.457
8225.226
7612.589
6954.522
6318.123
5712.691
5136.454
4571.265
4003.592
3449.890
2935.007
2480.602
2106.322
1821.035
1617.911
1488.238
1420.864
1403.944
1426.394
1477.666
1546.729
1621.161
1688.415
1739.602
1768.693
1772.022
1754.211
1722.144
1684.020
1650.044
1630.011
1627.986
1645.040
1680.088
1724.236
1766.694
1796.802
1804.610
1780.255
1720.172
1628.367
1509.837
1373.953
1234.439
1104.863
996.068
916.743
874.955
872.146
904.739
968.887
1056.740
1157.394
1259.831
1354.433
1433.022
1487.466
1514.616
1518.480
1503.812
1475.946
1442.431
1411.036
1388.404
1375.022
1369.050
1368.529
1368.456
1361.339
1339.515
1297.702
1235.764
1154.414
1054.698
941.385
821.138
700.569
585.303
478.866
384.635
305.652
241.950
191.828
153.544
125.276
104.900
90.252
79.172
70.170
62.576
55.779
49.205
42.710
36.426
30.485
25.014
20.084
15.747
12.055
9.036
6.633
4.763
3.343
2.296
1.553
1.045
0.704
0.472
0.322
0.231
0.177
0.140
0.116
0.101
0.092
0.086
0.083
0.081
0.080
0.079
0.077
0.075
0.073
0.072
0.070
0.068
0.067
0.066
0.065
0.063
0.062
0.060
0.059
0.057
0.056
0.054
0.053
0.051
0.049
0.047
0.045
0.044
0.042
0.040
0.038
0.036
0.034
0.032
0.031
0.029
0.027
0.026
0.024
0.023
0.022
0.021
0.020
0.019
0.018
0.017
0.016
0.016
0.015
0.015
0.014
0.014
0.013
0.013
0.013
0.012
0.012
0.012
0.011
0.011
0.010
0.010
0.010
0.009
0.009
0.009
0.008
0.008
0.008
0.008
0.007
0.007
0.007
0.007
0.006
0.006
0.006
0.006
0.005
0.005
0.005
0.005
0.005
0.005
0.004
0.004
0.004
0.004
0.004
0.004
0.003
0.003
0.003
0.003
0.003
0.002
0.002
0.002
0.002
0.002
0.002
0.001
0.001
0.001
0.001
0.001
0.001
0.001
0.001
0.001
0.001
0.000
0.000
0.000
0.000
0.000
0.000
0.000
0.000
0.000
0.000
0.000
0.000
0.000
0.000
0.000
0.000
0.000
0.000
0.000
0.000
0.000
0.000
0.000
0.000
0.000
0.000
0.000
0.000
0.000
0.000
0.000
0.000
0.000
0.000
0.000
0.000
0.000
0.000
0.000
0.000
0.000
0.000
0.000
0.000
0.000
0.000
0.000
0.000
0.000
0.000
0.000
0.000
0.000
0.000
0.000
0.000
0.000
0.000
0.000
0.000
0.000
0.000
0.000
0.000
0.000
0.000
0.000
0.000
0.000
0.000
0.000
0.000
0.000
0.000
0.000
0.000
0.000
0.000
0.000
0.000
0.000
0.000
0.000
0.000
0.000
0.000
0.000
0.000
0.000
0.000
0.000
0.000
0.000
0.000
0.000
0.000
0.000
0.000
0.000
0.000
0.000
0.000
0.000
0.000
0.000
0.000
0.000
0
0
0
0
0
0
0
0
0
0
0
0
0
0
0
0
0
0
0
0
0
0
0
0
0
0
0
0
0
0
0
0
0
0
0
0
0
0
0
0
0
0
0
0
0
0
0
0
0
0
0
0
0
0
0
0
0
0
0
0
0
0
0
0
0
0
0
0
0
0
0
0
0
0
0
0
0
0
0
0
0
0
0
0
0
0
0
0
0
0
0
0
0
0
0
0
0
0
0
0
0
0
0
0
0
0
0
0
0
0
0
0
0
0
0
0
0
0
0
0
0
0
0
0
0
0
0
0
0
0
0
0
0
0
0
0
0
0
0
0
0
0
0
0
0
0
0
0
0
0
0
0
0
0
0
0
0
0
0
0
0
0
0
0
0
0
0
0
0
0
0
0
0
0
0
0
0
0
0
0
0
0
0
0
0
0
0
0
0
0
0
0
0
0
0
0
0
0
0
0
0
0
0
0
0
0
0
0
0
0
0
0
0
0
0
0
0
0
0
0
0
0
0
0
0
0
0
0
0
0
0
0
0
0
0
0
0
0
0
0
0
0
0
0
0
0
0
0
0
0
0
0
0
0
0
0
0
0
0
0
0
0
0
0
0
0
0
0
0
0
0
0
0
0
0
0
0
0
0
0
0
0
0
0
0
0
0
0
0
0
0
0
0
0
0
0
0
0
0
0
0
0
0
0
0
0
0
0
0
0
0
0
0
0
0
0
0
0
0
0
0
0
0
0
0
0
0
0
0
0
0
0
0
0
0
0
0
0
0
0
0
0
0
0
0
0
0
0
0
0
0
0
0
0
0
0
0
0
0
0
0
0
0
0
0
0
0
0
0
0
0
0
0
0
0
0
0
0
0
0
0
0
0
0
0
0
0
0
0
0
0
0
0
0
0
0
0
0
0
0
0
0
0
0
0
0
0
0
0
0
0
0
0
0
0
0
0
0
0
0
0
0
0
0
0
0
0
0
0
0
0
0
0
0
0
0
0
0
0
0
0
0
0
0
0
0
0
0
0
0
0
0
0
0
0
0
0
0
0
0
0
0
0
0
0
0
0
0
0
0
0
0
0
0
0
0
0
0
0
0
0
0
0
0
0
0
0
0
0
0
0
0
0
0
0
0
0
0
0
0
0
0
0
0
0
0
0
0
0
0
0
0
0
0
0
0
0
0
0
0
0
0
0
0
0
0
0
0
0
0
0
0
0
0
0
0
0
0
0
0
0
0
0
0
0
0
0
0
0
0
0
0
0
0
0
0
0
0
0
0
0
0
0
0
0
0
0
0
0
0
0
0
0
0
0
0
0
0
0
0
0
0
0
0
0
0
0
0
0
0
0
0
0
0
0
0
0
0
0
0
0
0
0
0
0
0
0
0
0
0
0
0
0
0
0
0
0
0
0
0
0
0
0
0
0
0
0
0
0
0
0
0
0
0
0
0
0
0
0
0
0
0
0
0
0
0
0
0
0
0
0
0
0
0
0
0
0
0
0
0
0
0
0
0
0
0
0
0
0
0
0
0
0
0
0
0
0
0
0
0
0
0
0
0
0
0
0
0
0
0
0
0
0
0
0
0
0
0
0
0
0
0
0
0
0
0
0
0
0
0
0
0
0
0
0
0
0
0
0
0
0
0
0
0
0
0
0
0
0
0
0
0
0
0
0
0
0
0
0
0
0
0
0
0
0
0
0
0
0
0
0
0
0
0
0
0
0
0
0
0
0
0
0
0
0
0
0
0
0
0
0
0
0
0
0
0
0
0
0
0
0
0
0
0
0
0
0
0
0
0
$MCA_CAL:
3
-1.4656616 2.9313233 0.00000000000000
$ENER_FIT:
-1.4656616 2.9313233 0.00000000000000
$MCA_CAL_DATA:
3
298 872
597 1749
896 2625
$CAMBIO:
Parent file specification: C:\GADRAS-DRF\Temp\parallelGUI2\177MLU_75.0_50.0_none_0_8.5.pcf
Successful read of spectrum: Yes
Error message: None
Warning: None
Information: None
Neutrons: 0
Number of spectral records in the parent file: 1
Record number of this spectrum in the parent file: 1
Date and time of acquisition read successfully from the original file: Yes
Live time read successfully from the original file: Yes
True time read successfully from the original file: Yes
GADRAS Tag character is:  
Version: 130122
Parent file type: Sandia GADRAS PCF
