$SPEC_ID:
192IR,1uC{26,6.28}
$MEAS_TIM:
3600.00 3600.00
$DATE_MEA:
3/9/2018 5:22:25 PM
$DATA:
0 1193
392.341
373.181
355.642
483.106
439.199
364.738
306.129
267.781
245.984
233.369
228.501
224.976
222.047
218.531
212.486
207.891
203.406
202.001
204.455
209.234
218.010
229.138
240.082
243.631
249.587
254.460
257.375
254.438
244.974
235.634
227.245
222.556
220.576
219.073
218.726
219.202
220.314
220.662
218.674
215.841
213.262
211.242
209.783
210.274
213.847
219.852
226.958
233.752
239.452
243.247
244.204
241.754
235.968
228.553
220.927
213.243
205.543
197.955
191.343
186.930
183.445
178.386
171.795
165.038
159.189
155.083
152.807
152.019
152.304
153.206
154.264
155.006
154.974
153.720
151.000
147.180
142.733
137.925
132.931
127.894
122.923
118.125
113.633
109.569
105.970
102.813
100.073
97.728
95.763
94.256
93.360
93.223
93.978
95.758
98.698
102.942
108.608
115.581
123.587
132.331
141.364
150.196
158.243
164.618
168.397
168.877
165.836
159.121
148.917
136.011
121.231
105.429
89.456
74.177
60.270
48.094
37.970
30.050
24.068
19.695
16.612
14.540
13.212
12.371
11.858
11.565
11.381
11.243
11.132
11.033
10.932
10.829
10.722
10.614
10.507
10.407
10.321
10.256
10.223
10.235
10.306
10.454
10.703
11.078
11.605
12.321
13.265
14.475
15.969
17.739
19.772
22.054
24.507
27.015
29.461
31.728
33.692
35.230
36.217
36.553
36.252
35.350
33.890
31.925
29.559
26.909
24.090
21.214
18.372
15.655
13.150
10.931
9.007
7.364
5.989
4.867
3.973
3.274
2.742
2.344
2.059
1.869
1.758
1.710
1.713
1.763
1.859
1.999
2.179
2.401
2.663
2.967
3.311
3.692
4.101
4.530
4.968
5.406
5.833
6.234
6.599
6.913
7.164
7.345
7.448
7.464
7.386
7.216
6.963
6.640
6.255
5.819
5.346
4.849
4.342
3.839
3.353
2.890
2.457
2.060
1.704
1.395
1.129
0.903
0.713
0.557
0.430
0.329
0.250
0.189
0.142
0.107
0.081
0.062
0.049
0.040
0.033
0.028
0.024
0.022
0.020
0.019
0.018
0.018
0.017
0.017
0.017
0.016
0.016
0.016
0.016
0.016
0.015
0.015
0.015
0.015
0.015
0.015
0.014
0.014
0.014
0.014
0.014
0.014
0.014
0.014
0.013
0.013
0.013
0.013
0.013
0.013
0.013
0.014
0.014
0.014
0.015
0.016
0.017
0.018
0.020
0.021
0.023
0.025
0.027
0.030
0.033
0.036
0.039
0.043
0.046
0.050
0.053
0.057
0.060
0.063
0.065
0.067
0.069
0.070
0.071
0.071
0.071
0.070
0.068
0.066
0.064
0.061
0.057
0.054
0.050
0.046
0.042
0.038
0.035
0.031
0.027
0.024
0.021
0.018
0.016
0.013
0.011
0.010
0.008
0.007
0.006
0.005
0.004
0.004
0.003
0.003
0.002
0.002
0.002
0.002
0.002
0.002
0.002
0.003
0.003
0.003
0.003
0.004
0.004
0.004
0.005
0.005
0.006
0.006
0.007
0.007
0.007
0.008
0.008
0.009
0.009
0.009
0.009
0.010
0.010
0.010
0.010
0.010
0.010
0.009
0.009
0.009
0.008
0.008
0.008
0.007
0.007
0.006
0.006
0.005
0.005
0.004
0.004
0.004
0.003
0.003
0.002
0.002
0.002
0.002
0.001
0.001
0.001
0.001
0.001
0.001
0.000
0.000
0.000
0.000
0.000
0.000
0.000
0.000
0.000
0.000
0.000
0.000
0.000
0.000
0.000
0.000
0.000
0.000
0.000
0.000
0.000
0.000
0.000
0.000
0.000
0.000
0.000
0.000
0.000
0.000
0.000
0.000
0.000
0.000
0.000
0.000
0.000
0.000
0.000
0.000
0.000
0.000
0.000
0.000
0.000
0.000
0.000
0.000
0.000
0.000
0.000
0.000
0.000
0.000
0.000
0.000
0.000
0.000
0.000
0.000
0.000
0.000
0.000
0.000
0.000
0.000
0.000
0.000
0.000
0.000
0.000
0.000
0.000
0.000
0.000
0.000
0.000
0.000
0.000
0.000
0.000
0.000
0.000
0.000
0.000
0.000
0.000
0.000
0.000
0.000
0.000
0.000
0.000
0.000
0.000
0.000
0.000
0.000
0.000
0.000
0.000
0.000
0.000
0.000
0.000
0.000
0.000
0.000
0.000
0.000
0.000
0.000
0.000
0.000
0.000
0.000
0.000
0.000
0.000
0.000
0.000
0.000
0.000
0.000
0.000
0.000
0.000
0.000
0.000
0.000
0.000
0.000
0.000
0.000
0.000
0.000
0.000
0.000
0.000
0.000
-0.000
-0.000
-0.000
-0.000
-0.000
-0.000
-0.000
-0.000
-0.000
0.000
0.000
0.000
0.000
0.000
0.000
0.000
0.000
0.000
-0.000
-0.000
-0.000
-0.000
-0.000
-0.000
-0.000
-0.000
-0.000
0.000
0.000
0.000
0.000
0.000
0.000
0
0
0
0
0
0
0
0
0
0
0
0
0
0
0
0
0
0
0
0
0
0
0
0
0
0
0
0
0
0
0
0
0
0
0
0
0
0
0
0
0
0
0
0
0
0
0
0
0
0
0
0
0
0
0
0
0
0
0
0
0
0
0
0
0
0
0
0
0
0
0
0
0
0
0
0
0
0
0
0
0
0
0
0
0
0
0
0
0
0
0
0
0
0
0
0
0
0
0
0
0
0
0
0
0
0
0
0
0
0
0
0
0
0
0
0
0
0
0
0
0
0
0
0
0
0
0
0
0
0
0
0
0
0
0
0
0
0
0
0
0
0
0
0
0
0
0
0
0
0
0
0
0
0
0
0
0
0
0
0
0
0
0
0
0
0
0
0
0
0
0
0
0
0
0
0
0
0
0
0
0
0
0
0
0
0
0
0
0
0
0
0
0
0
0
0
0
0
0
0
0
0
0
0
0
0
0
0
0
0
0
0
0
0
0
0
0
0
0
0
0
0
0
0
0
0
0
0
0
0
0
0
0
0
0
0
0
0
0
0
0
0
0
0
0
0
0
0
0
0
0
0
0
0
0
0
0
0
0
0
0
0
0
0
0
0
0
0
0
0
0
0
0
0
0
0
0
0
0
0
0
0
0
0
0
0
0
0
0
0
0
0
0
0
0
0
0
0
0
0
0
0
0
0
0
0
0
0
0
0
0
0
0
0
0
0
0
0
0
0
0
0
0
0
0
0
0
0
0
0
0
0
0
0
0
0
0
0
0
0
0
0
0
0
0
0
0
0
0
0
0
0
0
0
0
0
0
0
0
0
0
0
0
0
0
0
0
0
0
0
0
0
0
0
0
0
0
0
0
0
0
0
0
0
0
0
0
0
0
0
0
0
0
0
0
0
0
0
0
0
0
0
0
0
0
0
0
0
0
0
0
0
0
0
0
0
0
0
0
0
0
0
0
0
0
0
0
0
0
0
0
0
0
0
0
0
0
0
0
0
0
0
0
0
0
0
0
0
0
0
0
0
0
0
0
0
0
0
0
0
0
0
0
0
0
0
0
0
0
0
0
0
0
0
0
0
0
0
0
0
0
0
0
0
0
0
0
0
0
0
0
0
0
0
0
0
0
0
0
0
0
0
0
0
0
0
0
0
0
0
0
0
0
0
0
0
0
0
0
0
0
0
0
0
0
0
0
0
0
0
0
0
0
0
0
0
0
0
0
0
0
0
0
0
0
0
0
0
0
0
0
0
0
0
0
0
0
0
0
0
0
0
0
0
0
0
0
0
0
0
0
0
0
0
0
0
0
0
0
0
0
0
0
0
0
0
0
0
0
0
0
0
0
0
0
0
0
0
0
0
0
0
0
0
0
0
0
0
0
0
0
0
0
0
0
0
0
0
0
0
0
0
0
0
0
0
0
0
0
$MCA_CAL:
3
-1.4656616 2.9313233 0.00000000000000
$ENER_FIT:
-1.4656616 2.9313233 0.00000000000000
$MCA_CAL_DATA:
3
298 872
597 1749
896 2625
$CAMBIO:
Parent file specification: C:\GADRAS-DRF\Temp\parallelGUI2\192IR_100.0_237.5_iron_6.28_9.0.pcf
Successful read of spectrum: Yes
Error message: None
Warning: None
Information: None
Neutrons: 0
Number of spectral records in the parent file: 1
Record number of this spectrum in the parent file: 1
Date and time of acquisition read successfully from the original file: Yes
Live time read successfully from the original file: Yes
True time read successfully from the original file: Yes
GADRAS Tag character is:  
Version: 130122
Parent file type: Sandia GADRAS PCF
