$SPEC_ID:
192IR,1uC{0,0}
$MEAS_TIM:
3600.00 3600.00
$DATE_MEA:
3/9/2018 5:22:25 PM
$DATA:
0 1193
4861.661
4495.155
4081.432
4247.599
3375.602
2586.991
2189.520
1918.854
1715.294
1590.857
1567.636
1612.192
1601.317
1476.691
1342.511
1327.010
1367.491
1441.622
1629.468
2153.442
3163.753
4143.825
4184.913
3241.208
2420.000
2199.121
2069.643
1881.036
1630.390
1455.454
1348.876
1346.011
1383.269
1413.449
1438.483
1464.573
1475.214
1481.516
1489.283
1491.606
1500.896
1524.372
1547.559
1578.844
1632.440
1674.564
1710.926
1744.432
1674.530
1569.581
1445.804
1342.866
1292.912
1268.269
1265.169
1306.938
1336.397
1329.424
1298.142
1257.829
1228.485
1193.736
1155.439
1132.618
1126.686
1151.092
1212.356
1303.022
1407.874
1495.834
1541.865
1549.537
1531.529
1505.242
1488.683
1480.710
1475.918
1474.808
1473.450
1468.690
1465.162
1464.215
1463.954
1463.029
1460.567
1456.126
1449.402
1439.886
1426.153
1408.864
1393.226
1387.125
1401.449
1454.964
1570.812
1775.311
2087.995
2511.626
3034.374
3627.911
4273.153
4961.594
5686.397
6435.479
7143.866
7711.348
7998.189
7865.529
7299.257
6352.069
5169.902
3931.528
2785.896
1857.856
1177.094
727.555
461.398
315.417
243.786
213.242
202.733
202.359
205.917
211.607
218.040
223.976
228.303
230.286
229.378
225.924
220.662
214.398
207.951
202.080
197.344
194.150
192.270
191.261
190.646
189.915
188.603
186.322
182.841
178.828
175.374
174.446
179.201
193.301
222.442
272.965
350.990
462.450
611.776
795.898
1009.286
1238.939
1461.653
1653.812
1795.318
1867.512
1859.617
1778.548
1634.298
1443.504
1228.654
1011.292
805.381
622.232
469.558
346.541
251.004
179.662
127.865
90.978
65.460
48.457
37.291
30.253
25.991
23.334
21.747
20.839
20.319
20.124
20.231
20.696
21.723
23.531
26.426
30.845
37.229
46.028
57.693
72.673
91.213
113.298
138.877
167.513
198.175
229.776
261.080
290.481
316.370
337.190
351.561
358.081
355.784
345.059
326.512
300.961
270.147
236.143
200.936
166.237
133.551
104.338
79.355
58.584
41.978
29.306
19.959
13.276
8.628
5.538
3.582
2.349
1.574
1.125
0.872
0.717
0.626
0.575
0.543
0.520
0.504
0.493
0.484
0.476
0.468
0.459
0.449
0.437
0.425
0.411
0.397
0.383
0.370
0.357
0.346
0.337
0.330
0.325
0.322
0.320
0.321
0.322
0.323
0.325
0.326
0.326
0.325
0.322
0.317
0.311
0.304
0.296
0.287
0.278
0.268
0.258
0.248
0.239
0.231
0.224
0.219
0.215
0.213
0.213
0.215
0.220
0.229
0.244
0.267
0.301
0.350
0.415
0.501
0.612
0.749
0.914
1.107
1.329
1.577
1.843
2.119
2.396
2.665
2.911
3.122
3.283
3.383
3.421
3.397
3.310
3.161
2.961
2.722
2.457
2.175
1.889
1.608
1.342
1.101
0.887
0.702
0.544
0.415
0.312
0.231
0.170
0.123
0.089
0.065
0.048
0.037
0.029
0.024
0.020
0.018
0.016
0.015
0.015
0.015
0.015
0.015
0.015
0.016
0.018
0.019
0.022
0.025
0.030
0.036
0.044
0.054
0.067
0.082
0.100
0.121
0.145
0.172
0.201
0.233
0.266
0.299
0.332
0.363
0.392
0.417
0.437
0.451
0.458
0.458
0.452
0.439
0.421
0.397
0.369
0.338
0.306
0.272
0.239
0.207
0.177
0.149
0.123
0.101
0.082
0.066
0.052
0.040
0.031
0.024
0.018
0.014
0.010
0.008
0.006
0.005
0.004
0.003
0.002
0.002
0.002
0.001
0.001
0.001
0.001
0.001
0.001
0.001
0.001
0.001
0.001
0.001
0.001
0.001
0.001
0.000
0.000
0.000
0.000
0.000
0.000
0.000
0.000
0.000
0.000
0.000
0.000
0.000
0.000
0.000
0.000
0.000
0.000
0.000
0.000
0.000
0.000
0.000
0.000
0.000
0.000
0.000
0.000
0.000
0.000
0.000
0.000
0.000
0.000
0.000
0.000
0.000
0.000
0.000
0.001
0.001
0.001
0.001
0.001
0.001
0.002
0.002
0.002
0.003
0.003
0.003
0.004
0.004
0.005
0.005
0.006
0.006
0.006
0.006
0.007
0.007
0.007
0.007
0.007
0.007
0.006
0.006
0.006
0.006
0.005
0.005
0.004
0.004
0.003
0.003
0.003
0.002
0.002
0.002
0.001
0.001
0.001
0.001
0.001
0.000
0.000
0.000
0.000
0.000
0.000
0.000
0.000
0.000
0.000
0.000
0.000
0.000
0.000
0.000
0.000
0.000
0.000
0.000
0.000
0.000
0.000
-0.000
-0.000
-0.000
-0.000
-0.000
-0.000
0.000
0.000
0.000
0.000
0.000
0.000
-0.000
-0.000
-0.000
-0.000
-0.000
-0.000
0.000
0.000
0.000
0.000
0.000
0.000
0.000
0.000
0.000
0
0
0
0
0
0
0
0
0
0
0
0
0
0
0
0
0
0
0
0
0
0
0
0
0
0
0
0
0
0
0
0
0
0
0
0
0
0
0
0
0
0
0
0
0
0
0
0
0
0
0
0
0
0
0
0
0
0
0
0
0
0
0
0
0
0
0
0
0
0
0
0
0
0
0
0
0
0
0
0
0
0
0
0
0
0
0
0
0
0
0
0
0
0
0
0
0
0
0
0
0
0
0
0
0
0
0
0
0
0
0
0
0
0
0
0
0
0
0
0
0
0
0
0
0
0
0
0
0
0
0
0
0
0
0
0
0
0
0
0
0
0
0
0
0
0
0
0
0
0
0
0
0
0
0
0
0
0
0
0
0
0
0
0
0
0
0
0
0
0
0
0
0
0
0
0
0
0
0
0
0
0
0
0
0
0
0
0
0
0
0
0
0
0
0
0
0
0
0
0
0
0
0
0
0
0
0
0
0
0
0
0
0
0
0
0
0
0
0
0
0
0
0
0
0
0
0
0
0
0
0
0
0
0
0
0
0
0
0
0
0
0
0
0
0
0
0
0
0
0
0
0
0
0
0
0
0
0
0
0
0
0
0
0
0
0
0
0
0
0
0
0
0
0
0
0
0
0
0
0
0
0
0
0
0
0
0
0
0
0
0
0
0
0
0
0
0
0
0
0
0
0
0
0
0
0
0
0
0
0
0
0
0
0
0
0
0
0
0
0
0
0
0
0
0
0
0
0
0
0
0
0
0
0
0
0
0
0
0
0
0
0
0
0
0
0
0
0
0
0
0
0
0
0
0
0
0
0
0
0
0
0
0
0
0
0
0
0
0
0
0
0
0
0
0
0
0
0
0
0
0
0
0
0
0
0
0
0
0
0
0
0
0
0
0
0
0
0
0
0
0
0
0
0
0
0
0
0
0
0
0
0
0
0
0
0
0
0
0
0
0
0
0
0
0
0
0
0
0
0
0
0
0
0
0
0
0
0
0
0
0
0
0
0
0
0
0
0
0
0
0
0
0
0
0
0
0
0
0
0
0
0
0
0
0
0
0
0
0
0
0
0
0
0
0
0
0
0
0
0
0
0
0
0
0
0
0
0
0
0
0
0
0
0
0
0
0
0
0
0
0
0
0
0
0
0
0
0
0
0
0
0
0
0
0
0
0
0
0
0
0
0
0
0
0
0
0
0
0
0
0
0
0
0
0
0
0
0
0
0
0
0
0
0
0
0
0
0
0
0
0
0
0
0
0
0
0
0
0
0
0
0
0
0
0
0
0
0
0
0
0
0
0
0
0
0
0
0
0
0
0
0
0
0
0
0
0
0
0
0
0
0
0
0
0
0
0
0
0
0
0
0
0
0
0
0
0
0
0
0
0
0
0
0
0
0
0
0
0
0
0
0
0
0
0
0
0
0
0
0
0
0
0
0
0
0
0
0
0
0
0
0
0
0
0
0
0
0
0
0
0
0
0
$MCA_CAL:
3
-1.4656616 2.9313233 0.00000000000000
$ENER_FIT:
-1.4656616 2.9313233 0.00000000000000
$MCA_CAL_DATA:
3
298 872
597 1749
896 2625
$CAMBIO:
Parent file specification: C:\GADRAS-DRF\Temp\parallelGUI2\192IR_100.0_50.0_none_0_6.0.pcf
Successful read of spectrum: Yes
Error message: None
Warning: None
Information: None
Neutrons: 0
Number of spectral records in the parent file: 1
Record number of this spectrum in the parent file: 1
Date and time of acquisition read successfully from the original file: Yes
Live time read successfully from the original file: Yes
True time read successfully from the original file: Yes
GADRAS Tag character is:  
Version: 130122
Parent file type: Sandia GADRAS PCF
