$SPEC_ID:
192IR,1uC{26,1.53}
$MEAS_TIM:
3600.00 3600.00
$DATE_MEA:
3/9/2018 5:22:25 PM
$DATA:
0 1193
448.055
428.094
402.192
423.851
357.906
297.272
247.824
215.582
196.860
187.915
186.128
185.954
185.709
184.092
179.829
177.673
175.867
174.677
175.360
178.235
186.967
197.821
206.202
208.779
212.934
220.272
223.536
223.639
208.809
193.453
178.537
170.764
166.500
165.314
166.013
167.474
168.998
169.923
169.744
168.687
167.637
167.106
167.072
169.747
175.102
181.830
192.827
203.526
212.076
220.035
222.551
218.495
209.903
199.226
188.079
177.354
167.330
157.620
148.640
142.996
138.733
131.750
124.449
118.669
112.824
108.215
107.662
110.217
114.194
119.135
124.441
129.080
132.328
133.766
133.019
129.845
124.856
118.963
112.710
106.486
100.575
95.197
90.450
86.373
82.899
79.927
77.348
75.059
73.054
71.381
70.148
69.513
69.714
71.093
73.954
78.501
84.886
93.090
103.018
114.368
126.682
139.387
151.729
162.827
171.344
175.812
175.237
169.065
157.161
140.719
121.194
100.244
79.666
61.044
45.147
32.558
23.310
16.853
12.610
10.023
8.544
7.719
7.321
7.155
7.092
7.076
7.058
7.020
6.960
6.879
6.779
6.663
6.537
6.409
6.291
6.190
6.104
6.031
5.968
5.918
5.880
5.866
5.897
5.996
6.203
6.579
7.188
8.095
9.370
11.084
13.276
15.915
18.960
22.336
25.847
29.267
32.373
34.945
36.767
37.631
37.484
36.391
34.428
31.722
28.493
24.973
21.382
17.880
14.609
11.708
9.233
7.166
5.488
4.171
3.164
2.412
1.860
1.465
1.194
1.013
0.892
0.819
0.783
0.775
0.791
0.832
0.901
1.000
1.135
1.310
1.532
1.805
2.130
2.509
2.942
3.425
3.943
4.485
5.037
5.578
6.090
6.548
6.931
7.223
7.410
7.476
7.410
7.219
6.916
6.513
6.025
5.476
4.887
4.284
3.690
3.121
2.589
2.106
1.685
1.324
1.022
0.773
0.575
0.421
0.304
0.218
0.154
0.108
0.076
0.054
0.040
0.030
0.024
0.020
0.017
0.016
0.014
0.014
0.013
0.013
0.012
0.012
0.012
0.011
0.011
0.011
0.011
0.010
0.010
0.010
0.010
0.010
0.010
0.009
0.009
0.009
0.009
0.009
0.009
0.009
0.009
0.009
0.009
0.009
0.008
0.008
0.008
0.008
0.008
0.008
0.008
0.007
0.007
0.007
0.007
0.007
0.008
0.008
0.008
0.009
0.010
0.011
0.012
0.014
0.016
0.018
0.021
0.024
0.027
0.031
0.035
0.039
0.043
0.048
0.052
0.056
0.060
0.063
0.066
0.068
0.069
0.070
0.069
0.068
0.066
0.063
0.060
0.056
0.052
0.047
0.043
0.038
0.033
0.029
0.025
0.021
0.018
0.015
0.012
0.010
0.008
0.006
0.005
0.004
0.003
0.002
0.002
0.002
0.001
0.001
0.001
0.001
0.001
0.001
0.001
0.001
0.001
0.001
0.001
0.001
0.001
0.002
0.002
0.002
0.002
0.003
0.003
0.004
0.004
0.005
0.005
0.006
0.006
0.007
0.007
0.008
0.008
0.009
0.009
0.009
0.009
0.009
0.009
0.009
0.009
0.009
0.009
0.008
0.008
0.007
0.007
0.006
0.006
0.005
0.005
0.004
0.004
0.003
0.003
0.002
0.002
0.002
0.001
0.001
0.001
0.001
0.001
0.000
0.000
0.000
0.000
0.000
0.000
0.000
0.000
0.000
0.000
0.000
0.000
0.000
0.000
0.000
0.000
0.000
0.000
0.000
0.000
0.000
0.000
0.000
0.000
0.000
0.000
0.000
0.000
0.000
0.000
0.000
0.000
0.000
0.000
0.000
0.000
0.000
0.000
0.000
0.000
0.000
0.000
0.000
0.000
0.000
0.000
0.000
0.000
0.000
0.000
0.000
0.000
0.000
0.000
0.000
0.000
0.000
0.000
0.000
0.000
0.000
0.000
0.000
0.000
0.000
0.000
0.000
0.000
0.000
0.000
0.000
0.000
0.000
0.000
0.000
0.000
0.000
0.000
0.000
0.000
0.000
0.000
0.000
0.000
0.000
0.000
0.000
0.000
0.000
0.000
0.000
0.000
0.000
0.000
0.000
0.000
0.000
0.000
0.000
0.000
0.000
0.000
0.000
0.000
0.000
0.000
0.000
0.000
0.000
0.000
0.000
0.000
0.000
0.000
0.000
0.000
0.000
0.000
0.000
0.000
0.000
0.000
0.000
0.000
0.000
0.000
0.000
0.000
0.000
0.000
0.000
0.000
0.000
0.000
0.000
0.000
0.000
0.000
0.000
0.000
-0.000
-0.000
-0.000
-0.000
-0.000
-0.000
-0.000
-0.000
0.000
0.000
0.000
0.000
0.000
0.000
0.000
0.000
0.000
0.000
0.000
0.000
0
0
0
0
0
0
0
0
0
0
0
0
0
0
0
0
0
0
0
0
0
0
0
0
0
0
0
0
0
0
0
0
0
0
0
0
0
0
0
0
0
0
0
0
0
0
0
0
0
0
0
0
0
0
0
0
0
0
0
0
0
0
0
0
0
0
0
0
0
0
0
0
0
0
0
0
0
0
0
0
0
0
0
0
0
0
0
0
0
0
0
0
0
0
0
0
0
0
0
0
0
0
0
0
0
0
0
0
0
0
0
0
0
0
0
0
0
0
0
0
0
0
0
0
0
0
0
0
0
0
0
0
0
0
0
0
0
0
0
0
0
0
0
0
0
0
0
0
0
0
0
0
0
0
0
0
0
0
0
0
0
0
0
0
0
0
0
0
0
0
0
0
0
0
0
0
0
0
0
0
0
0
0
0
0
0
0
0
0
0
0
0
0
0
0
0
0
0
0
0
0
0
0
0
0
0
0
0
0
0
0
0
0
0
0
0
0
0
0
0
0
0
0
0
0
0
0
0
0
0
0
0
0
0
0
0
0
0
0
0
0
0
0
0
0
0
0
0
0
0
0
0
0
0
0
0
0
0
0
0
0
0
0
0
0
0
0
0
0
0
0
0
0
0
0
0
0
0
0
0
0
0
0
0
0
0
0
0
0
0
0
0
0
0
0
0
0
0
0
0
0
0
0
0
0
0
0
0
0
0
0
0
0
0
0
0
0
0
0
0
0
0
0
0
0
0
0
0
0
0
0
0
0
0
0
0
0
0
0
0
0
0
0
0
0
0
0
0
0
0
0
0
0
0
0
0
0
0
0
0
0
0
0
0
0
0
0
0
0
0
0
0
0
0
0
0
0
0
0
0
0
0
0
0
0
0
0
0
0
0
0
0
0
0
0
0
0
0
0
0
0
0
0
0
0
0
0
0
0
0
0
0
0
0
0
0
0
0
0
0
0
0
0
0
0
0
0
0
0
0
0
0
0
0
0
0
0
0
0
0
0
0
0
0
0
0
0
0
0
0
0
0
0
0
0
0
0
0
0
0
0
0
0
0
0
0
0
0
0
0
0
0
0
0
0
0
0
0
0
0
0
0
0
0
0
0
0
0
0
0
0
0
0
0
0
0
0
0
0
0
0
0
0
0
0
0
0
0
0
0
0
0
0
0
0
0
0
0
0
0
0
0
0
0
0
0
0
0
0
0
0
0
0
0
0
0
0
0
0
0
0
0
0
0
0
0
0
0
0
0
0
0
0
0
0
0
0
0
0
0
0
0
0
0
0
0
0
0
0
0
0
0
0
0
0
0
0
0
0
0
0
0
0
0
0
0
0
0
0
0
0
0
0
0
0
0
0
0
0
0
0
0
0
0
0
0
0
0
0
0
0
0
0
0
0
0
0
0
0
0
0
0
0
0
0
0
0
0
0
0
0
0
0
0
0
0
0
0
0
0
0
0
0
0
0
0
0
$MCA_CAL:
3
-1.4656616 2.9313233 0.00000000000000
$ENER_FIT:
-1.4656616 2.9313233 0.00000000000000
$MCA_CAL_DATA:
3
298 872
597 1749
896 2625
$CAMBIO:
Parent file specification: C:\GADRAS-DRF\Temp\parallelGUI2\192IR_125.0_300.0_iron_1.53_7.5.pcf
Successful read of spectrum: Yes
Error message: None
Warning: None
Information: None
Neutrons: 0
Number of spectral records in the parent file: 1
Record number of this spectrum in the parent file: 1
Date and time of acquisition read successfully from the original file: Yes
Live time read successfully from the original file: Yes
True time read successfully from the original file: Yes
GADRAS Tag character is:  
Version: 130122
Parent file type: Sandia GADRAS PCF
