$SPEC_ID:
192IR,1uC{26,1.53}
$MEAS_TIM:
3600.00 3600.00
$DATE_MEA:
3/9/2018 5:22:25 PM
$DATA:
0 1193
4065.622
3768.170
3456.040
3321.781
2911.834
2488.018
2114.795
1850.202
1653.039
1512.506
1435.957
1386.821
1349.726
1302.880
1249.755
1223.520
1213.740
1236.045
1311.139
1449.297
1642.902
1808.076
1871.190
1819.133
1745.412
1694.941
1663.752
1614.721
1541.152
1474.771
1425.785
1416.038
1435.797
1461.379
1488.573
1515.357
1536.925
1555.075
1575.153
1592.187
1613.413
1643.728
1671.409
1698.856
1728.540
1749.837
1760.036
1758.684
1735.761
1692.386
1643.932
1600.425
1566.799
1540.668
1521.427
1514.435
1514.800
1506.210
1488.058
1471.703
1457.423
1439.711
1422.560
1414.413
1418.370
1434.524
1461.253
1495.861
1532.935
1565.285
1589.076
1603.928
1610.289
1609.650
1603.997
1596.292
1589.484
1584.026
1579.308
1574.938
1570.795
1566.681
1562.414
1557.770
1553.077
1549.032
1546.694
1547.960
1555.105
1572.852
1607.860
1666.814
1756.424
1883.456
2053.939
2273.038
2545.006
2866.591
3229.473
3623.816
4030.988
4429.689
4796.769
5102.826
5317.819
5417.651
5391.168
5229.110
4934.603
4532.557
4049.548
3515.584
2965.089
2433.357
1947.515
1520.724
1164.441
884.465
672.378
517.586
409.673
338.512
294.113
266.929
251.251
243.191
238.946
236.229
234.319
232.585
230.554
228.247
225.737
223.131
220.580
218.264
216.377
215.163
215.005
216.295
219.466
225.270
234.680
248.651
268.227
294.653
329.222
373.219
427.148
490.593
563.023
643.803
730.365
818.892
905.599
986.597
1057.822
1115.033
1154.077
1171.517
1167.462
1142.798
1098.523
1036.216
959.554
872.790
780.096
685.474
591.941
502.350
419.504
345.830
281.661
226.692
180.641
143.147
113.367
90.230
72.660
59.600
50.251
44.061
40.488
38.985
39.156
40.898
44.144
48.828
54.887
62.304
71.071
81.182
92.626
105.288
118.898
133.185
147.871
162.672
177.170
190.897
203.424
214.280
223.086
229.577
233.522
234.660
232.765
227.925
220.425
210.580
198.692
185.100
170.205
154.483
138.405
122.424
106.960
92.244
78.468
65.817
54.478
44.577
36.048
28.787
22.691
17.661
13.588
10.350
7.823
5.882
4.404
3.276
2.436
1.830
1.404
1.107
0.890
0.731
0.620
0.546
0.497
0.462
0.437
0.419
0.405
0.396
0.388
0.380
0.373
0.366
0.360
0.354
0.349
0.344
0.339
0.335
0.331
0.327
0.324
0.320
0.316
0.312
0.309
0.305
0.302
0.299
0.296
0.294
0.292
0.291
0.292
0.294
0.298
0.306
0.317
0.332
0.352
0.377
0.408
0.445
0.489
0.540
0.598
0.664
0.738
0.820
0.909
1.005
1.107
1.213
1.321
1.430
1.538
1.644
1.744
1.837
1.919
1.990
2.045
2.085
2.108
2.116
2.106
2.079
2.034
1.974
1.898
1.811
1.714
1.608
1.497
1.382
1.264
1.147
1.031
0.920
0.813
0.714
0.623
0.539
0.462
0.394
0.333
0.279
0.234
0.195
0.162
0.135
0.113
0.095
0.081
0.070
0.063
0.058
0.055
0.055
0.056
0.058
0.062
0.067
0.074
0.082
0.090
0.100
0.111
0.122
0.134
0.147
0.160
0.173
0.187
0.200
0.213
0.226
0.238
0.249
0.259
0.267
0.274
0.279
0.283
0.285
0.285
0.283
0.279
0.274
0.266
0.258
0.248
0.237
0.225
0.212
0.198
0.185
0.171
0.157
0.143
0.129
0.117
0.104
0.093
0.082
0.072
0.063
0.054
0.047
0.040
0.034
0.029
0.025
0.021
0.017
0.014
0.012
0.010
0.008
0.007
0.005
0.004
0.004
0.003
0.002
0.002
0.002
0.001
0.001
0.001
0.001
0.001
0.001
0.001
0.001
0.000
0.000
0.000
0.000
0.000
0.000
0.000
0.000
0.000
0.000
0.000
0.000
0.000
0.000
0.000
0.000
0.000
0.000
0.000
0.000
0.000
0.000
0.000
0.000
0.000
0.001
0.001
0.001
0.001
0.001
0.001
0.001
0.001
0.001
0.001
0.001
0.002
0.002
0.002
0.002
0.002
0.002
0.003
0.003
0.003
0.003
0.003
0.003
0.004
0.004
0.004
0.004
0.004
0.004
0.004
0.004
0.004
0.004
0.004
0.004
0.004
0.004
0.004
0.004
0.004
0.004
0.004
0.003
0.003
0.003
0.003
0.003
0.003
0.002
0.002
0.002
0.002
0.002
0.002
0.001
0.001
0.001
0.001
0.001
0.001
0.001
0.001
0.001
0.000
0.000
0.000
0.000
0.000
0.000
0.000
0.000
0.000
0.000
0.000
0.000
0.000
0.000
0.000
0.000
0.000
0.000
0.000
0.000
0.000
0.000
0.000
0.000
0.000
0.000
0.000
0.000
0.000
0.000
0.000
0.000
-0.000
-0.000
-0.000
-0.000
-0.000
-0.000
-0.000
-0.000
-0.000
0.000
0.000
0.000
0.000
0.000
0.000
0.000
0.000
0.000
-0.000
-0.000
-0.000
-0.000
-0.000
-0.000
-0.000
-0.000
-0.000
0.000
0.000
0.000
0.000
0.000
0.000
0
0
0
0
0
0
0
0
0
0
0
0
0
0
0
0
0
0
0
0
0
0
0
0
0
0
0
0
0
0
0
0
0
0
0
0
0
0
0
0
0
0
0
0
0
0
0
0
0
0
0
0
0
0
0
0
0
0
0
0
0
0
0
0
0
0
0
0
0
0
0
0
0
0
0
0
0
0
0
0
0
0
0
0
0
0
0
0
0
0
0
0
0
0
0
0
0
0
0
0
0
0
0
0
0
0
0
0
0
0
0
0
0
0
0
0
0
0
0
0
0
0
0
0
0
0
0
0
0
0
0
0
0
0
0
0
0
0
0
0
0
0
0
0
0
0
0
0
0
0
0
0
0
0
0
0
0
0
0
0
0
0
0
0
0
0
0
0
0
0
0
0
0
0
0
0
0
0
0
0
0
0
0
0
0
0
0
0
0
0
0
0
0
0
0
0
0
0
0
0
0
0
0
0
0
0
0
0
0
0
0
0
0
0
0
0
0
0
0
0
0
0
0
0
0
0
0
0
0
0
0
0
0
0
0
0
0
0
0
0
0
0
0
0
0
0
0
0
0
0
0
0
0
0
0
0
0
0
0
0
0
0
0
0
0
0
0
0
0
0
0
0
0
0
0
0
0
0
0
0
0
0
0
0
0
0
0
0
0
0
0
0
0
0
0
0
0
0
0
0
0
0
0
0
0
0
0
0
0
0
0
0
0
0
0
0
0
0
0
0
0
0
0
0
0
0
0
0
0
0
0
0
0
0
0
0
0
0
0
0
0
0
0
0
0
0
0
0
0
0
0
0
0
0
0
0
0
0
0
0
0
0
0
0
0
0
0
0
0
0
0
0
0
0
0
0
0
0
0
0
0
0
0
0
0
0
0
0
0
0
0
0
0
0
0
0
0
0
0
0
0
0
0
0
0
0
0
0
0
0
0
0
0
0
0
0
0
0
0
0
0
0
0
0
0
0
0
0
0
0
0
0
0
0
0
0
0
0
0
0
0
0
0
0
0
0
0
0
0
0
0
0
0
0
0
0
0
0
0
0
0
0
0
0
0
0
0
0
0
0
0
0
0
0
0
0
0
0
0
0
0
0
0
0
0
0
0
0
0
0
0
0
0
0
0
0
0
0
0
0
0
0
0
0
0
0
0
0
0
0
0
0
0
0
0
0
0
0
0
0
0
0
0
0
0
0
0
0
0
0
0
0
0
0
0
0
0
0
0
0
0
0
0
0
0
0
0
0
0
0
0
0
0
0
0
0
0
0
0
0
0
0
0
0
0
0
0
0
0
0
0
0
0
0
0
0
0
0
0
0
0
0
0
0
0
0
0
0
0
0
0
0
0
0
0
0
0
0
0
0
0
0
0
0
0
0
0
0
0
0
0
0
0
0
0
0
0
0
0
0
0
0
0
0
0
0
0
0
0
$MCA_CAL:
3
-1.4656616 2.9313233 0.00000000000000
$ENER_FIT:
-1.4656616 2.9313233 0.00000000000000
$MCA_CAL_DATA:
3
298 872
597 1749
896 2625
$CAMBIO:
Parent file specification: C:\GADRAS-DRF\Temp\parallelGUI2\192IR_100.0_50.0_iron_1.53_9.0.pcf
Successful read of spectrum: Yes
Error message: None
Warning: None
Information: None
Neutrons: 0
Number of spectral records in the parent file: 1
Record number of this spectrum in the parent file: 1
Date and time of acquisition read successfully from the original file: Yes
Live time read successfully from the original file: Yes
True time read successfully from the original file: Yes
GADRAS Tag character is:  
Version: 130122
Parent file type: Sandia GADRAS PCF
