$SPEC_ID:
192IR,1uC{13,4.18}
$MEAS_TIM:
3600.00 3600.00
$DATE_MEA:
3/9/2018 5:22:25 PM
$DATA:
0 1193
1014.697
959.406
895.960
1192.838
986.241
824.402
692.405
601.596
545.271
510.902
499.693
497.407
496.930
493.249
487.527
494.435
510.469
534.407
570.022
627.993
712.488
787.452
808.323
768.016
733.750
728.384
728.061
725.794
688.011
654.525
625.557
616.505
615.529
612.404
612.397
613.870
614.817
614.100
611.597
607.844
604.586
605.061
604.861
607.979
618.511
636.236
661.755
682.789
692.080
689.981
671.257
642.806
614.564
587.837
564.627
545.486
527.459
509.814
493.986
482.976
473.599
460.009
445.504
433.562
424.151
418.162
416.947
419.772
424.935
430.092
433.503
434.410
432.626
428.374
421.809
413.198
404.191
396.639
390.247
384.144
378.385
373.247
368.771
364.881
361.382
358.061
354.870
351.830
349.074
346.814
345.907
347.704
353.649
365.310
384.210
411.786
449.217
496.641
553.736
618.934
689.737
763.036
834.742
899.943
950.537
977.552
975.561
942.468
878.163
788.821
681.881
566.357
452.399
349.004
260.666
190.828
139.715
104.121
80.708
66.408
58.272
53.847
51.827
51.078
50.878
50.921
50.939
50.839
50.612
50.256
49.781
49.204
48.547
47.872
47.244
46.701
46.234
45.826
45.472
45.180
44.964
44.876
45.034
45.561
46.672
48.710
52.031
57.018
64.087
73.662
85.986
100.893
118.157
137.343
157.286
176.640
194.083
208.359
218.259
222.611
221.150
214.293
202.507
186.539
167.623
147.061
126.081
105.624
86.539
69.653
55.282
43.305
33.582
25.934
20.073
15.685
12.462
10.160
8.577
7.515
6.803
6.366
6.146
6.086
6.163
6.390
6.780
7.348
8.122
9.133
10.414
11.990
13.870
16.061
18.566
21.356
24.353
27.480
30.653
33.764
36.694
39.313
41.501
43.156
44.192
44.519
44.066
42.873
41.021
38.593
35.677
32.404
28.910
25.337
21.821
18.449
15.299
12.443
9.951
7.825
6.043
4.579
3.411
2.502
1.811
1.298
0.921
0.649
0.461
0.335
0.252
0.194
0.155
0.131
0.116
0.106
0.098
0.093
0.090
0.087
0.085
0.084
0.082
0.080
0.079
0.077
0.075
0.074
0.072
0.071
0.070
0.069
0.068
0.068
0.067
0.067
0.066
0.066
0.066
0.065
0.064
0.064
0.063
0.062
0.062
0.061
0.060
0.059
0.057
0.056
0.056
0.055
0.054
0.054
0.054
0.054
0.055
0.057
0.060
0.064
0.069
0.075
0.082
0.092
0.103
0.117
0.133
0.151
0.171
0.193
0.217
0.243
0.269
0.295
0.321
0.346
0.368
0.388
0.404
0.416
0.423
0.425
0.422
0.414
0.401
0.385
0.364
0.341
0.315
0.287
0.259
0.231
0.204
0.177
0.153
0.130
0.109
0.091
0.075
0.061
0.049
0.040
0.032
0.025
0.020
0.016
0.013
0.011
0.009
0.007
0.007
0.006
0.006
0.006
0.006
0.006
0.006
0.007
0.007
0.008
0.009
0.010
0.012
0.014
0.016
0.018
0.020
0.023
0.026
0.029
0.032
0.035
0.038
0.042
0.045
0.048
0.050
0.053
0.055
0.056
0.057
0.058
0.058
0.057
0.056
0.055
0.053
0.050
0.047
0.044
0.041
0.038
0.034
0.031
0.028
0.025
0.022
0.019
0.016
0.014
0.012
0.010
0.008
0.007
0.006
0.005
0.004
0.003
0.002
0.002
0.002
0.001
0.001
0.001
0.001
0.000
0.000
0.000
0.000
0.000
0.000
0.000
0.000
0.000
0.000
0.000
0.000
0.000
0.000
0.000
0.000
0.000
0.000
0.000
0.000
0.000
0.000
0.000
0.000
0.000
0.000
0.000
0.000
0.000
0.000
0.000
0.000
0.000
0.000
0.000
0.000
0.000
0.000
0.000
0.000
0.000
0.000
0.000
0.000
0.000
0.000
0.000
0.000
0.000
0.000
0.000
0.000
0.000
0.000
0.000
0.000
0.000
0.000
0.000
0.000
0.000
0.000
0.001
0.001
0.001
0.001
0.001
0.001
0.001
0.001
0.001
0.001
0.001
0.001
0.001
0.001
0.001
0.001
0.001
0.001
0.001
0.001
0.001
0.001
0.001
0.001
0.001
0.001
0.000
0.000
0.000
0.000
0.000
0.000
0.000
0.000
0.000
0.000
0.000
0.000
0.000
0.000
0.000
0.000
0.000
0.000
0.000
0.000
0.000
0.000
0.000
0.000
0.000
0.000
0.000
0.000
0.000
0.000
0.000
0.000
0.000
0.000
0.000
0.000
0.000
0.000
0.000
0.000
0.000
0.000
0.000
0.000
-0.000
-0.000
-0.000
-0.000
-0.000
-0.000
-0.000
-0.000
0.000
0.000
0.000
0.000
0.000
0.000
0.000
0.000
0.000
0.000
0.000
0.000
0
0
0
0
0
0
0
0
0
0
0
0
0
0
0
0
0
0
0
0
0
0
0
0
0
0
0
0
0
0
0
0
0
0
0
0
0
0
0
0
0
0
0
0
0
0
0
0
0
0
0
0
0
0
0
0
0
0
0
0
0
0
0
0
0
0
0
0
0
0
0
0
0
0
0
0
0
0
0
0
0
0
0
0
0
0
0
0
0
0
0
0
0
0
0
0
0
0
0
0
0
0
0
0
0
0
0
0
0
0
0
0
0
0
0
0
0
0
0
0
0
0
0
0
0
0
0
0
0
0
0
0
0
0
0
0
0
0
0
0
0
0
0
0
0
0
0
0
0
0
0
0
0
0
0
0
0
0
0
0
0
0
0
0
0
0
0
0
0
0
0
0
0
0
0
0
0
0
0
0
0
0
0
0
0
0
0
0
0
0
0
0
0
0
0
0
0
0
0
0
0
0
0
0
0
0
0
0
0
0
0
0
0
0
0
0
0
0
0
0
0
0
0
0
0
0
0
0
0
0
0
0
0
0
0
0
0
0
0
0
0
0
0
0
0
0
0
0
0
0
0
0
0
0
0
0
0
0
0
0
0
0
0
0
0
0
0
0
0
0
0
0
0
0
0
0
0
0
0
0
0
0
0
0
0
0
0
0
0
0
0
0
0
0
0
0
0
0
0
0
0
0
0
0
0
0
0
0
0
0
0
0
0
0
0
0
0
0
0
0
0
0
0
0
0
0
0
0
0
0
0
0
0
0
0
0
0
0
0
0
0
0
0
0
0
0
0
0
0
0
0
0
0
0
0
0
0
0
0
0
0
0
0
0
0
0
0
0
0
0
0
0
0
0
0
0
0
0
0
0
0
0
0
0
0
0
0
0
0
0
0
0
0
0
0
0
0
0
0
0
0
0
0
0
0
0
0
0
0
0
0
0
0
0
0
0
0
0
0
0
0
0
0
0
0
0
0
0
0
0
0
0
0
0
0
0
0
0
0
0
0
0
0
0
0
0
0
0
0
0
0
0
0
0
0
0
0
0
0
0
0
0
0
0
0
0
0
0
0
0
0
0
0
0
0
0
0
0
0
0
0
0
0
0
0
0
0
0
0
0
0
0
0
0
0
0
0
0
0
0
0
0
0
0
0
0
0
0
0
0
0
0
0
0
0
0
0
0
0
0
0
0
0
0
0
0
0
0
0
0
0
0
0
0
0
0
0
0
0
0
0
0
0
0
0
0
0
0
0
0
0
0
0
0
0
0
0
0
0
0
0
0
0
0
0
0
0
0
0
0
0
0
0
0
0
0
0
0
0
0
0
0
0
0
0
0
0
0
0
0
0
0
0
0
0
0
0
0
0
0
0
0
0
0
0
0
0
0
0
0
0
0
0
0
0
0
0
0
0
0
0
0
0
0
0
0
0
0
0
0
0
0
0
0
0
0
0
0
0
0
0
0
0
0
0
0
0
$MCA_CAL:
3
-1.4656616 2.9313233 0.00000000000000
$ENER_FIT:
-1.4656616 2.9313233 0.00000000000000
$MCA_CAL_DATA:
3
298 872
597 1749
896 2625
$CAMBIO:
Parent file specification: C:\GADRAS-DRF\Temp\parallelGUI2\192IR_125.0_112.5_alum_4.18_7.5.pcf
Successful read of spectrum: Yes
Error message: None
Warning: None
Information: None
Neutrons: 0
Number of spectral records in the parent file: 1
Record number of this spectrum in the parent file: 1
Date and time of acquisition read successfully from the original file: Yes
Live time read successfully from the original file: Yes
True time read successfully from the original file: Yes
GADRAS Tag character is:  
Version: 130122
Parent file type: Sandia GADRAS PCF
