$SPEC_ID:
192IR,1uC{26,11.02}
$MEAS_TIM:
3600.00 3600.00
$DATE_MEA:
3/9/2018 5:22:25 PM
$DATA:
0 1193
293.616
275.161
252.894
457.835
388.385
320.403
267.786
233.508
215.420
205.560
201.146
197.443
193.787
189.863
184.681
180.277
176.488
175.582
177.941
182.117
191.706
203.298
211.227
210.152
210.000
213.133
215.574
215.753
204.631
194.745
188.379
187.057
187.835
187.785
188.400
189.593
190.484
190.938
187.673
183.622
179.663
176.161
172.794
170.185
170.114
173.351
179.329
187.235
193.159
198.769
200.042
196.419
190.842
184.862
179.762
175.400
171.314
167.603
164.485
161.873
159.554
157.050
154.280
151.021
146.333
141.492
137.800
135.734
135.563
136.637
138.033
139.292
139.805
139.104
137.069
133.417
128.643
124.470
120.797
116.964
113.351
110.112
107.114
104.241
101.426
98.662
95.922
93.179
90.452
87.763
85.131
82.637
80.459
79.084
79.019
80.321
82.969
87.047
92.414
98.628
105.504
113.113
121.229
129.350
136.559
141.594
142.419
136.984
125.483
109.175
90.144
70.764
53.118
38.985
28.657
21.732
17.491
15.067
13.785
13.116
12.736
12.509
12.350
12.228
12.117
11.991
11.829
11.646
11.457
11.262
11.052
10.830
10.611
10.408
10.231
10.085
9.966
9.866
9.776
9.684
9.584
9.472
9.350
9.220
9.084
8.971
8.940
9.060
9.434
10.177
11.392
13.176
15.600
18.626
22.177
26.011
29.664
32.670
34.713
35.538
35.013
33.274
30.505
26.985
23.074
19.122
15.380
12.069
9.334
7.143
5.438
4.153
3.212
2.542
2.080
1.772
1.566
1.433
1.349
1.295
1.260
1.238
1.223
1.214
1.210
1.214
1.228
1.257
1.307
1.385
1.499
1.657
1.868
2.143
2.485
2.891
3.357
3.872
4.421
4.986
5.546
6.072
6.533
6.901
7.145
7.234
7.147
6.896
6.497
5.970
5.347
4.667
3.966
3.278
2.631
2.055
1.565
1.158
0.833
0.585
0.402
0.271
0.180
0.119
0.080
0.056
0.041
0.032
0.027
0.023
0.021
0.020
0.020
0.019
0.019
0.018
0.018
0.018
0.018
0.017
0.017
0.017
0.016
0.016
0.016
0.015
0.015
0.015
0.014
0.014
0.014
0.014
0.014
0.014
0.014
0.014
0.014
0.014
0.014
0.014
0.013
0.013
0.013
0.013
0.013
0.013
0.013
0.012
0.012
0.012
0.012
0.011
0.011
0.011
0.011
0.011
0.011
0.011
0.011
0.011
0.011
0.011
0.012
0.012
0.013
0.015
0.017
0.019
0.022
0.026
0.030
0.035
0.040
0.046
0.051
0.057
0.063
0.068
0.073
0.076
0.078
0.078
0.078
0.076
0.072
0.067
0.062
0.056
0.050
0.043
0.037
0.031
0.025
0.020
0.016
0.013
0.010
0.008
0.006
0.004
0.003
0.003
0.002
0.002
0.001
0.001
0.001
0.001
0.001
0.001
0.001
0.001
0.001
0.001
0.001
0.001
0.001
0.001
0.001
0.001
0.001
0.001
0.001
0.002
0.002
0.002
0.002
0.003
0.003
0.004
0.005
0.005
0.006
0.007
0.007
0.008
0.009
0.010
0.010
0.011
0.011
0.011
0.011
0.011
0.011
0.010
0.009
0.009
0.008
0.007
0.006
0.006
0.005
0.004
0.004
0.003
0.002
0.002
0.002
0.001
0.001
0.001
0.001
0.000
0.000
0.000
0.000
0.000
0.000
0.000
0.000
0.000
0.000
0.000
0.000
0.000
0.000
0.000
0.000
0.000
0.000
0.000
0.000
0.000
0.000
0.000
0.000
0.000
0.000
0.000
0.000
0.000
0.000
0.000
0.000
0.000
0.000
0.000
0.000
0.000
0.000
0.000
0.000
0.000
0.000
0.000
0.000
0.000
0.000
0.000
0.000
0.000
0.000
0.000
0.000
0.000
0.000
0.000
0.000
0.000
0.000
0.000
0.000
0.000
0.000
0.000
0.000
0.000
0.000
0.000
0.000
0.000
0.000
0.000
0.000
0.000
0.000
0.000
0.000
0.000
0.000
0.000
0.000
0.000
0.000
0.000
0.000
0.000
0.000
0.000
0.000
0.000
0.000
0.000
0.000
0.000
0.000
0.000
0.000
0.000
0.000
0.000
0.000
0.000
0.000
0.000
0.000
0.000
0.000
0.000
0.000
0.000
0.000
0.000
0.000
0.000
0.000
0.000
0.000
0.000
0.000
0.000
0.000
0.000
0.000
0.000
0.000
0.000
0.000
0.000
0.000
0.000
0.000
0.000
-0.000
-0.000
-0.000
-0.000
-0.000
-0.000
0.000
0.000
0.000
0.000
0.000
0.000
-0.000
-0.000
-0.000
-0.000
-0.000
-0.000
0.000
0.000
0.000
0.000
0.000
0.000
0.000
0.000
0.000
0
0
0
0
0
0
0
0
0
0
0
0
0
0
0
0
0
0
0
0
0
0
0
0
0
0
0
0
0
0
0
0
0
0
0
0
0
0
0
0
0
0
0
0
0
0
0
0
0
0
0
0
0
0
0
0
0
0
0
0
0
0
0
0
0
0
0
0
0
0
0
0
0
0
0
0
0
0
0
0
0
0
0
0
0
0
0
0
0
0
0
0
0
0
0
0
0
0
0
0
0
0
0
0
0
0
0
0
0
0
0
0
0
0
0
0
0
0
0
0
0
0
0
0
0
0
0
0
0
0
0
0
0
0
0
0
0
0
0
0
0
0
0
0
0
0
0
0
0
0
0
0
0
0
0
0
0
0
0
0
0
0
0
0
0
0
0
0
0
0
0
0
0
0
0
0
0
0
0
0
0
0
0
0
0
0
0
0
0
0
0
0
0
0
0
0
0
0
0
0
0
0
0
0
0
0
0
0
0
0
0
0
0
0
0
0
0
0
0
0
0
0
0
0
0
0
0
0
0
0
0
0
0
0
0
0
0
0
0
0
0
0
0
0
0
0
0
0
0
0
0
0
0
0
0
0
0
0
0
0
0
0
0
0
0
0
0
0
0
0
0
0
0
0
0
0
0
0
0
0
0
0
0
0
0
0
0
0
0
0
0
0
0
0
0
0
0
0
0
0
0
0
0
0
0
0
0
0
0
0
0
0
0
0
0
0
0
0
0
0
0
0
0
0
0
0
0
0
0
0
0
0
0
0
0
0
0
0
0
0
0
0
0
0
0
0
0
0
0
0
0
0
0
0
0
0
0
0
0
0
0
0
0
0
0
0
0
0
0
0
0
0
0
0
0
0
0
0
0
0
0
0
0
0
0
0
0
0
0
0
0
0
0
0
0
0
0
0
0
0
0
0
0
0
0
0
0
0
0
0
0
0
0
0
0
0
0
0
0
0
0
0
0
0
0
0
0
0
0
0
0
0
0
0
0
0
0
0
0
0
0
0
0
0
0
0
0
0
0
0
0
0
0
0
0
0
0
0
0
0
0
0
0
0
0
0
0
0
0
0
0
0
0
0
0
0
0
0
0
0
0
0
0
0
0
0
0
0
0
0
0
0
0
0
0
0
0
0
0
0
0
0
0
0
0
0
0
0
0
0
0
0
0
0
0
0
0
0
0
0
0
0
0
0
0
0
0
0
0
0
0
0
0
0
0
0
0
0
0
0
0
0
0
0
0
0
0
0
0
0
0
0
0
0
0
0
0
0
0
0
0
0
0
0
0
0
0
0
0
0
0
0
0
0
0
0
0
0
0
0
0
0
0
0
0
0
0
0
0
0
0
0
0
0
0
0
0
0
0
0
0
0
0
0
0
0
0
0
0
0
0
0
0
0
0
0
0
0
0
0
0
0
0
0
0
0
0
0
0
0
0
0
0
0
0
0
0
0
0
0
0
0
0
0
0
0
0
0
0
0
0
0
0
$MCA_CAL:
3
-1.4656616 2.9313233 0.00000000000000
$ENER_FIT:
-1.4656616 2.9313233 0.00000000000000
$MCA_CAL_DATA:
3
298 872
597 1749
896 2625
$CAMBIO:
Parent file specification: C:\GADRAS-DRF\Temp\parallelGUI2\192IR_50.0_237.5_iron_11.02_6.0.pcf
Successful read of spectrum: Yes
Error message: None
Warning: None
Information: None
Neutrons: 0
Number of spectral records in the parent file: 1
Record number of this spectrum in the parent file: 1
Date and time of acquisition read successfully from the original file: Yes
Live time read successfully from the original file: Yes
True time read successfully from the original file: Yes
GADRAS Tag character is:  
Version: 130122
Parent file type: Sandia GADRAS PCF
