$SPEC_ID:
192IR,1uC{26,1.53}
$MEAS_TIM:
3600.00 3600.00
$DATE_MEA:
3/9/2018 5:22:25 PM
$DATA:
0 1193
547.753
519.408
483.237
505.586
425.503
351.902
291.993
252.232
229.489
218.154
215.188
214.119
213.425
211.512
207.149
204.983
203.325
202.601
203.591
206.285
215.049
224.926
231.454
232.276
234.457
242.522
246.625
244.643
228.582
210.428
193.741
185.118
180.283
179.520
179.507
180.758
181.381
181.567
180.152
177.834
176.052
175.473
175.002
176.221
181.529
187.413
198.301
210.270
220.191
228.701
231.213
227.447
219.503
209.860
200.508
191.542
182.759
174.722
167.571
161.385
156.064
150.243
143.893
138.813
134.496
130.420
127.825
128.304
132.790
139.310
145.997
152.184
157.119
160.007
160.535
158.739
155.181
150.427
144.949
139.219
133.692
128.538
123.761
119.291
115.042
110.953
106.988
103.162
99.515
96.125
93.106
90.677
89.111
88.828
90.263
93.647
99.102
106.590
115.962
126.936
139.106
151.957
164.848
176.858
186.496
192.166
192.219
185.151
171.280
152.146
129.559
105.748
82.827
62.377
45.755
33.258
24.357
18.449
14.783
12.610
11.407
10.778
10.416
10.202
10.046
9.900
9.741
9.552
9.336
9.097
8.841
8.577
8.312
8.058
7.826
7.625
7.451
7.300
7.166
7.042
6.922
6.813
6.728
6.687
6.734
6.923
7.315
8.003
9.090
10.662
12.767
15.448
18.693
22.360
26.293
30.274
33.964
37.004
39.107
40.139
39.991
38.629
36.241
33.046
29.275
25.207
21.130
17.305
13.852
10.843
8.343
6.337
4.765
3.565
2.677
2.039
1.587
1.271
1.058
0.920
0.829
0.774
0.747
0.740
0.751
0.783
0.837
0.918
1.032
1.187
1.391
1.648
1.965
2.346
2.793
3.297
3.850
4.442
5.055
5.665
6.248
6.779
7.233
7.584
7.806
7.884
7.820
7.611
7.262
6.791
6.228
5.600
4.934
4.257
3.596
2.975
2.413
1.916
1.486
1.130
0.843
0.617
0.443
0.313
0.217
0.150
0.104
0.072
0.050
0.037
0.028
0.023
0.019
0.017
0.016
0.015
0.014
0.014
0.013
0.013
0.013
0.012
0.012
0.012
0.011
0.011
0.011
0.011
0.010
0.010
0.010
0.010
0.010
0.009
0.009
0.009
0.009
0.009
0.009
0.009
0.009
0.009
0.009
0.009
0.009
0.008
0.008
0.008
0.008
0.008
0.007
0.007
0.007
0.007
0.007
0.007
0.007
0.007
0.008
0.008
0.009
0.009
0.011
0.012
0.014
0.016
0.018
0.022
0.025
0.029
0.033
0.038
0.043
0.048
0.053
0.058
0.062
0.066
0.070
0.072
0.074
0.074
0.074
0.072
0.070
0.067
0.063
0.058
0.053
0.048
0.042
0.037
0.032
0.027
0.023
0.019
0.016
0.013
0.010
0.008
0.006
0.005
0.004
0.003
0.002
0.002
0.001
0.001
0.001
0.001
0.001
0.001
0.001
0.001
0.001
0.001
0.001
0.001
0.001
0.001
0.001
0.001
0.002
0.002
0.002
0.002
0.003
0.003
0.004
0.004
0.005
0.006
0.006
0.007
0.007
0.008
0.009
0.009
0.009
0.010
0.010
0.010
0.010
0.010
0.010
0.009
0.009
0.009
0.008
0.007
0.007
0.006
0.006
0.005
0.004
0.004
0.003
0.003
0.002
0.002
0.002
0.001
0.001
0.001
0.001
0.001
0.000
0.000
0.000
0.000
0.000
0.000
0.000
0.000
0.000
0.000
0.000
0.000
0.000
0.000
0.000
0.000
0.000
0.000
0.000
0.000
0.000
0.000
0.000
0.000
0.000
0.000
0.000
0.000
0.000
0.000
0.000
0.000
0.000
0.000
0.000
0.000
0.000
0.000
0.000
0.000
0.000
0.000
0.000
0.000
0.000
0.000
0.000
0.000
0.000
0.000
0.000
0.000
0.000
0.000
0.000
0.000
0.000
0.000
0.000
0.000
0.000
0.000
0.000
0.000
0.000
0.000
0.000
0.000
0.000
0.000
0.000
0.000
0.000
0.000
0.000
0.000
0.000
0.000
0.000
0.000
0.000
0.000
0.000
0.000
0.000
0.000
0.000
0.000
0.000
0.000
0.000
0.000
0.000
0.000
0.000
0.000
0.000
0.000
0.000
0.000
0.000
0.000
0.000
0.000
0.000
0.000
0.000
0.000
0.000
0.000
0.000
0.000
0.000
0.000
0.000
0.000
0.000
0.000
0.000
0.000
0.000
0.000
0.000
0.000
0.000
0.000
0.000
0.000
0.000
0.000
0.000
0.000
0.000
0.000
0.000
0.000
0.000
0.000
-0.000
-0.000
-0.000
-0.000
-0.000
-0.000
-0.000
0.000
0.000
0.000
0.000
0.000
0.000
0.000
0.000
0.000
0.000
0.000
0
0
0
0
0
0
0
0
0
0
0
0
0
0
0
0
0
0
0
0
0
0
0
0
0
0
0
0
0
0
0
0
0
0
0
0
0
0
0
0
0
0
0
0
0
0
0
0
0
0
0
0
0
0
0
0
0
0
0
0
0
0
0
0
0
0
0
0
0
0
0
0
0
0
0
0
0
0
0
0
0
0
0
0
0
0
0
0
0
0
0
0
0
0
0
0
0
0
0
0
0
0
0
0
0
0
0
0
0
0
0
0
0
0
0
0
0
0
0
0
0
0
0
0
0
0
0
0
0
0
0
0
0
0
0
0
0
0
0
0
0
0
0
0
0
0
0
0
0
0
0
0
0
0
0
0
0
0
0
0
0
0
0
0
0
0
0
0
0
0
0
0
0
0
0
0
0
0
0
0
0
0
0
0
0
0
0
0
0
0
0
0
0
0
0
0
0
0
0
0
0
0
0
0
0
0
0
0
0
0
0
0
0
0
0
0
0
0
0
0
0
0
0
0
0
0
0
0
0
0
0
0
0
0
0
0
0
0
0
0
0
0
0
0
0
0
0
0
0
0
0
0
0
0
0
0
0
0
0
0
0
0
0
0
0
0
0
0
0
0
0
0
0
0
0
0
0
0
0
0
0
0
0
0
0
0
0
0
0
0
0
0
0
0
0
0
0
0
0
0
0
0
0
0
0
0
0
0
0
0
0
0
0
0
0
0
0
0
0
0
0
0
0
0
0
0
0
0
0
0
0
0
0
0
0
0
0
0
0
0
0
0
0
0
0
0
0
0
0
0
0
0
0
0
0
0
0
0
0
0
0
0
0
0
0
0
0
0
0
0
0
0
0
0
0
0
0
0
0
0
0
0
0
0
0
0
0
0
0
0
0
0
0
0
0
0
0
0
0
0
0
0
0
0
0
0
0
0
0
0
0
0
0
0
0
0
0
0
0
0
0
0
0
0
0
0
0
0
0
0
0
0
0
0
0
0
0
0
0
0
0
0
0
0
0
0
0
0
0
0
0
0
0
0
0
0
0
0
0
0
0
0
0
0
0
0
0
0
0
0
0
0
0
0
0
0
0
0
0
0
0
0
0
0
0
0
0
0
0
0
0
0
0
0
0
0
0
0
0
0
0
0
0
0
0
0
0
0
0
0
0
0
0
0
0
0
0
0
0
0
0
0
0
0
0
0
0
0
0
0
0
0
0
0
0
0
0
0
0
0
0
0
0
0
0
0
0
0
0
0
0
0
0
0
0
0
0
0
0
0
0
0
0
0
0
0
0
0
0
0
0
0
0
0
0
0
0
0
0
0
0
0
0
0
0
0
0
0
0
0
0
0
0
0
0
0
0
0
0
0
0
0
0
0
0
0
0
0
0
0
0
0
0
0
0
0
0
0
0
0
0
0
0
0
0
0
0
0
0
0
0
0
0
0
0
0
0
0
0
0
0
0
0
0
0
0
0
0
0
0
0
0
$MCA_CAL:
3
-1.4656616 2.9313233 0.00000000000000
$ENER_FIT:
-1.4656616 2.9313233 0.00000000000000
$MCA_CAL_DATA:
3
298 872
597 1749
896 2625
$CAMBIO:
Parent file specification: C:\GADRAS-DRF\Temp\parallelGUI2\192IR_50.0_300.0_iron_1.53_7.0.pcf
Successful read of spectrum: Yes
Error message: None
Warning: None
Information: None
Neutrons: 0
Number of spectral records in the parent file: 1
Record number of this spectrum in the parent file: 1
Date and time of acquisition read successfully from the original file: Yes
Live time read successfully from the original file: Yes
True time read successfully from the original file: Yes
GADRAS Tag character is:  
Version: 130122
Parent file type: Sandia GADRAS PCF
