$SPEC_ID:
192IR,1uC{82,0.51}
$MEAS_TIM:
3600.00 3600.00
$DATE_MEA:
3/9/2018 5:22:25 PM
$DATA:
0 1193
688.762
655.206
613.363
559.092
480.420
401.243
334.226
289.909
262.670
249.457
246.290
246.137
246.192
244.350
238.665
235.355
231.561
228.621
227.956
229.459
236.595
247.008
256.239
264.778
273.809
284.338
288.032
285.444
270.795
249.775
231.050
216.789
209.088
207.229
207.319
208.384
209.614
210.553
211.091
210.656
210.831
211.993
213.879
219.660
228.089
237.471
251.173
264.441
271.832
278.136
281.920
277.565
267.561
255.475
243.074
231.013
219.306
208.038
197.672
189.571
183.332
175.782
166.411
157.606
150.998
147.476
147.186
149.797
154.598
160.672
167.125
173.085
177.824
180.723
181.416
179.762
175.962
170.642
164.389
157.616
150.698
143.909
137.499
131.579
126.182
121.326
117.004
113.227
110.090
107.709
106.289
106.103
107.435
110.609
115.944
123.642
133.792
146.396
161.074
177.361
194.552
211.635
227.558
240.967
250.374
254.421
252.378
243.678
228.367
207.798
183.470
157.026
130.255
104.950
82.276
62.848
47.213
35.301
26.565
20.445
16.395
13.868
12.334
11.436
10.960
10.699
10.528
10.403
10.285
10.151
10.000
9.835
9.659
9.481
9.310
9.153
9.017
8.909
8.835
8.811
8.862
9.012
9.296
9.776
10.515
11.578
13.033
14.949
17.397
20.405
23.925
27.902
32.269
36.850
41.412
45.715
49.530
52.640
54.833
55.901
55.763
54.497
52.192
48.946
44.948
40.447
35.689
30.912
26.274
21.910
17.949
14.499
11.555
9.092
7.083
5.492
4.264
3.337
2.651
2.152
1.808
1.591
1.470
1.424
1.446
1.533
1.683
1.895
2.170
2.512
2.924
3.406
3.957
4.571
5.241
5.962
6.717
7.487
8.247
8.973
9.644
10.235
10.724
11.088
11.304
11.368
11.281
11.046
10.664
10.147
9.518
8.804
8.030
7.222
6.402
5.592
4.810
4.079
3.413
2.815
2.287
1.829
1.442
1.123
0.863
0.656
0.492
0.365
0.268
0.196
0.144
0.106
0.079
0.059
0.046
0.037
0.031
0.027
0.024
0.022
0.021
0.020
0.019
0.018
0.018
0.017
0.017
0.017
0.016
0.016
0.016
0.015
0.015
0.015
0.015
0.015
0.014
0.014
0.014
0.014
0.014
0.014
0.013
0.013
0.013
0.013
0.013
0.012
0.012
0.012
0.012
0.012
0.012
0.012
0.013
0.013
0.014
0.015
0.016
0.018
0.020
0.022
0.025
0.028
0.031
0.035
0.040
0.044
0.049
0.055
0.061
0.066
0.072
0.078
0.083
0.088
0.093
0.097
0.100
0.102
0.104
0.104
0.104
0.102
0.100
0.096
0.092
0.088
0.082
0.077
0.071
0.065
0.059
0.053
0.047
0.041
0.036
0.031
0.026
0.022
0.019
0.016
0.013
0.011
0.009
0.007
0.006
0.005
0.004
0.003
0.003
0.002
0.002
0.002
0.002
0.002
0.002
0.002
0.002
0.003
0.003
0.003
0.004
0.004
0.005
0.005
0.006
0.007
0.007
0.008
0.009
0.009
0.010
0.011
0.011
0.012
0.013
0.013
0.013
0.014
0.014
0.014
0.014
0.014
0.014
0.013
0.013
0.013
0.012
0.011
0.011
0.010
0.009
0.009
0.008
0.007
0.006
0.006
0.005
0.005
0.004
0.004
0.003
0.003
0.002
0.002
0.002
0.001
0.001
0.001
0.001
0.001
0.001
0.000
0.000
0.000
0.000
0.000
0.000
0.000
0.000
0.000
0.000
0.000
0.000
0.000
0.000
0.000
0.000
0.000
0.000
0.000
0.000
0.000
0.000
0.000
0.000
0.000
0.000
0.000
0.000
0.000
0.000
0.000
0.000
0.000
0.000
0.000
0.000
0.000
0.000
0.000
0.000
0.000
0.000
0.000
0.000
0.000
0.000
0.000
0.000
0.000
0.000
0.000
0.000
0.000
0.000
0.000
0.000
0.000
0.000
0.000
0.000
0.000
0.000
0.000
0.000
0.000
0.000
0.000
0.000
0.000
0.000
0.000
0.000
0.000
0.000
0.000
0.000
0.000
0.000
0.000
0.000
0.000
0.000
0.000
0.000
0.000
0.000
0.000
0.000
0.000
0.000
0.000
0.000
0.000
0.000
0.000
0.000
0.000
0.000
0.000
0.000
0.000
0.000
0.000
0.000
0.000
0.000
0.000
0.000
0.000
0.000
0.000
0.000
0.000
0.000
0.000
0.000
0.000
0.000
0.000
0.000
0.000
0.000
0.000
0.000
0.000
0.000
0.000
0.000
0.000
0.000
0.000
0.000
0.000
0.000
0.000
0.000
-0.000
-0.000
-0.000
-0.000
-0.000
-0.000
-0.000
-0.000
-0.000
0.000
0.000
0.000
0.000
0.000
0.000
0.000
0.000
-0.000
-0.000
-0.000
-0.000
-0.000
-0.000
-0.000
-0.000
-0.000
0.000
0.000
0.000
0.000
0.000
0
0
0
0
0
0
0
0
0
0
0
0
0
0
0
0
0
0
0
0
0
0
0
0
0
0
0
0
0
0
0
0
0
0
0
0
0
0
0
0
0
0
0
0
0
0
0
0
0
0
0
0
0
0
0
0
0
0
0
0
0
0
0
0
0
0
0
0
0
0
0
0
0
0
0
0
0
0
0
0
0
0
0
0
0
0
0
0
0
0
0
0
0
0
0
0
0
0
0
0
0
0
0
0
0
0
0
0
0
0
0
0
0
0
0
0
0
0
0
0
0
0
0
0
0
0
0
0
0
0
0
0
0
0
0
0
0
0
0
0
0
0
0
0
0
0
0
0
0
0
0
0
0
0
0
0
0
0
0
0
0
0
0
0
0
0
0
0
0
0
0
0
0
0
0
0
0
0
0
0
0
0
0
0
0
0
0
0
0
0
0
0
0
0
0
0
0
0
0
0
0
0
0
0
0
0
0
0
0
0
0
0
0
0
0
0
0
0
0
0
0
0
0
0
0
0
0
0
0
0
0
0
0
0
0
0
0
0
0
0
0
0
0
0
0
0
0
0
0
0
0
0
0
0
0
0
0
0
0
0
0
0
0
0
0
0
0
0
0
0
0
0
0
0
0
0
0
0
0
0
0
0
0
0
0
0
0
0
0
0
0
0
0
0
0
0
0
0
0
0
0
0
0
0
0
0
0
0
0
0
0
0
0
0
0
0
0
0
0
0
0
0
0
0
0
0
0
0
0
0
0
0
0
0
0
0
0
0
0
0
0
0
0
0
0
0
0
0
0
0
0
0
0
0
0
0
0
0
0
0
0
0
0
0
0
0
0
0
0
0
0
0
0
0
0
0
0
0
0
0
0
0
0
0
0
0
0
0
0
0
0
0
0
0
0
0
0
0
0
0
0
0
0
0
0
0
0
0
0
0
0
0
0
0
0
0
0
0
0
0
0
0
0
0
0
0
0
0
0
0
0
0
0
0
0
0
0
0
0
0
0
0
0
0
0
0
0
0
0
0
0
0
0
0
0
0
0
0
0
0
0
0
0
0
0
0
0
0
0
0
0
0
0
0
0
0
0
0
0
0
0
0
0
0
0
0
0
0
0
0
0
0
0
0
0
0
0
0
0
0
0
0
0
0
0
0
0
0
0
0
0
0
0
0
0
0
0
0
0
0
0
0
0
0
0
0
0
0
0
0
0
0
0
0
0
0
0
0
0
0
0
0
0
0
0
0
0
0
0
0
0
0
0
0
0
0
0
0
0
0
0
0
0
0
0
0
0
0
0
0
0
0
0
0
0
0
0
0
0
0
0
0
0
0
0
0
0
0
0
0
0
0
0
0
0
0
0
0
0
0
0
0
0
0
0
0
0
0
0
0
0
0
0
0
0
0
0
0
0
0
0
0
0
0
0
0
0
0
0
0
0
0
0
0
$MCA_CAL:
3
-1.4656616 2.9313233 0.00000000000000
$ENER_FIT:
-1.4656616 2.9313233 0.00000000000000
$MCA_CAL_DATA:
3
298 872
597 1749
896 2625
$CAMBIO:
Parent file specification: C:\GADRAS-DRF\Temp\parallelGUI2\192IR_75.0_237.5_lead_0.51_8.5.pcf
Successful read of spectrum: Yes
Error message: None
Warning: None
Information: None
Neutrons: 0
Number of spectral records in the parent file: 1
Record number of this spectrum in the parent file: 1
Date and time of acquisition read successfully from the original file: Yes
Live time read successfully from the original file: Yes
True time read successfully from the original file: Yes
GADRAS Tag character is:  
Version: 130122
Parent file type: Sandia GADRAS PCF
