$SPEC_ID:
192IR,1uC{26,1.53}
$MEAS_TIM:
3600.00 3600.00
$DATE_MEA:
3/9/2018 5:22:25 PM
$DATA:
0 1193
991.966
943.043
879.472
921.141
778.845
647.852
541.059
470.189
429.262
408.496
403.257
401.839
401.067
397.108
387.443
382.214
378.594
377.194
379.305
387.214
411.496
439.476
456.798
457.950
461.568
480.562
491.557
489.644
456.801
419.309
384.752
368.033
359.231
358.603
359.640
363.373
366.252
368.031
367.089
364.758
362.605
362.031
361.377
364.870
378.211
392.727
416.703
441.087
459.344
473.292
473.234
460.604
441.060
419.418
399.008
379.586
360.588
343.166
327.551
313.946
302.237
289.221
274.645
262.567
252.960
246.047
245.374
250.863
259.955
270.939
282.150
291.694
298.212
300.811
299.073
293.126
284.169
273.340
261.480
249.468
238.194
228.082
219.257
211.591
204.857
198.858
193.435
188.554
184.240
180.563
177.713
176.322
177.190
181.365
189.929
203.737
223.469
249.190
280.568
316.753
356.439
398.076
439.821
478.971
511.007
531.141
534.729
517.589
480.356
426.905
362.320
293.518
227.074
167.739
119.543
83.405
57.829
41.065
30.894
25.091
22.116
20.815
20.295
20.210
20.299
20.416
20.488
20.462
20.334
20.114
19.815
19.461
19.076
18.693
18.347
18.062
17.832
17.647
17.492
17.349
17.204
17.074
17.005
17.053
17.349
18.054
19.353
21.527
24.880
29.678
36.064
44.162
53.936
64.970
76.795
88.764
99.864
109.023
115.386
118.555
118.203
114.237
107.209
97.772
86.613
74.563
62.479
51.139
40.898
31.977
24.567
18.621
13.963
10.411
7.786
5.901
4.571
3.643
3.020
2.618
2.356
2.200
2.125
2.110
2.148
2.246
2.411
2.655
2.997
3.460
4.066
4.834
5.777
6.912
8.241
9.741
11.385
13.147
14.970
16.783
18.516
20.097
21.449
22.493
23.153
23.389
23.199
22.583
21.547
20.152
18.480
16.617
14.642
12.633
10.670
8.828
7.161
5.683
4.409
3.351
2.499
1.829
1.313
0.926
0.642
0.443
0.306
0.211
0.147
0.107
0.082
0.066
0.055
0.048
0.044
0.042
0.040
0.039
0.038
0.037
0.036
0.036
0.035
0.034
0.033
0.032
0.031
0.030
0.030
0.029
0.029
0.028
0.028
0.028
0.027
0.027
0.027
0.027
0.027
0.027
0.027
0.026
0.026
0.026
0.025
0.025
0.024
0.024
0.023
0.023
0.022
0.021
0.021
0.021
0.020
0.021
0.021
0.021
0.022
0.023
0.025
0.028
0.031
0.035
0.040
0.047
0.054
0.064
0.074
0.086
0.098
0.112
0.127
0.142
0.157
0.171
0.185
0.197
0.207
0.214
0.219
0.220
0.219
0.214
0.207
0.197
0.185
0.172
0.157
0.141
0.126
0.110
0.095
0.081
0.068
0.056
0.046
0.037
0.030
0.024
0.019
0.014
0.011
0.009
0.007
0.005
0.004
0.003
0.003
0.002
0.002
0.002
0.002
0.002
0.002
0.002
0.002
0.002
0.003
0.003
0.003
0.004
0.005
0.005
0.006
0.007
0.009
0.010
0.011
0.013
0.015
0.016
0.018
0.020
0.022
0.024
0.025
0.027
0.028
0.029
0.029
0.030
0.030
0.029
0.029
0.028
0.027
0.025
0.024
0.022
0.020
0.018
0.016
0.015
0.013
0.011
0.010
0.008
0.007
0.006
0.005
0.004
0.003
0.003
0.002
0.002
0.001
0.001
0.001
0.001
0.000
0.000
0.000
0.000
0.000
0.000
0.000
0.000
0.000
0.000
0.000
0.000
0.000
0.000
0.000
0.000
0.000
0.000
0.000
0.000
0.000
0.000
0.000
0.000
0.000
0.000
0.000
0.000
0.000
0.000
0.000
0.000
0.000
0.000
0.000
0.000
0.000
0.000
0.000
0.000
0.000
0.000
0.000
0.000
0.000
0.000
0.000
0.000
0.000
0.000
0.000
0.000
0.000
0.000
0.000
0.000
0.000
0.000
0.000
0.000
0.000
0.000
0.000
0.000
0.000
0.000
0.000
0.000
0.000
0.000
0.000
0.000
0.000
0.000
0.000
0.000
0.000
0.000
0.000
0.000
0.000
0.000
0.000
0.000
0.000
0.000
0.000
0.000
0.000
0.000
0.000
0.000
0.000
0.000
0.000
0.000
0.000
0.000
0.000
0.000
0.000
0.000
0.000
0.000
0.000
0.000
0.000
0.000
0.000
0.000
0.000
0.000
0.000
0.000
0.000
0.000
0.000
0.000
0.000
0.000
0.000
0.000
0.000
0.000
0.000
0.000
0.000
0.000
0.000
0.000
0.000
0.000
0.000
0.000
-0.000
-0.000
-0.000
-0.000
-0.000
-0.000
-0.000
0.000
0.000
0.000
0.000
0.000
0.000
0.000
0.000
0.000
0.000
0.000
0
0
0
0
0
0
0
0
0
0
0
0
0
0
0
0
0
0
0
0
0
0
0
0
0
0
0
0
0
0
0
0
0
0
0
0
0
0
0
0
0
0
0
0
0
0
0
0
0
0
0
0
0
0
0
0
0
0
0
0
0
0
0
0
0
0
0
0
0
0
0
0
0
0
0
0
0
0
0
0
0
0
0
0
0
0
0
0
0
0
0
0
0
0
0
0
0
0
0
0
0
0
0
0
0
0
0
0
0
0
0
0
0
0
0
0
0
0
0
0
0
0
0
0
0
0
0
0
0
0
0
0
0
0
0
0
0
0
0
0
0
0
0
0
0
0
0
0
0
0
0
0
0
0
0
0
0
0
0
0
0
0
0
0
0
0
0
0
0
0
0
0
0
0
0
0
0
0
0
0
0
0
0
0
0
0
0
0
0
0
0
0
0
0
0
0
0
0
0
0
0
0
0
0
0
0
0
0
0
0
0
0
0
0
0
0
0
0
0
0
0
0
0
0
0
0
0
0
0
0
0
0
0
0
0
0
0
0
0
0
0
0
0
0
0
0
0
0
0
0
0
0
0
0
0
0
0
0
0
0
0
0
0
0
0
0
0
0
0
0
0
0
0
0
0
0
0
0
0
0
0
0
0
0
0
0
0
0
0
0
0
0
0
0
0
0
0
0
0
0
0
0
0
0
0
0
0
0
0
0
0
0
0
0
0
0
0
0
0
0
0
0
0
0
0
0
0
0
0
0
0
0
0
0
0
0
0
0
0
0
0
0
0
0
0
0
0
0
0
0
0
0
0
0
0
0
0
0
0
0
0
0
0
0
0
0
0
0
0
0
0
0
0
0
0
0
0
0
0
0
0
0
0
0
0
0
0
0
0
0
0
0
0
0
0
0
0
0
0
0
0
0
0
0
0
0
0
0
0
0
0
0
0
0
0
0
0
0
0
0
0
0
0
0
0
0
0
0
0
0
0
0
0
0
0
0
0
0
0
0
0
0
0
0
0
0
0
0
0
0
0
0
0
0
0
0
0
0
0
0
0
0
0
0
0
0
0
0
0
0
0
0
0
0
0
0
0
0
0
0
0
0
0
0
0
0
0
0
0
0
0
0
0
0
0
0
0
0
0
0
0
0
0
0
0
0
0
0
0
0
0
0
0
0
0
0
0
0
0
0
0
0
0
0
0
0
0
0
0
0
0
0
0
0
0
0
0
0
0
0
0
0
0
0
0
0
0
0
0
0
0
0
0
0
0
0
0
0
0
0
0
0
0
0
0
0
0
0
0
0
0
0
0
0
0
0
0
0
0
0
0
0
0
0
0
0
0
0
0
0
0
0
0
0
0
0
0
0
0
0
0
0
0
0
0
0
0
0
0
0
0
0
0
0
0
0
0
0
0
0
0
0
0
0
0
0
0
0
0
0
0
0
0
0
0
0
0
0
0
0
0
0
0
0
0
0
0
0
0
0
0
0
$MCA_CAL:
3
-1.4656616 2.9313233 0.00000000000000
$ENER_FIT:
-1.4656616 2.9313233 0.00000000000000
$MCA_CAL_DATA:
3
298 872
597 1749
896 2625
$CAMBIO:
Parent file specification: C:\GADRAS-DRF\Temp\parallelGUI2\192IR_75.0_175.0_iron_1.53_7.0.pcf
Successful read of spectrum: Yes
Error message: None
Warning: None
Information: None
Neutrons: 0
Number of spectral records in the parent file: 1
Record number of this spectrum in the parent file: 1
Date and time of acquisition read successfully from the original file: Yes
Live time read successfully from the original file: Yes
True time read successfully from the original file: Yes
GADRAS Tag character is:  
Version: 130122
Parent file type: Sandia GADRAS PCF
