$SPEC_ID:
192IR,1uC{0,0}
$MEAS_TIM:
3600.00 3600.00
$DATE_MEA:
3/9/2018 5:22:25 PM
$DATA:
0 1193
2217.470
2121.276
1972.697
1804.150
1530.601
1240.887
1032.510
896.423
810.311
769.134
766.274
776.305
778.129
760.724
735.580
741.892
770.644
808.914
860.044
951.962
1104.588
1235.573
1245.949
1139.093
1033.937
996.091
972.363
946.559
860.526
780.153
706.584
671.310
653.818
653.105
659.205
666.667
671.864
674.892
675.968
674.675
674.545
679.681
682.186
696.164
723.990
753.869
796.449
832.606
852.797
863.419
854.273
829.891
801.216
771.354
741.035
709.828
676.409
638.531
599.012
571.609
550.129
518.306
486.007
463.384
450
446.324
453.604
470.466
494.112
520.403
545.619
566.937
582.729
592.313
594.812
589.415
577.088
559.593
539.090
517.687
496.575
476.606
458.486
442.727
429.208
417.583
407.492
398.612
391.195
385.806
383.508
385.750
394.619
413.026
443.658
488.611
549.490
626.137
717.669
821.589
934.187
1050.547
1163.810
1266.226
1347.130
1395.008
1401.391
1360.671
1270.801
1141.269
983.881
812.694
643.393
489.780
358.408
254.159
177.430
123.834
88.742
67.525
55.574
49.095
46.169
45.157
45.003
45.237
45.447
45.476
45.291
44.877
44.264
43.499
42.633
41.748
40.930
40.230
39.641
39.144
38.733
38.411
38.190
38.148
38.479
39.382
41.183
44.398
49.555
57.199
67.891
82.199
100.435
122.344
147.581
175.530
204.609
232.999
258.897
280.488
295.983
303.644
303.006
294.574
278.915
257.059
230.847
202.227
173.013
144.518
117.885
94.234
74.017
57.118
43.395
32.637
24.425
18.297
13.802
10.588
8.379
6.901
5.918
5.324
5.037
4.976
5.109
5.449
6.014
6.824
7.919
9.346
11.151
13.372
16.022
19.109
22.638
26.570
30.801
35.226
39.734
44.172
48.364
52.126
55.282
57.694
59.254
59.845
59.376
57.896
55.506
52.310
48.419
44.016
39.293
34.453
29.685
25.112
20.834
16.952
13.557
10.655
8.218
6.216
4.618
3.379
2.438
1.740
1.228
0.856
0.599
0.426
0.311
0.232
0.180
0.147
0.128
0.114
0.104
0.098
0.093
0.090
0.087
0.085
0.083
0.082
0.080
0.077
0.075
0.073
0.072
0.070
0.069
0.068
0.067
0.066
0.065
0.065
0.064
0.064
0.063
0.063
0.062
0.062
0.061
0.060
0.059
0.058
0.056
0.055
0.054
0.052
0.051
0.050
0.049
0.049
0.049
0.050
0.052
0.054
0.057
0.062
0.069
0.077
0.088
0.100
0.116
0.134
0.155
0.179
0.206
0.236
0.267
0.301
0.336
0.371
0.405
0.438
0.468
0.494
0.516
0.533
0.543
0.546
0.543
0.533
0.518
0.497
0.470
0.440
0.407
0.371
0.335
0.298
0.263
0.229
0.196
0.166
0.140
0.116
0.095
0.077
0.062
0.049
0.039
0.030
0.024
0.019
0.015
0.012
0.009
0.008
0.006
0.006
0.005
0.005
0.005
0.005
0.006
0.007
0.007
0.009
0.010
0.011
0.013
0.016
0.018
0.021
0.024
0.027
0.031
0.035
0.039
0.043
0.048
0.052
0.056
0.060
0.063
0.066
0.069
0.071
0.072
0.073
0.073
0.072
0.071
0.069
0.067
0.064
0.060
0.056
0.052
0.048
0.044
0.040
0.035
0.031
0.027
0.024
0.021
0.018
0.015
0.013
0.010
0.009
0.007
0.006
0.005
0.004
0.003
0.002
0.002
0.001
0.001
0.001
0.001
0.001
0.000
0.000
0.000
0.000
0.000
0.000
0.000
0.000
0.000
0.000
0.000
0.000
0.000
0.000
0.000
0.000
0.000
0.000
0.000
0.000
0.000
0.000
0.000
0.000
0.000
0.000
0.000
0.000
0.000
0.000
0.000
0.000
0.000
0.000
0.000
0.000
0.000
0.000
0.000
0.000
0.000
0.000
0.000
0.000
0.000
0.000
0.000
0.000
0.000
0.000
0.000
0.000
0.000
0.000
0.000
0.000
0.000
0.000
0.000
0.001
0.001
0.001
0.001
0.001
0.001
0.001
0.001
0.001
0.001
0.001
0.001
0.001
0.001
0.001
0.001
0.001
0.001
0.001
0.001
0.001
0.001
0.001
0.001
0.001
0.001
0.001
0.001
0.001
0.001
0.000
0.000
0.000
0.000
0.000
0.000
0.000
0.000
0.000
0.000
0.000
0.000
0.000
0.000
0.000
0.000
0.000
0.000
0.000
0.000
0.000
0.000
0.000
0.000
0.000
0.000
0.000
0.000
0.000
0.000
0.000
0.000
0.000
0.000
0.000
0.000
0.000
0.000
0.000
0.000
0.000
0.000
-0.000
-0.000
-0.000
-0.000
-0.000
-0.000
-0.000
0.000
0.000
0.000
0.000
0.000
0
0
0
0
0
0
0
0
0
0
0
0
0
0
0
0
0
0
0
0
0
0
0
0
0
0
0
0
0
0
0
0
0
0
0
0
0
0
0
0
0
0
0
0
0
0
0
0
0
0
0
0
0
0
0
0
0
0
0
0
0
0
0
0
0
0
0
0
0
0
0
0
0
0
0
0
0
0
0
0
0
0
0
0
0
0
0
0
0
0
0
0
0
0
0
0
0
0
0
0
0
0
0
0
0
0
0
0
0
0
0
0
0
0
0
0
0
0
0
0
0
0
0
0
0
0
0
0
0
0
0
0
0
0
0
0
0
0
0
0
0
0
0
0
0
0
0
0
0
0
0
0
0
0
0
0
0
0
0
0
0
0
0
0
0
0
0
0
0
0
0
0
0
0
0
0
0
0
0
0
0
0
0
0
0
0
0
0
0
0
0
0
0
0
0
0
0
0
0
0
0
0
0
0
0
0
0
0
0
0
0
0
0
0
0
0
0
0
0
0
0
0
0
0
0
0
0
0
0
0
0
0
0
0
0
0
0
0
0
0
0
0
0
0
0
0
0
0
0
0
0
0
0
0
0
0
0
0
0
0
0
0
0
0
0
0
0
0
0
0
0
0
0
0
0
0
0
0
0
0
0
0
0
0
0
0
0
0
0
0
0
0
0
0
0
0
0
0
0
0
0
0
0
0
0
0
0
0
0
0
0
0
0
0
0
0
0
0
0
0
0
0
0
0
0
0
0
0
0
0
0
0
0
0
0
0
0
0
0
0
0
0
0
0
0
0
0
0
0
0
0
0
0
0
0
0
0
0
0
0
0
0
0
0
0
0
0
0
0
0
0
0
0
0
0
0
0
0
0
0
0
0
0
0
0
0
0
0
0
0
0
0
0
0
0
0
0
0
0
0
0
0
0
0
0
0
0
0
0
0
0
0
0
0
0
0
0
0
0
0
0
0
0
0
0
0
0
0
0
0
0
0
0
0
0
0
0
0
0
0
0
0
0
0
0
0
0
0
0
0
0
0
0
0
0
0
0
0
0
0
0
0
0
0
0
0
0
0
0
0
0
0
0
0
0
0
0
0
0
0
0
0
0
0
0
0
0
0
0
0
0
0
0
0
0
0
0
0
0
0
0
0
0
0
0
0
0
0
0
0
0
0
0
0
0
0
0
0
0
0
0
0
0
0
0
0
0
0
0
0
0
0
0
0
0
0
0
0
0
0
0
0
0
0
0
0
0
0
0
0
0
0
0
0
0
0
0
0
0
0
0
0
0
0
0
0
0
0
0
0
0
0
0
0
0
0
0
0
0
0
0
0
0
0
0
0
0
0
0
0
0
0
0
0
0
0
0
0
0
0
0
0
0
0
0
0
0
0
0
0
0
0
0
0
0
0
0
0
0
0
0
0
0
0
0
0
0
0
0
0
0
0
0
0
0
0
0
0
0
0
0
0
0
0
0
0
0
0
0
0
0
0
0
0
0
$MCA_CAL:
3
-1.4656616 2.9313233 0.00000000000000
$ENER_FIT:
-1.4656616 2.9313233 0.00000000000000
$MCA_CAL_DATA:
3
298 872
597 1749
896 2625
$CAMBIO:
Parent file specification: C:\GADRAS-DRF\Temp\parallelGUI2\192IR_50.0_112.5_none_0_7.5.pcf
Successful read of spectrum: Yes
Error message: None
Warning: None
Information: None
Neutrons: 0
Number of spectral records in the parent file: 1
Record number of this spectrum in the parent file: 1
Date and time of acquisition read successfully from the original file: Yes
Live time read successfully from the original file: Yes
True time read successfully from the original file: Yes
GADRAS Tag character is:  
Version: 130122
Parent file type: Sandia GADRAS PCF
