$SPEC_ID:
192IR,1uC{82,1.61}
$MEAS_TIM:
3600.00 3600.00
$DATE_MEA:
3/9/2018 5:22:25 PM
$DATA:
0 1193
392.651
369.022
342.113
330.732
284.037
237.164
198.002
172.074
156.242
148.103
145.017
143.495
142.814
141.580
137.585
134.430
130.673
127.356
125.464
124.324
128.294
134.388
142.230
149.352
157.753
169.759
176.967
180.201
167.750
153.051
138.589
131.942
129.033
128.103
128.634
130.214
132.218
134.013
135.376
136.172
136.886
137.791
138.329
140.970
146.440
153.414
164.347
177.995
188.530
199.381
202.362
196.559
185.672
172.787
160.789
150.053
140.915
133.260
126.096
121.673
118.629
113.483
107.719
102.423
98.012
94.936
93.441
93.685
95.788
99.355
103.608
107.516
110.149
110.807
109.315
105.869
101.041
95.515
89.987
84.940
80.650
77.110
74.234
71.891
69.981
68.406
67.015
65.685
64.403
63.206
62.193
61.553
61.581
62.676
65.312
69.875
76.660
85.755
97.079
110.331
125.063
140.948
157.696
174.228
188.847
199.255
202.639
197.363
183.337
161.596
135.063
106.869
80.045
57.305
39.522
26.858
18.652
13.688
10.922
9.559
8.936
8.740
8.742
8.831
8.956
9.075
9.155
9.171
9.125
9.028
8.891
8.725
8.544
8.370
8.225
8.113
8.029
7.963
7.907
7.852
7.791
7.719
7.638
7.578
7.581
7.716
8.103
8.866
10.165
12.181
15.076
18.918
23.742
29.472
35.782
42.308
48.553
53.853
57.565
59.363
59.159
56.906
52.904
47.606
41.473
34.993
28.658
22.898
17.860
13.623
10.225
7.583
5.581
4.106
3.056
2.326
1.825
1.494
1.282
1.143
1.057
1.009
0.984
0.979
0.993
1.026
1.085
1.179
1.319
1.517
1.788
2.145
2.599
3.159
3.831
4.618
5.500
6.458
7.469
8.494
9.490
10.412
11.215
11.849
12.267
12.429
12.332
11.982
11.385
10.574
9.603
8.526
7.395
6.259
5.169
4.171
3.288
2.527
1.893
1.386
0.994
0.696
0.478
0.322
0.216
0.146
0.098
0.068
0.050
0.039
0.031
0.027
0.024
0.023
0.022
0.021
0.021
0.020
0.020
0.019
0.019
0.019
0.018
0.018
0.017
0.017
0.016
0.016
0.015
0.015
0.015
0.015
0.014
0.014
0.014
0.014
0.014
0.014
0.014
0.014
0.014
0.014
0.014
0.014
0.013
0.013
0.013
0.012
0.012
0.012
0.011
0.011
0.011
0.011
0.010
0.010
0.010
0.010
0.011
0.011
0.012
0.013
0.014
0.016
0.018
0.021
0.025
0.030
0.035
0.042
0.049
0.057
0.066
0.075
0.084
0.093
0.101
0.109
0.115
0.120
0.123
0.125
0.124
0.121
0.116
0.110
0.102
0.094
0.084
0.075
0.065
0.056
0.047
0.039
0.032
0.026
0.021
0.016
0.012
0.010
0.007
0.005
0.004
0.003
0.002
0.002
0.002
0.001
0.001
0.001
0.001
0.001
0.001
0.001
0.001
0.001
0.001
0.001
0.001
0.001
0.001
0.002
0.002
0.002
0.003
0.003
0.004
0.005
0.006
0.006
0.007
0.009
0.010
0.011
0.012
0.013
0.014
0.015
0.016
0.016
0.017
0.017
0.017
0.017
0.016
0.016
0.015
0.014
0.013
0.012
0.011
0.010
0.009
0.008
0.006
0.006
0.005
0.004
0.003
0.003
0.002
0.002
0.001
0.001
0.001
0.001
0.000
0.000
0.000
0.000
0.000
0.000
0.000
0.000
0.000
0.000
0.000
0.000
0.000
0.000
0.000
0.000
0.000
0.000
0.000
0.000
0.000
0.000
0.000
0.000
0.000
0.000
0.000
0.000
0.000
0.000
0.000
0.000
0.000
0.000
0.000
0.000
0.000
0.000
0.000
0.000
0.000
0.000
0.000
0.000
0.000
0.000
0.000
0.000
0.000
0.000
0.000
0.000
0.000
0.000
0.000
0.000
0.000
0.000
0.000
0.000
0.000
0.000
0.000
0.000
0.000
0.000
0.000
0.000
0.000
0.000
0.000
0.000
0.000
0.000
0.000
0.000
0.000
0.000
0.000
0.000
0.000
0.000
0.000
0.000
0.000
0.000
0.000
0.000
0.000
0.000
0.000
0.000
0.000
0.000
0.000
0.000
0.000
0.000
0.000
0.000
0.000
0.000
0.000
0.000
0.000
0.000
0.000
0.000
0.000
0.000
0.000
0.000
0.000
0.000
0.000
0.000
0.000
0.000
0.000
0.000
0.000
0.000
0.000
0.000
0.000
0.000
0.000
0.000
-0.000
-0.000
-0.000
-0.000
-0.000
-0.000
0.000
0.000
0.000
0.000
0.000
0.000
0.000
-0.000
-0.000
-0.000
-0.000
-0.000
-0.000
0.000
0.000
0.000
0.000
0
0
0
0
0
0
0
0
0
0
0
0
0
0
0
0
0
0
0
0
0
0
0
0
0
0
0
0
0
0
0
0
0
0
0
0
0
0
0
0
0
0
0
0
0
0
0
0
0
0
0
0
0
0
0
0
0
0
0
0
0
0
0
0
0
0
0
0
0
0
0
0
0
0
0
0
0
0
0
0
0
0
0
0
0
0
0
0
0
0
0
0
0
0
0
0
0
0
0
0
0
0
0
0
0
0
0
0
0
0
0
0
0
0
0
0
0
0
0
0
0
0
0
0
0
0
0
0
0
0
0
0
0
0
0
0
0
0
0
0
0
0
0
0
0
0
0
0
0
0
0
0
0
0
0
0
0
0
0
0
0
0
0
0
0
0
0
0
0
0
0
0
0
0
0
0
0
0
0
0
0
0
0
0
0
0
0
0
0
0
0
0
0
0
0
0
0
0
0
0
0
0
0
0
0
0
0
0
0
0
0
0
0
0
0
0
0
0
0
0
0
0
0
0
0
0
0
0
0
0
0
0
0
0
0
0
0
0
0
0
0
0
0
0
0
0
0
0
0
0
0
0
0
0
0
0
0
0
0
0
0
0
0
0
0
0
0
0
0
0
0
0
0
0
0
0
0
0
0
0
0
0
0
0
0
0
0
0
0
0
0
0
0
0
0
0
0
0
0
0
0
0
0
0
0
0
0
0
0
0
0
0
0
0
0
0
0
0
0
0
0
0
0
0
0
0
0
0
0
0
0
0
0
0
0
0
0
0
0
0
0
0
0
0
0
0
0
0
0
0
0
0
0
0
0
0
0
0
0
0
0
0
0
0
0
0
0
0
0
0
0
0
0
0
0
0
0
0
0
0
0
0
0
0
0
0
0
0
0
0
0
0
0
0
0
0
0
0
0
0
0
0
0
0
0
0
0
0
0
0
0
0
0
0
0
0
0
0
0
0
0
0
0
0
0
0
0
0
0
0
0
0
0
0
0
0
0
0
0
0
0
0
0
0
0
0
0
0
0
0
0
0
0
0
0
0
0
0
0
0
0
0
0
0
0
0
0
0
0
0
0
0
0
0
0
0
0
0
0
0
0
0
0
0
0
0
0
0
0
0
0
0
0
0
0
0
0
0
0
0
0
0
0
0
0
0
0
0
0
0
0
0
0
0
0
0
0
0
0
0
0
0
0
0
0
0
0
0
0
0
0
0
0
0
0
0
0
0
0
0
0
0
0
0
0
0
0
0
0
0
0
0
0
0
0
0
0
0
0
0
0
0
0
0
0
0
0
0
0
0
0
0
0
0
0
0
0
0
0
0
0
0
0
0
0
0
0
0
0
0
0
0
0
0
0
0
0
0
0
0
0
0
0
0
0
0
0
0
0
0
0
0
0
0
0
0
0
0
0
0
0
0
0
0
0
0
0
0
0
0
0
0
0
0
0
0
0
0
0
0
0
0
0
0
0
0
0
0
0
0
0
0
0
0
0
0
0
$MCA_CAL:
3
-1.4656616 2.9313233 0.00000000000000
$ENER_FIT:
-1.4656616 2.9313233 0.00000000000000
$MCA_CAL_DATA:
3
298 872
597 1749
896 2625
$CAMBIO:
Parent file specification: C:\GADRAS-DRF\Temp\parallelGUI2\192IR_150.0_237.5_lead_1.61_6.5.pcf
Successful read of spectrum: Yes
Error message: None
Warning: None
Information: None
Neutrons: 0
Number of spectral records in the parent file: 1
Record number of this spectrum in the parent file: 1
Date and time of acquisition read successfully from the original file: Yes
Live time read successfully from the original file: Yes
True time read successfully from the original file: Yes
GADRAS Tag character is:  
Version: 130122
Parent file type: Sandia GADRAS PCF
