$SPEC_ID:
192IR,1uC{26,3.50}
$MEAS_TIM:
3600.00 3600.00
$DATE_MEA:
3/9/2018 5:22:25 PM
$DATA:
0 1193
614.514
580.738
545.482
677.006
561.818
465.411
387.679
336.391
307.262
292.072
286.926
283.830
281.136
277.411
270.525
265.705
261.074
258.081
258.853
261.818
270.572
282.644
294.288
299.259
307.208
317.415
322.216
322.916
304.793
286.534
269.503
260.857
256.344
254.405
254.572
255.511
256.323
256.049
253.756
249.888
246.393
244.428
242.654
243.703
248.561
256.042
268.490
280.755
290.373
298.389
299.923
294.361
284.443
273.117
262.050
251.862
242.380
233.102
224.375
218.470
213.832
207.058
199.998
194.045
187.830
182.366
180.075
181.141
184.808
189.839
195.101
199.717
203.008
204.455
203.658
200.408
195.484
189.952
184.120
178.062
172.015
166.224
160.760
155.619
150.736
146.031
141.475
137.057
132.845
128.938
125.550
122.974
121.595
121.920
124.369
129.159
136.428
146.117
158.076
171.924
187.099
202.873
218.256
232.067
242.424
247.252
245.263
235.903
219.132
196.535
170.015
141.729
114.010
88.921
67.488
50.496
37.983
29.190
23.326
19.654
17.456
16.139
15.397
14.966
14.675
14.448
14.221
13.973
13.710
13.436
13.149
12.852
12.546
12.246
11.970
11.725
11.510
11.318
11.147
10.998
10.874
10.786
10.763
10.834
11.050
11.493
12.248
13.403
15.055
17.301
20.197
23.703
27.765
32.280
36.975
41.536
45.654
49.030
51.378
52.420
52.090
50.485
47.712
43.947
39.483
34.631
29.682
24.858
20.357
16.372
12.977
10.147
7.849
6.041
4.657
3.620
2.859
2.314
1.939
1.688
1.519
1.415
1.363
1.349
1.367
1.421
1.514
1.648
1.831
2.071
2.374
2.747
3.191
3.710
4.303
4.963
5.672
6.413
7.165
7.903
8.598
9.219
9.739
10.133
10.381
10.461
10.359
10.082
9.649
9.080
8.396
7.627
6.805
5.965
5.137
4.344
3.603
2.931
2.344
1.843
1.423
1.078
0.803
0.589
0.426
0.305
0.217
0.153
0.108
0.079
0.059
0.045
0.036
0.030
0.027
0.024
0.023
0.021
0.021
0.020
0.019
0.019
0.019
0.018
0.018
0.018
0.017
0.017
0.016
0.016
0.016
0.016
0.015
0.015
0.015
0.015
0.015
0.015
0.015
0.015
0.015
0.014
0.014
0.014
0.014
0.014
0.013
0.013
0.013
0.013
0.012
0.012
0.012
0.012
0.012
0.012
0.012
0.013
0.014
0.014
0.016
0.017
0.019
0.021
0.024
0.027
0.031
0.035
0.040
0.045
0.051
0.057
0.063
0.069
0.075
0.081
0.086
0.091
0.094
0.097
0.099
0.099
0.099
0.097
0.094
0.090
0.085
0.080
0.074
0.067
0.061
0.054
0.048
0.042
0.036
0.030
0.025
0.021
0.017
0.014
0.011
0.009
0.007
0.006
0.005
0.004
0.003
0.002
0.002
0.002
0.001
0.001
0.001
0.001
0.001
0.001
0.001
0.001
0.002
0.002
0.002
0.002
0.003
0.003
0.004
0.004
0.005
0.005
0.006
0.007
0.007
0.008
0.009
0.010
0.010
0.011
0.012
0.012
0.013
0.013
0.013
0.014
0.014
0.013
0.013
0.013
0.012
0.012
0.011
0.010
0.010
0.009
0.008
0.007
0.006
0.006
0.005
0.004
0.004
0.003
0.003
0.002
0.002
0.002
0.001
0.001
0.001
0.001
0.001
0.000
0.000
0.000
0.000
0.000
0.000
0.000
0.000
0.000
0.000
0.000
0.000
0.000
0.000
0.000
0.000
0.000
0.000
0.000
0.000
0.000
0.000
0.000
0.000
0.000
0.000
0.000
0.000
0.000
0.000
0.000
0.000
0.000
0.000
0.000
0.000
0.000
0.000
0.000
0.000
0.000
0.000
0.000
0.000
0.000
0.000
0.000
0.000
0.000
0.000
0.000
0.000
0.000
0.000
0.000
0.000
0.000
0.000
0.000
0.000
0.000
0.000
0.000
0.000
0.000
0.000
0.000
0.000
0.000
0.000
0.000
0.000
0.000
0.000
0.000
0.000
0.000
0.000
0.000
0.000
0.000
0.000
0.000
0.000
0.000
0.000
0.000
0.000
0.000
0.000
0.000
0.000
0.000
0.000
0.000
0.000
0.000
0.000
0.000
0.000
0.000
0.000
0.000
0.000
0.000
0.000
0.000
0.000
0.000
0.000
0.000
0.000
0.000
0.000
0.000
0.000
0.000
0.000
0.000
0.000
0.000
0.000
0.000
0.000
0.000
0.000
0.000
0.000
0.000
0.000
0.000
0.000
0.000
0.000
0.000
0.000
0.000
0.000
-0.000
-0.000
-0.000
-0.000
-0.000
-0.000
-0.000
-0.000
0.000
0.000
0.000
0.000
0.000
0.000
0.000
0.000
0.000
0.000
0.000
0.000
0
0
0
0
0
0
0
0
0
0
0
0
0
0
0
0
0
0
0
0
0
0
0
0
0
0
0
0
0
0
0
0
0
0
0
0
0
0
0
0
0
0
0
0
0
0
0
0
0
0
0
0
0
0
0
0
0
0
0
0
0
0
0
0
0
0
0
0
0
0
0
0
0
0
0
0
0
0
0
0
0
0
0
0
0
0
0
0
0
0
0
0
0
0
0
0
0
0
0
0
0
0
0
0
0
0
0
0
0
0
0
0
0
0
0
0
0
0
0
0
0
0
0
0
0
0
0
0
0
0
0
0
0
0
0
0
0
0
0
0
0
0
0
0
0
0
0
0
0
0
0
0
0
0
0
0
0
0
0
0
0
0
0
0
0
0
0
0
0
0
0
0
0
0
0
0
0
0
0
0
0
0
0
0
0
0
0
0
0
0
0
0
0
0
0
0
0
0
0
0
0
0
0
0
0
0
0
0
0
0
0
0
0
0
0
0
0
0
0
0
0
0
0
0
0
0
0
0
0
0
0
0
0
0
0
0
0
0
0
0
0
0
0
0
0
0
0
0
0
0
0
0
0
0
0
0
0
0
0
0
0
0
0
0
0
0
0
0
0
0
0
0
0
0
0
0
0
0
0
0
0
0
0
0
0
0
0
0
0
0
0
0
0
0
0
0
0
0
0
0
0
0
0
0
0
0
0
0
0
0
0
0
0
0
0
0
0
0
0
0
0
0
0
0
0
0
0
0
0
0
0
0
0
0
0
0
0
0
0
0
0
0
0
0
0
0
0
0
0
0
0
0
0
0
0
0
0
0
0
0
0
0
0
0
0
0
0
0
0
0
0
0
0
0
0
0
0
0
0
0
0
0
0
0
0
0
0
0
0
0
0
0
0
0
0
0
0
0
0
0
0
0
0
0
0
0
0
0
0
0
0
0
0
0
0
0
0
0
0
0
0
0
0
0
0
0
0
0
0
0
0
0
0
0
0
0
0
0
0
0
0
0
0
0
0
0
0
0
0
0
0
0
0
0
0
0
0
0
0
0
0
0
0
0
0
0
0
0
0
0
0
0
0
0
0
0
0
0
0
0
0
0
0
0
0
0
0
0
0
0
0
0
0
0
0
0
0
0
0
0
0
0
0
0
0
0
0
0
0
0
0
0
0
0
0
0
0
0
0
0
0
0
0
0
0
0
0
0
0
0
0
0
0
0
0
0
0
0
0
0
0
0
0
0
0
0
0
0
0
0
0
0
0
0
0
0
0
0
0
0
0
0
0
0
0
0
0
0
0
0
0
0
0
0
0
0
0
0
0
0
0
0
0
0
0
0
0
0
0
0
0
0
0
0
0
0
0
0
0
0
0
0
0
0
0
0
0
0
0
0
0
0
0
0
0
0
0
0
0
0
0
0
0
0
0
0
0
0
0
0
0
0
0
0
0
0
0
0
0
0
0
0
0
0
0
0
0
$MCA_CAL:
3
-1.4656616 2.9313233 0.00000000000000
$ENER_FIT:
-1.4656616 2.9313233 0.00000000000000
$MCA_CAL_DATA:
3
298 872
597 1749
896 2625
$CAMBIO:
Parent file specification: C:\GADRAS-DRF\Temp\parallelGUI2\192IR_50.0_237.5_iron_3.50_7.5.pcf
Successful read of spectrum: Yes
Error message: None
Warning: None
Information: None
Neutrons: 0
Number of spectral records in the parent file: 1
Record number of this spectrum in the parent file: 1
Date and time of acquisition read successfully from the original file: Yes
Live time read successfully from the original file: Yes
True time read successfully from the original file: Yes
GADRAS Tag character is:  
Version: 130122
Parent file type: Sandia GADRAS PCF
