$SPEC_ID:
192IR,1uC{82,1.61}
$MEAS_TIM:
3600.00 3600.00
$DATE_MEA:
3/9/2018 5:22:25 PM
$DATA:
0 1193
2966.283
2722.663
2472.957
2312.734
1983.712
1703.433
1454.803
1272.417
1138.023
1041.479
978.211
930.928
899.432
870.630
840.916
820.642
800.169
782.971
772.469
766.068
776.234
797.153
824.422
854.627
899.565
959.204
999.110
1025.060
989.231
948.167
910.313
909.040
922.558
938.167
954.573
970.317
981.709
992.180
1002.725
1010.361
1018.893
1035.652
1049.535
1066.079
1087.746
1106.839
1123.841
1121.302
1094.408
1054.914
1006.185
963.719
938.603
920.913
916.774
927.847
934.684
927.454
907.780
888.851
871.156
847.686
825.244
810.035
801.564
800.776
809.538
827.145
850.994
876.017
899.024
919.915
938.634
954.907
968.266
978.232
985.589
991.411
995.721
998.285
999.509
999.916
999.905
999.677
998.902
997.161
994.630
991.780
989.763
990.156
996.443
1013.592
1047.727
1106.454
1197.166
1326.651
1500.531
1719.724
1983.182
2285.159
2616.392
2963.576
3306.892
3623.425
3879.713
4039.296
4076.309
3974.857
3729.038
3365.170
2916.135
2422.846
1932.165
1485.426
1102.606
798.737
575.326
419.454
317.496
256.032
221.779
203.738
196.193
194.214
194.632
196.056
197.266
197.787
197.520
196.415
194.568
192.134
189.287
186.331
183.576
181.209
179.197
177.469
176.007
174.860
174.099
174.042
175.410
178.946
185.893
198.207
217.910
247.106
288.014
342.887
412.981
497.330
594.627
702.485
814.681
924.044
1023.495
1106.033
1164.811
1193.188
1189.442
1155.599
1093.931
1008.452
906.203
794.627
680.685
569.504
465.594
373.370
294.590
228.755
175.268
133.269
101.146
77.137
59.507
46.898
38.226
32.417
28.548
26.206
25.078
24.855
25.415
26.827
29.170
32.534
37.083
43.015
50.522
59.760
70.781
83.622
98.310
114.676
132.283
150.689
169.427
187.863
205.272
220.888
233.984
243.982
250.409
252.765
250.653
244.291
234.107
220.550
204.104
185.524
165.613
145.215
125.120
105.842
87.812
71.455
57.153
44.937
34.679
26.254
19.530
14.306
10.342
7.399
5.235
3.671
2.585
1.859
1.374
1.039
0.818
0.681
0.596
0.537
0.496
0.467
0.447
0.433
0.422
0.412
0.404
0.395
0.386
0.377
0.368
0.359
0.351
0.344
0.338
0.333
0.329
0.325
0.323
0.320
0.318
0.316
0.314
0.311
0.308
0.305
0.301
0.297
0.292
0.287
0.281
0.276
0.270
0.264
0.258
0.254
0.251
0.249
0.250
0.253
0.260
0.270
0.286
0.308
0.337
0.373
0.419
0.475
0.543
0.624
0.718
0.826
0.946
1.077
1.218
1.368
1.523
1.679
1.831
1.976
2.109
2.225
2.322
2.395
2.440
2.455
2.438
2.394
2.323
2.228
2.110
1.974
1.824
1.665
1.501
1.339
1.179
1.026
0.882
0.748
0.627
0.521
0.428
0.348
0.280
0.224
0.177
0.139
0.110
0.086
0.069
0.055
0.044
0.037
0.032
0.028
0.027
0.026
0.026
0.027
0.029
0.032
0.036
0.041
0.048
0.055
0.064
0.074
0.085
0.098
0.112
0.128
0.144
0.162
0.180
0.200
0.219
0.238
0.256
0.273
0.289
0.303
0.315
0.325
0.331
0.334
0.334
0.331
0.325
0.316
0.304
0.290
0.274
0.257
0.238
0.219
0.200
0.180
0.161
0.143
0.125
0.109
0.094
0.080
0.068
0.057
0.048
0.039
0.032
0.026
0.021
0.017
0.014
0.011
0.009
0.007
0.005
0.004
0.003
0.003
0.002
0.002
0.001
0.001
0.001
0.001
0.001
0.001
0.001
0.001
0.001
0.001
0.001
0.000
0.000
0.000
0.000
0.000
0.000
0.000
0.000
0.000
0.000
0.000
0.000
0.000
0.000
0.000
0.000
0.000
0.000
0.000
0.000
0.000
0.000
0.000
0.000
0.000
0.000
0.000
0.000
0.000
0.000
0.000
0.000
0.000
0.001
0.001
0.001
0.001
0.001
0.001
0.001
0.001
0.002
0.002
0.002
0.002
0.002
0.003
0.003
0.003
0.003
0.004
0.004
0.004
0.004
0.004
0.005
0.005
0.005
0.005
0.005
0.005
0.005
0.005
0.005
0.005
0.005
0.005
0.004
0.004
0.004
0.004
0.004
0.003
0.003
0.003
0.003
0.002
0.002
0.002
0.002
0.001
0.001
0.001
0.001
0.001
0.001
0.001
0.000
0.000
0.000
0.000
0.000
0.000
0.000
0.000
0.000
0.000
0.000
0.000
0.000
0.000
0.000
0.000
0.000
0.000
0.000
0.000
0.000
0.000
0.000
0.000
0.000
0.000
0.000
0.000
0.000
0.000
0.000
-0.000
-0.000
-0.000
-0.000
-0.000
-0.000
-0.000
-0.000
0.000
0.000
0.000
0.000
0.000
0.000
0.000
0.000
0.000
0.000
0.000
0.000
0
0
0
0
0
0
0
0
0
0
0
0
0
0
0
0
0
0
0
0
0
0
0
0
0
0
0
0
0
0
0
0
0
0
0
0
0
0
0
0
0
0
0
0
0
0
0
0
0
0
0
0
0
0
0
0
0
0
0
0
0
0
0
0
0
0
0
0
0
0
0
0
0
0
0
0
0
0
0
0
0
0
0
0
0
0
0
0
0
0
0
0
0
0
0
0
0
0
0
0
0
0
0
0
0
0
0
0
0
0
0
0
0
0
0
0
0
0
0
0
0
0
0
0
0
0
0
0
0
0
0
0
0
0
0
0
0
0
0
0
0
0
0
0
0
0
0
0
0
0
0
0
0
0
0
0
0
0
0
0
0
0
0
0
0
0
0
0
0
0
0
0
0
0
0
0
0
0
0
0
0
0
0
0
0
0
0
0
0
0
0
0
0
0
0
0
0
0
0
0
0
0
0
0
0
0
0
0
0
0
0
0
0
0
0
0
0
0
0
0
0
0
0
0
0
0
0
0
0
0
0
0
0
0
0
0
0
0
0
0
0
0
0
0
0
0
0
0
0
0
0
0
0
0
0
0
0
0
0
0
0
0
0
0
0
0
0
0
0
0
0
0
0
0
0
0
0
0
0
0
0
0
0
0
0
0
0
0
0
0
0
0
0
0
0
0
0
0
0
0
0
0
0
0
0
0
0
0
0
0
0
0
0
0
0
0
0
0
0
0
0
0
0
0
0
0
0
0
0
0
0
0
0
0
0
0
0
0
0
0
0
0
0
0
0
0
0
0
0
0
0
0
0
0
0
0
0
0
0
0
0
0
0
0
0
0
0
0
0
0
0
0
0
0
0
0
0
0
0
0
0
0
0
0
0
0
0
0
0
0
0
0
0
0
0
0
0
0
0
0
0
0
0
0
0
0
0
0
0
0
0
0
0
0
0
0
0
0
0
0
0
0
0
0
0
0
0
0
0
0
0
0
0
0
0
0
0
0
0
0
0
0
0
0
0
0
0
0
0
0
0
0
0
0
0
0
0
0
0
0
0
0
0
0
0
0
0
0
0
0
0
0
0
0
0
0
0
0
0
0
0
0
0
0
0
0
0
0
0
0
0
0
0
0
0
0
0
0
0
0
0
0
0
0
0
0
0
0
0
0
0
0
0
0
0
0
0
0
0
0
0
0
0
0
0
0
0
0
0
0
0
0
0
0
0
0
0
0
0
0
0
0
0
0
0
0
0
0
0
0
0
0
0
0
0
0
0
0
0
0
0
0
0
0
0
0
0
0
0
0
0
0
0
0
0
0
0
0
0
0
0
0
0
0
0
0
0
0
0
0
0
0
0
0
0
0
0
0
0
0
0
0
0
0
0
0
0
0
0
0
0
0
0
0
0
0
0
0
0
0
0
0
0
0
0
0
0
0
0
0
0
0
0
0
0
0
0
0
0
0
0
0
0
0
0
0
0
$MCA_CAL:
3
-1.4656616 2.9313233 0.00000000000000
$ENER_FIT:
-1.4656616 2.9313233 0.00000000000000
$MCA_CAL_DATA:
3
298 872
597 1749
896 2625
$CAMBIO:
Parent file specification: C:\GADRAS-DRF\Temp\parallelGUI2\192IR_100.0_50.0_lead_1.61_7.5.pcf
Successful read of spectrum: Yes
Error message: None
Warning: None
Information: None
Neutrons: 0
Number of spectral records in the parent file: 1
Record number of this spectrum in the parent file: 1
Date and time of acquisition read successfully from the original file: Yes
Live time read successfully from the original file: Yes
True time read successfully from the original file: Yes
GADRAS Tag character is:  
Version: 130122
Parent file type: Sandia GADRAS PCF
