$SPEC_ID:
192IR,1uC{82,0.92}
$MEAS_TIM:
3600.00 3600.00
$DATE_MEA:
3/9/2018 5:22:25 PM
$DATA:
0 1193
3909.179
3609.456
3291.717
2994.782
2575.385
2201.956
1872.694
1636.883
1465.005
1346.119
1274.124
1223.159
1190.011
1156.050
1116.042
1089.996
1064.058
1043.446
1035.731
1042.252
1081.585
1136.376
1186.359
1223.557
1277.732
1358.142
1407.028
1432.910
1361.561
1284.198
1209.206
1188.359
1190.432
1202.227
1218.525
1235.370
1247.632
1258.180
1269.773
1279.557
1290.836
1314.735
1335.218
1363.219
1401.473
1436.708
1476.674
1497.961
1485.341
1442.349
1367.645
1286.473
1224.630
1179.394
1151.804
1142.291
1143.687
1139.603
1120.335
1099.775
1078.334
1047.888
1017.440
995.743
983.967
984.201
998.773
1025.494
1059.484
1093.014
1120.938
1142.327
1157.673
1168.353
1175.393
1179.555
1182.024
1183.872
1185.036
1185.145
1184.401
1183.122
1181.624
1180.039
1177.900
1174.636
1170.385
1165.663
1162.118
1162.071
1169.990
1192.024
1236.187
1312.873
1431.954
1601.860
1829.372
2114.919
2456.328
2845.592
3270.331
3713.125
4148.426
4547.111
4868.281
5067.659
5113.096
4983.847
4671.987
4211.009
3642.834
3019.298
2399.563
1835.742
1352.771
969.295
687.131
490.131
361.244
283.508
240.066
216.983
207.086
204.205
204.380
205.878
207.178
207.690
207.287
205.907
203.665
200.750
197.370
193.876
190.626
187.838
185.477
183.466
181.779
180.457
179.562
179.450
180.944
184.895
192.713
206.611
228.876
261.870
308.056
369.930
448.877
543.799
653.218
774.457
900.591
1023.643
1135.726
1228.976
1295.664
1328.300
1324.905
1287.700
1219.184
1123.844
1009.626
884.931
757.608
633.385
517.275
414.188
326.093
252.459
192.649
145.719
109.855
83.070
63.408
49.346
39.676
33.201
28.893
26.286
25.028
24.771
25.375
26.912
29.462
33.122
38.070
44.521
52.685
62.732
74.718
88.683
104.655
122.451
141.599
161.621
182.012
202.082
221.040
238.049
252.316
263.217
270.249
272.874
270.669
263.867
252.924
238.322
220.579
200.512
178.998
156.953
135.235
114.400
94.914
77.232
61.770
48.559
37.463
28.350
21.078
15.430
11.146
7.966
5.628
3.937
2.763
1.978
1.453
1.091
0.853
0.706
0.615
0.552
0.507
0.476
0.456
0.440
0.429
0.419
0.410
0.401
0.392
0.382
0.372
0.363
0.354
0.347
0.341
0.335
0.331
0.327
0.325
0.322
0.320
0.317
0.315
0.312
0.309
0.306
0.302
0.298
0.293
0.287
0.281
0.275
0.269
0.263
0.257
0.252
0.249
0.247
0.248
0.251
0.258
0.270
0.286
0.310
0.340
0.379
0.427
0.487
0.558
0.644
0.744
0.857
0.984
1.122
1.271
1.430
1.594
1.758
1.919
2.072
2.212
2.336
2.438
2.516
2.564
2.579
2.563
2.517
2.443
2.343
2.219
2.076
1.918
1.750
1.579
1.407
1.240
1.079
0.927
0.786
0.659
0.547
0.450
0.365
0.294
0.234
0.185
0.145
0.114
0.089
0.071
0.056
0.045
0.037
0.032
0.028
0.026
0.025
0.026
0.027
0.029
0.032
0.037
0.042
0.048
0.056
0.065
0.076
0.088
0.101
0.116
0.132
0.149
0.168
0.187
0.207
0.228
0.247
0.267
0.285
0.301
0.316
0.329
0.338
0.345
0.349
0.348
0.345
0.339
0.330
0.318
0.303
0.287
0.268
0.249
0.229
0.208
0.188
0.168
0.149
0.131
0.114
0.098
0.084
0.071
0.060
0.050
0.041
0.034
0.027
0.022
0.018
0.014
0.011
0.009
0.007
0.006
0.004
0.004
0.003
0.002
0.002
0.002
0.001
0.001
0.001
0.001
0.001
0.001
0.001
0.001
0.001
0.001
0.000
0.000
0.000
0.000
0.000
0.000
0.000
0.000
0.000
0.000
0.000
0.000
0.000
0.000
0.000
0.000
0.000
0.000
0.000
0.000
0.000
0.000
0.000
0.000
0.000
0.000
0.000
0.000
0.000
0.000
0.000
0.000
0.000
0.001
0.001
0.001
0.001
0.001
0.001
0.001
0.001
0.002
0.002
0.002
0.002
0.002
0.003
0.003
0.003
0.003
0.004
0.004
0.004
0.004
0.005
0.005
0.005
0.005
0.005
0.005
0.005
0.005
0.005
0.005
0.005
0.005
0.005
0.005
0.004
0.004
0.004
0.004
0.003
0.003
0.003
0.003
0.002
0.002
0.002
0.002
0.001
0.001
0.001
0.001
0.001
0.001
0.001
0.000
0.000
0.000
0.000
0.000
0.000
0.000
0.000
0.000
0.000
0.000
0.000
0.000
0.000
0.000
0.000
0.000
0.000
0.000
0.000
0.000
0.000
0.000
0.000
0.000
0.000
0.000
0.000
0.000
0.000
0.000
-0.000
-0.000
-0.000
-0.000
-0.000
-0.000
-0.000
-0.000
0.000
0.000
0.000
0.000
0.000
0.000
0.000
0.000
0.000
0.000
0.000
0.000
0
0
0
0
0
0
0
0
0
0
0
0
0
0
0
0
0
0
0
0
0
0
0
0
0
0
0
0
0
0
0
0
0
0
0
0
0
0
0
0
0
0
0
0
0
0
0
0
0
0
0
0
0
0
0
0
0
0
0
0
0
0
0
0
0
0
0
0
0
0
0
0
0
0
0
0
0
0
0
0
0
0
0
0
0
0
0
0
0
0
0
0
0
0
0
0
0
0
0
0
0
0
0
0
0
0
0
0
0
0
0
0
0
0
0
0
0
0
0
0
0
0
0
0
0
0
0
0
0
0
0
0
0
0
0
0
0
0
0
0
0
0
0
0
0
0
0
0
0
0
0
0
0
0
0
0
0
0
0
0
0
0
0
0
0
0
0
0
0
0
0
0
0
0
0
0
0
0
0
0
0
0
0
0
0
0
0
0
0
0
0
0
0
0
0
0
0
0
0
0
0
0
0
0
0
0
0
0
0
0
0
0
0
0
0
0
0
0
0
0
0
0
0
0
0
0
0
0
0
0
0
0
0
0
0
0
0
0
0
0
0
0
0
0
0
0
0
0
0
0
0
0
0
0
0
0
0
0
0
0
0
0
0
0
0
0
0
0
0
0
0
0
0
0
0
0
0
0
0
0
0
0
0
0
0
0
0
0
0
0
0
0
0
0
0
0
0
0
0
0
0
0
0
0
0
0
0
0
0
0
0
0
0
0
0
0
0
0
0
0
0
0
0
0
0
0
0
0
0
0
0
0
0
0
0
0
0
0
0
0
0
0
0
0
0
0
0
0
0
0
0
0
0
0
0
0
0
0
0
0
0
0
0
0
0
0
0
0
0
0
0
0
0
0
0
0
0
0
0
0
0
0
0
0
0
0
0
0
0
0
0
0
0
0
0
0
0
0
0
0
0
0
0
0
0
0
0
0
0
0
0
0
0
0
0
0
0
0
0
0
0
0
0
0
0
0
0
0
0
0
0
0
0
0
0
0
0
0
0
0
0
0
0
0
0
0
0
0
0
0
0
0
0
0
0
0
0
0
0
0
0
0
0
0
0
0
0
0
0
0
0
0
0
0
0
0
0
0
0
0
0
0
0
0
0
0
0
0
0
0
0
0
0
0
0
0
0
0
0
0
0
0
0
0
0
0
0
0
0
0
0
0
0
0
0
0
0
0
0
0
0
0
0
0
0
0
0
0
0
0
0
0
0
0
0
0
0
0
0
0
0
0
0
0
0
0
0
0
0
0
0
0
0
0
0
0
0
0
0
0
0
0
0
0
0
0
0
0
0
0
0
0
0
0
0
0
0
0
0
0
0
0
0
0
0
0
0
0
0
0
0
0
0
0
0
0
0
0
0
0
0
0
0
0
0
0
0
0
0
0
0
0
0
0
0
0
0
0
0
0
0
0
0
0
0
0
0
0
0
0
0
0
0
0
0
0
0
0
0
0
0
0
0
0
0
0
0
$MCA_CAL:
3
-1.4656616 2.9313233 0.00000000000000
$ENER_FIT:
-1.4656616 2.9313233 0.00000000000000
$MCA_CAL_DATA:
3
298 872
597 1749
896 2625
$CAMBIO:
Parent file specification: C:\GADRAS-DRF\Temp\parallelGUI2\192IR_75.0_50.0_lead_0.92_7.5.pcf
Successful read of spectrum: Yes
Error message: None
Warning: None
Information: None
Neutrons: 0
Number of spectral records in the parent file: 1
Record number of this spectrum in the parent file: 1
Date and time of acquisition read successfully from the original file: Yes
Live time read successfully from the original file: Yes
True time read successfully from the original file: Yes
GADRAS Tag character is:  
Version: 130122
Parent file type: Sandia GADRAS PCF
