$SPEC_ID:
226RA,1uC{0,0}
$MEAS_TIM:
3600.00 3600.00
$DATE_MEA:
3/9/2018 5:22:25 PM
$DATA:
0 1193
919.935
918.835
890.949
1623.726
2074.510
999.360
534.382
425.069
396.169
369.589
360.477
359.403
374.669
423.435
558.167
742.451
632.875
456.984
422.024
413.931
411.223
428.315
493.295
628.350
877.499
1132.911
1111.856
868.224
628.234
512.580
414.610
320.338
251.774
220.640
210.468
207.564
207.215
207.045
207.314
206.983
208.200
209.652
210.537
211.277
210.229
210.098
216.502
226.876
241.838
261.325
281.388
293.468
293.855
285.442
271.920
260.085
253.345
255.549
268.443
289.707
315.889
342.074
360.270
362.407
346.192
318.090
288.237
265.674
253.759
251.066
254.344
261.040
267.892
271.942
271.754
269.053
267.193
269.849
278.881
293.997
311.888
325.560
326.787
313.162
286.937
255.065
224.344
200.103
183.080
172.363
166.302
164.256
166.730
175.608
193.302
221.874
261.401
307.700
353.359
387.380
401.253
389.758
355.302
305.812
251.207
201.721
162.335
135.153
119.268
112.757
114.918
125.793
147.062
180.879
227.864
287.403
353.711
418.111
469.847
497.066
494.679
463.877
409.942
343.285
274.013
210.678
160.089
123.023
98.568
84.086
76.151
72.110
70.023
68.509
67.214
65.920
64.463
62.704
60.711
58.708
56.834
55.029
53.230
51.486
49.902
48.550
47.463
46.665
46.130
45.824
45.696
45.693
45.760
45.848
45.919
45.940
45.902
45.797
45.638
45.446
45.239
45.011
44.757
44.455
44.070
43.572
42.964
42.262
41.489
40.688
39.903
39.172
38.520
37.970
37.518
37.140
36.813
36.523
36.255
36.000
35.734
35.435
35.096
34.726
34.346
33.974
33.637
33.360
33.194
33.223
33.536
34.286
35.716
38.078
41.702
47.035
54.525
64.521
77.224
92.811
111.113
131.330
152.614
173.824
193.218
208.951
219.468
224.136
222.475
214.254
200.450
182.457
161.634
139.463
117.457
97.096
79.262
64.184
52.065
42.902
36.268
31.676
28.657
26.811
25.763
25.151
24.752
24.465
24.191
23.867
23.499
23.104
22.700
22.312
21.959
21.666
21.445
21.282
21.167
21.087
21.034
20.999
20.972
20.954
20.956
20.990
21.069
21.219
21.466
21.841
22.365
23.050
23.901
24.924
26.100
27.384
28.729
30.087
31.391
32.560
33.518
34.207
34.616
34.731
34.546
34.083
33.391
32.520
31.527
30.455
29.352
28.264
27.231
26.268
25.379
24.569
23.841
23.188
22.602
22.079
21.607
21.177
20.777
20.400
20.035
19.679
19.329
18.983
18.641
18.308
17.994
17.702
17.437
17.197
16.980
16.781
16.599
16.434
16.284
16.148
16.027
15.934
15.877
15.869
15.917
16.020
16.171
16.369
16.608
16.881
17.185
17.510
17.852
18.189
18.501
18.760
18.946
19.040
19.040
18.939
18.733
18.422
18.025
17.560
17.044
16.499
15.938
15.380
14.838
14.332
13.865
13.437
13.045
12.688
12.366
12.075
11.818
11.591
11.396
11.229
11.088
10.970
10.871
10.789
10.722
10.669
10.627
10.595
10.572
10.561
10.560
10.572
10.596
10.634
10.686
10.754
10.837
10.944
11.079
11.251
11.469
11.742
12.086
12.516
13.053
13.711
14.504
15.432
16.501
17.711
19.064
20.542
22.107
23.730
25.372
27.001
28.559
29.991
31.236
32.238
32.944
33.352
33.455
33.256
32.750
31.953
30.906
29.650
28.235
26.700
25.093
23.452
21.821
20.242
18.755
17.385
16.139
15.021
14.036
13.189
12.480
11.902
11.449
11.115
10.893
10.778
10.760
10.834
10.992
11.228
11.531
11.888
12.289
12.718
13.167
13.617
14.057
14.467
14.834
15.140
15.375
15.535
15.620
15.629
15.561
15.418
15.205
14.934
14.613
14.254
13.863
13.452
13.025
12.592
12.159
11.734
11.323
10.926
10.549
10.191
9.857
9.548
9.265
9.010
8.784
8.587
8.420
8.287
8.188
8.129
8.112
8.140
8.213
8.333
8.498
8.709
8.963
9.262
9.600
9.971
10.370
10.790
11.226
11.670
12.113
12.543
12.951
13.326
13.659
13.942
14.175
14.349
14.466
14.516
14.499
14.419
14.278
14.080
13.827
13.524
13.176
12.794
12.384
11.959
11.524
11.091
10.664
10.248
9.849
9.471
9.120
8.799
8.510
8.255
8.036
7.853
7.709
7.601
7.524
7.472
7.439
7.420
7.407
7.400
7.396
7.398
7.403
7.413
7.426
7.439
7.449
7.452
7.443
7.418
7.374
7.311
7.229
7.129
7.011
6.877
6.728
6.565
6.394
6.218
6.040
5.863
5.692
5.527
5.369
5.219
5.077
4.944
4.820
4.705
4.599
4.500
4.407
4.321
4.240
4.163
4.090
4.019
3.950
3.881
3.813
3.745
3.677
3.612
3.550
3.492
3.440
3.393
3.353
3.319
3.292
3.271
3.258
3.252
3.253
3.261
3.276
3.298
3.326
3.361
3.404
3.454
3.515
3.586
3.668
3.762
3.871
3.997
4.141
4.307
4.496
4.712
4.956
5.229
5.532
5.867
6.234
6.634
7.067
7.532
8.023
8.537
9.066
9.609
10.158
10.709
11.254
11.782
12.286
12.754
13.182
13.556
13.872
14.124
14.308
14.421
14.454
14.408
14.279
14.067
13.785
13.437
13.033
12.576
12.079
11.547
10.990
10.416
9.837
9.262
8.701
8.163
7.653
7.174
6.726
6.313
5.935
5.594
5.291
5.026
4.792
4.588
4.409
4.251
4.111
3.986
3.872
3.768
3.672
3.579
3.490
3.401
3.310
3.218
3.124
3.029
2.933
2.835
2.737
2.638
2.539
2.441
2.346
2.253
2.165
2.082
2.005
1.933
1.866
1.804
1.747
1.694
1.646
1.601
1.560
1.521
1.484
1.448
1.412
1.377
1.341
1.304
1.268
1.232
1.197
1.162
1.128
1.096
1.065
1.035
1.006
0.978
0.951
0.926
0.901
0.878
0.856
0.835
0.815
0.796
0.780
0.764
0.750
0.737
0.727
0.717
0.710
0.704
0.699
0.696
0.695
0.697
0.699
0.704
0.711
0.721
0.732
0.745
0.761
0.779
0.798
0.820
0.843
0.868
0.895
0.923
0.952
0.981
1.012
1.042
1.072
1.102
1.133
1.162
1.192
1.222
1.252
1.283
1.313
1.345
1.377
1.412
1.449
1.489
1.533
1.581
1.633
1.690
1.751
1.816
1.885
1.958
2.034
2.114
2.196
2.279
2.361
2.442
2.519
2.592
2.659
2.718
2.769
2.811
2.843
2.864
2.874
2.871
2.855
2.825
2.783
2.729
2.664
2.589
2.506
2.413
2.314
2.208
2.098
1.985
1.869
1.753
1.638
1.525
1.416
1.311
1.210
1.115
1.024
0.939
0.860
0.786
0.719
0.658
0.603
0.553
0.507
0.467
0.430
0.397
0.368
0.342
0.318
0.297
0.279
0.262
0.247
0.233
0.221
0.210
0.200
0.191
0.184
0.177
0.172
0.169
0.166
0.165
0.166
0.167
0.171
0.176
0.183
0.192
0.202
0.215
0.229
0.245
0.262
0.282
0.302
0.325
0.348
0.373
0.399
0.425
0.451
0.478
0.505
0.531
0.556
0.580
0.603
0.624
0.643
0.660
0.674
0.686
0.694
0.700
0.702
0.701
0.697
0.689
0.679
0.667
0.651
0.633
0.612
0.590
0.565
0.540
0.513
0.485
0.457
0.429
0.400
0.372
0.345
0.318
0.292
0.267
0.243
0.221
0.200
0.180
0.162
0.146
0.130
0.116
0.104
0.092
0.082
0.073
0.065
0.058
0.052
0.047
0.042
0.038
0.035
0.032
0.029
0.027
0.025
0.024
0.023
0.022
0.021
0.020
0.020
0.019
0.019
0.018
0.018
0.018
0.018
0.018
0.018
0.018
0.018
0.018
0.018
0.019
0.019
0.019
0.020
0.020
0.020
0.021
0.021
0.021
0.022
0.022
0.023
0.023
0.023
0.024
0.024
0.024
0.025
0.025
0.025
0.026
0.026
0.026
0.026
0.026
0.026
0.026
0.026
0.026
0.026
0.026
0.026
0.026
0.026
0.025
0.025
0.025
0.025
0.024
0.024
0.024
0.024
0.023
0.023
0.023
0.022
0.022
0.022
0.021
0.021
0.021
0.020
0.020
0.019
0.019
0.018
0.018
0.018
0.017
0.017
0.016
0.016
0.015
0.015
0.015
0.014
0.014
0.014
0.014
0.013
0.013
0.013
0.013
0.013
0.013
0.012
0.012
0.012
0.012
0.012
0.012
0.012
0.012
0.013
0.013
0.013
0.013
0.013
0.013
0.013
0.013
0.013
0.013
0.013
0.013
0.013
0.013
0.013
0.013
0.013
0.013
0.013
0.013
0.013
0.013
0.013
0.013
0.013
0.013
0.013
0.013
0.013
0.013
0.013
0.013
0.013
0.013
0.013
0.013
0.013
0.013
0.013
0.013
0.013
0.013
0.013
0.013
0.013
0.013
0.012
0.012
0.012
0.012
0.012
0.012
0.012
0.012
0.012
0.012
0.012
0.012
0.011
0.011
0.011
0.011
0.011
0.010
0.010
0.010
0.010
0.009
0.009
0.009
0.009
0.008
0.008
0.008
0.007
0.007
0.007
0.007
0.006
0.006
0.006
0.005
0.005
0.005
0.004
0.004
0.004
0.004
0.003
0.003
0.003
0.003
0.003
0.003
0.002
0.002
0.002
0.002
0.002
0.002
0.002
0.001
0.001
0.001
0.001
0.001
0.001
0.001
0.001
0.001
0.001
0.001
0.001
0.001
0.001
0.001
0.001
0.001
0.001
0.000
0.000
0.000
0.000
0.000
0.000
0.000
0.000
0.000
0.000
0.000
0.000
0.000
0.000
0.000
0.000
0.000
0.000
0.000
0.000
0.000
0.000
0.000
0.000
0.000
0.000
0.000
0.000
0.000
0.000
0.000
0.000
0.000
0.000
0.000
0.000
0.000
0.000
0.000
0.000
0.000
0.000
0.000
0.000
0.000
0.000
0.000
0.000
0.000
0.000
0.000
0.000
0.000
0.000
0.000
0.000
0.000
0.000
0.000
0.000
0.000
0.000
0.000
0.000
0.000
0.000
0.000
0.000
0.000
0.000
0.000
0.000
0.000
0.000
0.000
0.000
0.000
0.000
0.000
0.000
0.000
0.000
0.000
0.000
0.000
0.000
0.000
0.000
0.000
0.000
0.000
0.000
0.000
0.000
0.000
$MCA_CAL:
3
-1.4656616 2.9313233 0.00000000000000
$ENER_FIT:
-1.4656616 2.9313233 0.00000000000000
$MCA_CAL_DATA:
3
298 872
597 1749
896 2625
$CAMBIO:
Parent file specification: C:\GADRAS-DRF\Temp\parallelGUI2\226RA_150.0_112.5_none_0_6.0.pcf
Successful read of spectrum: Yes
Error message: None
Warning: None
Information: None
Neutrons: 0
Number of spectral records in the parent file: 1
Record number of this spectrum in the parent file: 1
Date and time of acquisition read successfully from the original file: Yes
Live time read successfully from the original file: Yes
True time read successfully from the original file: Yes
GADRAS Tag character is:  
Version: 130122
Parent file type: Sandia GADRAS PCF
