$SPEC_ID:
226RA,1uC{26,1.53}
$MEAS_TIM:
3600.00 3600.00
$DATE_MEA:
3/9/2018 5:22:25 PM
$DATA:
0 1193
404.818
404.773
386.995
401.487
341.293
289.290
250.260
222.681
207.476
200.934
199.785
199.775
197.971
196.924
193.799
191.236
188.535
187.246
190.047
196.186
204.293
213.899
225.241
239.361
254.269
265.315
261.458
245.231
219.910
193.700
171.997
154.509
142.233
135.150
130.936
128.619
127.459
126.516
125.179
123.687
122.016
120.440
119.464
119.022
119.230
120.322
122.373
125.170
128.561
132.836
137.640
142.092
145.465
147.355
147.827
147.308
146.403
145.498
144.823
144.410
144.052
143.254
141.476
138.235
134.196
130.807
128.636
127.695
128.094
129.948
132.786
135.783
138.202
139.390
139.098
137.435
134.652
131.155
127.274
123.133
118.795
114.153
109.081
103.634
97.983
92.331
86.931
82.032
77.864
74.642
72.482
71.412
71.433
72.479
74.460
77.110
80.003
82.705
84.718
85.541
84.866
82.657
78.932
74.034
68.498
62.855
57.637
53.376
50.476
49.083
49.304
51.109
54.278
58.579
63.643
68.983
74.097
78.430
81.375
82.353
81.240
78.224
73.520
67.503
60.689
53.589
46.635
40.177
34.553
29.937
26.245
23.378
21.219
19.630
18.464
17.583
16.900
16.346
15.853
15.389
14.948
14.528
14.128
13.750
13.401
13.083
12.799
12.551
12.338
12.160
12.012
11.889
11.785
11.695
11.615
11.540
11.466
11.390
11.312
11.227
11.135
11.036
10.931
10.820
10.704
10.582
10.453
10.320
10.182
10.042
9.901
9.763
9.628
9.497
9.372
9.255
9.146
9.044
8.951
8.868
8.795
8.737
8.695
8.673
8.683
8.737
8.846
9.025
9.294
9.676
10.192
10.863
11.707
12.735
13.959
15.391
17.020
18.813
20.736
22.751
24.814
26.842
28.751
30.453
31.870
32.943
33.632
33.897
33.695
33.022
31.932
30.490
28.752
26.781
24.653
22.444
20.233
18.097
16.100
14.262
12.602
11.137
9.885
8.840
7.980
7.284
6.727
6.287
5.945
5.684
5.486
5.333
5.210
5.111
5.032
4.970
4.921
4.882
4.853
4.833
4.822
4.822
4.831
4.851
4.882
4.925
4.980
5.048
5.128
5.220
5.322
5.435
5.557
5.684
5.815
5.945
6.071
6.189
6.298
6.393
6.472
6.531
6.568
6.581
6.572
6.542
6.491
6.421
6.332
6.228
6.112
5.985
5.852
5.715
5.576
5.437
5.301
5.169
5.044
4.927
4.816
4.712
4.613
4.519
4.430
4.344
4.263
4.187
4.116
4.050
3.991
3.936
3.887
3.843
3.803
3.768
3.737
3.711
3.689
3.673
3.660
3.653
3.651
3.652
3.658
3.666
3.677
3.691
3.706
3.722
3.737
3.752
3.765
3.776
3.783
3.785
3.783
3.773
3.757
3.732
3.700
3.661
3.615
3.564
3.508
3.448
3.384
3.317
3.250
3.181
3.113
3.047
2.983
2.921
2.862
2.805
2.753
2.704
2.660
2.620
2.584
2.552
2.525
2.502
2.483
2.469
2.459
2.455
2.454
2.459
2.468
2.483
2.504
2.532
2.567
2.609
2.660
2.720
2.788
2.867
2.955
3.053
3.163
3.282
3.412
3.551
3.698
3.852
4.011
4.175
4.343
4.511
4.676
4.836
4.988
5.129
5.256
5.367
5.460
5.535
5.588
5.620
5.629
5.613
5.572
5.510
5.428
5.326
5.209
5.076
4.931
4.775
4.612
4.445
4.277
4.110
3.948
3.792
3.646
3.509
3.383
3.268
3.165
3.075
3.000
2.938
2.888
2.850
2.823
2.806
2.797
2.796
2.802
2.813
2.828
2.844
2.862
2.880
2.895
2.907
2.916
2.921
2.922
2.919
2.910
2.896
2.876
2.851
2.821
2.787
2.748
2.707
2.662
2.615
2.567
2.517
2.467
2.418
2.369
2.322
2.278
2.237
2.199
2.165
2.136
2.110
2.090
2.074
2.064
2.059
2.059
2.065
2.075
2.090
2.109
2.133
2.161
2.193
2.228
2.265
2.304
2.343
2.383
2.421
2.459
2.495
2.528
2.559
2.586
2.609
2.628
2.641
2.650
2.653
2.650
2.642
2.629
2.612
2.588
2.560
2.528
2.491
2.451
2.408
2.362
2.315
2.268
2.220
2.172
2.126
2.080
2.035
1.992
1.951
1.912
1.875
1.841
1.810
1.781
1.754
1.729
1.706
1.684
1.663
1.644
1.625
1.607
1.590
1.573
1.557
1.540
1.525
1.509
1.493
1.477
1.461
1.444
1.426
1.408
1.389
1.369
1.347
1.325
1.301
1.278
1.253
1.228
1.203
1.179
1.154
1.130
1.106
1.083
1.061
1.039
1.018
0.997
0.977
0.959
0.941
0.924
0.908
0.893
0.878
0.865
0.853
0.842
0.832
0.823
0.815
0.809
0.804
0.800
0.797
0.796
0.797
0.799
0.803
0.809
0.817
0.827
0.839
0.853
0.869
0.888
0.909
0.933
0.959
0.988
1.020
1.055
1.092
1.132
1.175
1.221
1.270
1.321
1.374
1.429
1.486
1.544
1.603
1.663
1.724
1.785
1.845
1.905
1.963
2.019
2.073
2.124
2.171
2.214
2.253
2.288
2.317
2.341
2.360
2.373
2.381
2.382
2.377
2.365
2.348
2.325
2.296
2.263
2.224
2.182
2.135
2.085
2.032
1.975
1.917
1.856
1.795
1.732
1.669
1.606
1.544
1.483
1.424
1.366
1.309
1.255
1.202
1.151
1.103
1.056
1.013
0.971
0.932
0.896
0.861
0.828
0.797
0.768
0.740
0.713
0.687
0.663
0.639
0.616
0.595
0.574
0.554
0.535
0.517
0.500
0.484
0.468
0.453
0.439
0.426
0.413
0.401
0.389
0.378
0.367
0.356
0.346
0.336
0.326
0.317
0.308
0.299
0.291
0.283
0.275
0.268
0.260
0.254
0.247
0.241
0.234
0.229
0.223
0.218
0.213
0.209
0.205
0.201
0.197
0.194
0.191
0.188
0.186
0.184
0.182
0.181
0.180
0.179
0.178
0.178
0.178
0.179
0.179
0.181
0.182
0.184
0.186
0.188
0.191
0.194
0.197
0.201
0.205
0.209
0.214
0.219
0.224
0.229
0.235
0.241
0.247
0.254
0.261
0.268
0.275
0.282
0.290
0.297
0.305
0.313
0.321
0.330
0.338
0.346
0.355
0.364
0.372
0.381
0.389
0.398
0.406
0.415
0.423
0.430
0.437
0.444
0.450
0.456
0.461
0.465
0.468
0.471
0.473
0.474
0.474
0.473
0.472
0.470
0.466
0.462
0.457
0.451
0.444
0.436
0.428
0.418
0.409
0.398
0.388
0.376
0.365
0.352
0.340
0.327
0.315
0.302
0.289
0.276
0.263
0.251
0.238
0.226
0.214
0.203
0.192
0.181
0.171
0.161
0.152
0.143
0.135
0.127
0.120
0.113
0.107
0.101
0.096
0.091
0.086
0.083
0.079
0.076
0.073
0.071
0.069
0.068
0.067
0.066
0.066
0.065
0.066
0.066
0.067
0.068
0.069
0.070
0.071
0.073
0.075
0.077
0.079
0.081
0.083
0.085
0.087
0.089
0.091
0.093
0.095
0.097
0.099
0.101
0.102
0.104
0.105
0.106
0.107
0.107
0.108
0.108
0.108
0.108
0.107
0.107
0.106
0.105
0.103
0.102
0.100
0.098
0.096
0.094
0.091
0.089
0.086
0.083
0.081
0.078
0.075
0.072
0.069
0.066
0.062
0.059
0.057
0.054
0.051
0.048
0.045
0.042
0.040
0.037
0.035
0.033
0.030
0.028
0.026
0.025
0.023
0.021
0.020
0.018
0.017
0.016
0.015
0.013
0.013
0.012
0.011
0.010
0.009
0.009
0.008
0.008
0.007
0.007
0.007
0.006
0.006
0.006
0.006
0.006
0.005
0.005
0.005
0.005
0.005
0.005
0.005
0.005
0.005
0.005
0.005
0.005
0.005
0.005
0.005
0.005
0.005
0.005
0.005
0.005
0.005
0.005
0.005
0.005
0.005
0.005
0.005
0.005
0.005
0.005
0.005
0.005
0.005
0.005
0.005
0.005
0.005
0.005
0.005
0.005
0.005
0.005
0.005
0.005
0.005
0.005
0.005
0.004
0.004
0.004
0.004
0.004
0.004
0.004
0.004
0.004
0.004
0.004
0.004
0.004
0.004
0.004
0.004
0.004
0.004
0.003
0.003
0.003
0.003
0.003
0.003
0.003
0.003
0.003
0.003
0.003
0.003
0.003
0.003
0.003
0.003
0.003
0.003
0.003
0.003
0.003
0.003
0.003
0.003
0.003
0.003
0.003
0.003
0.003
0.003
0.003
0.003
0.003
0.003
0.003
0.003
0.003
0.003
0.003
0.003
0.003
0.003
0.003
0.003
0.003
0.003
0.003
0.003
0.003
0.003
0.003
0.003
0.003
0.003
0.003
0.003
0.003
0.003
0.003
0.003
0.003
0.003
0.003
0.003
0.003
0.002
0.002
0.002
0.002
0.002
0.002
0.002
0.002
0.002
0.002
0.002
0.002
0.002
0.002
0.002
0.002
0.002
0.002
0.002
0.002
0.002
0.002
0.002
0.002
0.002
0.002
0.002
0.002
0.002
0.001
0.001
0.001
0.001
0.001
0.001
0.001
0.001
0.001
0.001
0.001
0.001
0.001
0.001
0.001
0.001
0.001
0.001
0.001
0.001
0.001
0.001
0.001
0.001
0.001
0.001
0.001
0.000
0.000
0.000
0.000
0.000
0.000
0.000
0.000
0.000
0.000
0.000
0.000
0.000
0.000
0.000
0.000
0.000
0.000
0.000
0.000
0.000
0.000
0.000
0.000
0.000
0.000
0.000
0.000
0.000
0.000
0.000
0.000
0.000
0.000
0.000
0.000
0.000
0.000
0.000
0.000
0.000
0.000
0.000
0.000
0.000
0.000
0.000
0.000
0.000
0.000
0.000
0.000
0.000
0.000
0.000
0.000
0.000
0.000
0.000
0.000
0.000
0.000
0.000
0.000
0.000
0.000
0.000
0.000
0.000
0.000
0.000
0.000
0.000
0.000
0.000
0.000
0.000
0.000
0.000
0.000
0.000
0.000
0.000
0.000
0.000
0.000
0.000
0.000
0.000
0.000
0.000
0.000
0.000
0.000
0.000
0.000
0.000
0.000
0.000
0.000
0.000
0.000
0.000
0.000
0.000
0.000
0.000
0.000
0.000
0.000
0.000
0.000
$MCA_CAL:
3
-1.4656616 2.9313233 0.00000000000000
$ENER_FIT:
-1.4656616 2.9313233 0.00000000000000
$MCA_CAL_DATA:
3
298 872
597 1749
896 2625
$CAMBIO:
Parent file specification: C:\GADRAS-DRF\Temp\parallelGUI2\226RA_100.0_237.5_iron_1.53_8.5.pcf
Successful read of spectrum: Yes
Error message: None
Warning: None
Information: None
Neutrons: 0
Number of spectral records in the parent file: 1
Record number of this spectrum in the parent file: 1
Date and time of acquisition read successfully from the original file: Yes
Live time read successfully from the original file: Yes
True time read successfully from the original file: Yes
GADRAS Tag character is:  
Version: 130122
Parent file type: Sandia GADRAS PCF
