$SPEC_ID:
226RA,1uC{13,13.16}
$MEAS_TIM:
3600.00 3600.00
$DATE_MEA:
3/9/2018 5:22:25 PM
$DATA:
0 1193
117.076
114.103
113.069
292.165
233.703
195.334
165.465
143.242
130.320
121.498
117.692
115.713
115.345
116.792
118.502
120.759
124.050
129.142
136.476
145.213
153.620
162.066
168.921
170.583
172.927
174.514
172.618
168.924
162.133
156.351
151.380
148.103
145.530
142.416
139.874
137.639
135.622
133.289
130.158
126.591
123.148
119.778
116.511
113.023
110.122
108.886
107.952
106.981
106.202
105.757
105.481
105.050
104.329
103.592
102.725
101.602
100.417
99.293
98.272
97.341
96.457
95.517
94.213
92.274
89.614
86.595
83.829
81.648
80.162
79.172
78.443
77.753
76.920
75.785
74.165
71.938
69.555
67.587
65.866
64.032
62.068
60.038
57.898
55.593
53.197
50.825
48.558
46.462
44.575
42.917
41.485
40.260
39.285
38.681
38.494
38.585
38.793
38.978
39.005
38.742
38.056
36.901
35.367
33.563
31.632
29.724
27.974
26.501
25.398
24.681
24.351
24.395
24.794
25.515
26.480
27.598
28.719
29.628
30.119
30.073
29.407
28.109
26.336
24.266
22.069
19.900
17.908
16.176
14.750
13.659
12.852
12.257
11.808
11.462
11.181
10.934
10.706
10.484
10.260
10.038
9.819
9.607
9.402
9.203
9.014
8.837
8.678
8.537
8.411
8.297
8.189
8.089
7.994
7.904
7.817
7.731
7.646
7.559
7.470
7.379
7.286
7.195
7.110
7.032
6.957
6.881
6.803
6.722
6.639
6.556
6.473
6.392
6.313
6.236
6.161
6.088
6.015
5.944
5.874
5.808
5.745
5.684
5.626
5.569
5.516
5.469
5.430
5.404
5.396
5.412
5.460
5.546
5.678
5.866
6.115
6.433
6.817
7.269
7.786
8.357
8.960
9.574
10.178
10.735
11.207
11.552
11.734
11.748
11.598
11.291
10.835
10.256
9.583
8.848
8.082
7.313
6.570
5.879
5.268
4.741
4.293
3.921
3.619
3.380
3.194
3.051
2.942
2.859
2.796
2.747
2.708
2.673
2.642
2.614
2.589
2.566
2.545
2.527
2.510
2.495
2.483
2.473
2.465
2.461
2.459
2.461
2.466
2.475
2.488
2.506
2.527
2.553
2.583
2.617
2.653
2.691
2.727
2.762
2.793
2.819
2.838
2.850
2.853
2.847
2.833
2.811
2.781
2.745
2.703
2.656
2.607
2.555
2.503
2.450
2.398
2.347
2.299
2.253
2.210
2.169
2.132
2.099
2.068
2.039
2.011
1.984
1.957
1.930
1.904
1.879
1.856
1.836
1.817
1.800
1.784
1.770
1.756
1.743
1.732
1.722
1.714
1.707
1.703
1.700
1.699
1.699
1.701
1.704
1.709
1.713
1.718
1.723
1.728
1.731
1.734
1.734
1.732
1.727
1.720
1.709
1.696
1.679
1.660
1.637
1.613
1.587
1.560
1.533
1.505
1.478
1.451
1.425
1.400
1.377
1.355
1.335
1.316
1.299
1.283
1.269
1.257
1.246
1.236
1.227
1.220
1.214
1.208
1.204
1.201
1.199
1.198
1.199
1.201
1.204
1.210
1.218
1.228
1.241
1.256
1.275
1.298
1.324
1.355
1.390
1.429
1.473
1.522
1.575
1.633
1.694
1.757
1.822
1.888
1.954
2.017
2.078
2.132
2.180
2.220
2.249
2.268
2.278
2.276
2.265
2.243
2.210
2.169
2.119
2.063
2.000
1.933
1.863
1.790
1.717
1.645
1.574
1.507
1.444
1.387
1.334
1.288
1.247
1.211
1.182
1.159
1.142
1.129
1.122
1.119
1.120
1.124
1.132
1.142
1.153
1.166
1.178
1.190
1.201
1.211
1.220
1.226
1.230
1.231
1.229
1.225
1.217
1.208
1.196
1.182
1.165
1.147
1.128
1.107
1.086
1.063
1.041
1.019
0.996
0.975
0.954
0.934
0.916
0.899
0.884
0.871
0.860
0.850
0.843
0.838
0.835
0.835
0.837
0.841
0.847
0.855
0.866
0.878
0.892
0.908
0.924
0.942
0.960
0.978
0.996
1.013
1.030
1.046
1.060
1.073
1.083
1.091
1.097
1.101
1.101
1.100
1.095
1.088
1.078
1.066
1.051
1.035
1.017
0.997
0.977
0.956
0.934
0.912
0.890
0.869
0.848
0.828
0.809
0.792
0.775
0.760
0.746
0.734
0.722
0.712
0.703
0.695
0.688
0.681
0.676
0.670
0.666
0.661
0.657
0.652
0.648
0.644
0.639
0.634
0.629
0.624
0.618
0.612
0.605
0.598
0.590
0.581
0.572
0.562
0.552
0.541
0.531
0.520
0.509
0.499
0.489
0.479
0.469
0.459
0.450
0.442
0.433
0.425
0.418
0.411
0.404
0.398
0.391
0.386
0.380
0.375
0.370
0.365
0.361
0.357
0.353
0.350
0.347
0.345
0.343
0.341
0.340
0.340
0.340
0.341
0.342
0.344
0.347
0.351
0.355
0.360
0.366
0.373
0.381
0.391
0.401
0.412
0.425
0.439
0.455
0.472
0.490
0.510
0.531
0.553
0.576
0.601
0.626
0.652
0.679
0.706
0.734
0.761
0.788
0.815
0.840
0.864
0.887
0.908
0.928
0.945
0.959
0.971
0.981
0.986
0.989
0.988
0.985
0.978
0.968
0.956
0.941
0.923
0.903
0.880
0.856
0.830
0.803
0.775
0.747
0.718
0.689
0.660
0.632
0.604
0.576
0.550
0.525
0.501
0.478
0.456
0.436
0.417
0.400
0.384
0.368
0.354
0.341
0.329
0.317
0.307
0.297
0.287
0.278
0.270
0.262
0.254
0.246
0.238
0.230
0.223
0.216
0.209
0.202
0.196
0.190
0.184
0.178
0.173
0.168
0.164
0.159
0.155
0.151
0.147
0.143
0.139
0.136
0.132
0.129
0.125
0.122
0.119
0.116
0.113
0.110
0.108
0.105
0.102
0.100
0.098
0.095
0.093
0.091
0.089
0.087
0.086
0.084
0.083
0.081
0.080
0.079
0.078
0.077
0.076
0.075
0.075
0.074
0.074
0.074
0.074
0.074
0.074
0.075
0.075
0.076
0.077
0.077
0.078
0.080
0.081
0.082
0.084
0.085
0.087
0.089
0.091
0.093
0.095
0.098
0.100
0.102
0.105
0.107
0.110
0.113
0.116
0.119
0.122
0.125
0.128
0.132
0.135
0.139
0.142
0.146
0.150
0.154
0.158
0.162
0.166
0.170
0.174
0.178
0.182
0.186
0.189
0.192
0.195
0.198
0.200
0.202
0.203
0.204
0.205
0.205
0.204
0.203
0.202
0.200
0.197
0.194
0.191
0.187
0.183
0.178
0.173
0.168
0.162
0.156
0.150
0.144
0.138
0.132
0.125
0.119
0.113
0.107
0.101
0.095
0.089
0.084
0.078
0.073
0.069
0.064
0.060
0.056
0.052
0.049
0.045
0.042
0.040
0.037
0.035
0.033
0.031
0.029
0.028
0.027
0.025
0.025
0.024
0.023
0.023
0.022
0.022
0.022
0.022
0.022
0.023
0.023
0.023
0.024
0.025
0.026
0.027
0.028
0.029
0.030
0.031
0.032
0.033
0.035
0.036
0.037
0.038
0.040
0.041
0.042
0.043
0.044
0.045
0.046
0.047
0.047
0.048
0.048
0.049
0.049
0.049
0.049
0.048
0.048
0.048
0.047
0.046
0.045
0.044
0.043
0.042
0.041
0.039
0.038
0.037
0.035
0.034
0.032
0.031
0.029
0.027
0.026
0.024
0.023
0.021
0.020
0.019
0.017
0.016
0.015
0.014
0.013
0.012
0.011
0.010
0.009
0.008
0.008
0.007
0.006
0.006
0.005
0.005
0.005
0.004
0.004
0.004
0.003
0.003
0.003
0.003
0.003
0.003
0.002
0.002
0.002
0.002
0.002
0.002
0.002
0.002
0.002
0.002
0.002
0.002
0.002
0.002
0.002
0.002
0.002
0.002
0.002
0.002
0.002
0.002
0.002
0.002
0.002
0.002
0.002
0.002
0.002
0.002
0.002
0.002
0.002
0.002
0.002
0.002
0.002
0.002
0.002
0.002
0.002
0.002
0.002
0.002
0.002
0.002
0.002
0.002
0.002
0.002
0.002
0.002
0.002
0.002
0.002
0.002
0.002
0.002
0.002
0.002
0.002
0.002
0.002
0.002
0.002
0.002
0.002
0.002
0.002
0.002
0.002
0.001
0.001
0.001
0.001
0.001
0.001
0.001
0.001
0.001
0.001
0.001
0.001
0.001
0.001
0.001
0.001
0.001
0.001
0.001
0.001
0.001
0.001
0.001
0.001
0.001
0.001
0.001
0.001
0.001
0.001
0.001
0.001
0.001
0.001
0.001
0.001
0.001
0.001
0.001
0.001
0.001
0.001
0.001
0.001
0.001
0.001
0.001
0.001
0.001
0.001
0.001
0.001
0.001
0.001
0.001
0.001
0.001
0.001
0.001
0.001
0.001
0.001
0.001
0.001
0.001
0.001
0.001
0.001
0.001
0.001
0.001
0.001
0.001
0.001
0.001
0.001
0.001
0.001
0.001
0.001
0.001
0.001
0.001
0.001
0.001
0.001
0.001
0.001
0.001
0.001
0.001
0.001
0.001
0.001
0.001
0.001
0.001
0.001
0.001
0.001
0.001
0.001
0.001
0.001
0.000
0.000
0.000
0.000
0.000
0.000
0.000
0.000
0.000
0.000
0.000
0.000
0.000
0.000
0.000
0.000
0.000
0.000
0.000
0.000
0.000
0.000
0.000
0.000
0.000
0.000
0.000
0.000
0.000
0.000
0.000
0.000
0.000
0.000
0.000
0.000
0.000
0.000
0.000
0.000
0.000
0.000
0.000
0.000
0.000
0.000
0.000
0.000
0.000
0.000
0.000
0.000
0.000
0.000
0.000
0.000
0.000
0.000
0.000
0.000
0.000
0.000
0.000
0.000
0.000
0.000
0.000
0.000
0.000
0.000
0.000
0.000
0.000
0.000
0.000
0.000
0.000
0.000
0.000
0.000
0.000
0.000
0.000
0.000
0.000
0.000
0.000
0.000
0.000
0.000
0.000
0.000
0.000
0.000
0.000
0.000
0.000
0.000
0.000
0.000
0.000
0.000
0.000
0.000
0.000
0.000
0.000
0.000
0.000
0.000
0.000
0.000
0.000
0.000
0.000
0.000
0.000
0.000
0.000
0.000
0.000
0.000
0.000
0.000
0.000
0.000
0.000
0.000
0.000
0.000
0.000
0.000
$MCA_CAL:
3
-1.4656616 2.9313233 0.00000000000000
$ENER_FIT:
-1.4656616 2.9313233 0.00000000000000
$MCA_CAL_DATA:
3
298 872
597 1749
896 2625
$CAMBIO:
Parent file specification: C:\GADRAS-DRF\Temp\parallelGUI2\226RA_75.0_300.0_alum_13.16_7.5.pcf
Successful read of spectrum: Yes
Error message: None
Warning: None
Information: None
Neutrons: 0
Number of spectral records in the parent file: 1
Record number of this spectrum in the parent file: 1
Date and time of acquisition read successfully from the original file: Yes
Live time read successfully from the original file: Yes
True time read successfully from the original file: Yes
GADRAS Tag character is:  
Version: 130122
Parent file type: Sandia GADRAS PCF
