$SPEC_ID:
226RA,1uC{82,1.61}
$MEAS_TIM:
3600.00 3600.00
$DATE_MEA:
3/9/2018 5:22:25 PM
$DATA:
0 1193
2538.297
2394.326
2232.852
2121.756
1886.036
1646.968
1447.279
1282.522
1155.534
1070.141
1016.267
974.831
940.494
913.840
882.159
857.610
836.939
819.333
812.318
816.180
832.707
857.269
894.898
935.360
982.385
1022.880
1044.361
1032.872
981.767
920.600
855.240
800.410
764.443
743.365
731.475
726.945
726.826
728.972
732.374
735.113
737.968
741.807
744.904
746.456
748.017
754.299
767.917
789.260
816.419
845.788
872.517
893.277
905.577
907.065
899.616
892.774
892.566
899.895
912.982
928.241
942.531
953.157
958.074
955.809
947.011
933.452
917.417
901.499
887.612
877.174
870.641
867.439
866.603
866.557
866.500
868.180
873.519
881.362
889.214
895.333
898.842
898.479
891.794
876.320
853.005
825.132
795.980
768.671
746.313
731.620
727.090
734.655
754.235
785.281
825.917
872.497
921.060
966.333
1002.098
1022.808
1025.949
1010.028
975.236
926.534
869.848
811.415
758.271
717.539
694.482
691.393
710.191
750.873
810.136
884.482
968.845
1055.561
1136.601
1204.481
1252.845
1275.420
1267.754
1231.847
1171.467
1090.560
995.420
893.348
791.611
695.527
608.307
533.122
471.881
423.285
385.425
356.464
334.639
318.239
305.583
295.306
286.748
279.324
272.491
266.037
259.976
254.306
249.054
244.264
239.992
236.303
233.188
230.597
228.446
226.679
225.225
224.001
222.944
221.972
221.038
220.079
219.053
217.904
216.631
215.215
213.658
211.961
210.124
208.164
206.082
203.900
201.640
199.346
197.045
194.778
192.565
190.421
188.378
186.455
184.673
183.059
181.633
180.435
179.524
179.006
179.002
179.611
181.005
183.471
187.313
192.832
200.334
210.192
222.774
238.462
257.626
280.428
306.712
336.326
369.101
404.798
442.534
481.194
519.754
557.087
592.031
623.229
649.367
669.049
680.976
684.779
680.679
668.970
649.919
623.972
592.149
555.871
516.538
475.492
434.040
393.133
353.675
316.523
282.565
252.438
226.088
203.302
183.874
167.627
154.306
143.554
134.987
128.232
122.899
118.655
115.315
112.741
110.780
109.286
108.136
107.269
106.672
106.320
106.199
106.283
106.572
107.084
107.824
108.807
110.041
111.532
113.254
115.188
117.312
119.604
122.037
124.555
127.104
129.616
132.031
134.287
136.336
138.123
139.603
140.725
141.453
141.733
141.580
141.024
140.078
138.763
137.112
135.148
132.920
130.477
127.876
125.158
122.374
119.568
116.776
114.035
111.379
108.853
106.480
104.260
102.168
100.191
98.299
96.475
94.699
92.991
91.370
89.852
88.472
87.246
86.191
85.293
84.533
83.882
83.319
82.825
82.374
81.975
81.629
81.364
81.174
81.082
81.090
81.195
81.364
81.588
81.840
82.094
82.338
82.547
82.712
82.809
82.833
82.761
82.587
82.289
81.874
81.334
80.676
79.889
78.976
77.942
76.792
75.557
74.251
72.903
71.524
70.146
68.778
67.437
66.122
64.846
63.622
62.448
61.343
60.306
59.349
58.470
57.682
56.986
56.392
55.899
55.515
55.240
55.071
55.017
55.074
55.248
55.539
55.963
56.522
57.236
58.107
59.155
60.377
61.799
63.408
65.206
67.203
69.391
71.781
74.360
77.138
80.066
83.134
86.299
89.550
92.843
96.163
99.472
102.706
105.829
108.772
111.500
113.942
116.061
117.812
119.186
120.156
120.732
120.880
120.611
119.891
118.735
117.177
115.246
113.006
110.479
107.729
104.781
101.691
98.501
95.260
92.002
88.790
85.658
82.652
79.825
77.207
74.808
72.623
70.671
68.944
67.459
66.208
65.212
64.437
63.871
63.481
63.242
63.136
63.125
63.202
63.326
63.488
63.658
63.828
63.966
64.062
64.092
64.040
63.890
63.645
63.315
62.891
62.385
61.796
61.130
60.380
59.568
58.694
57.783
56.838
55.879
54.920
53.966
53.040
52.143
51.293
50.490
49.750
49.079
48.488
47.979
47.570
47.258
47.042
46.925
46.906
46.986
47.158
47.431
47.795
48.252
48.781
49.375
50.021
50.708
51.419
52.142
52.871
53.586
54.281
54.944
55.566
56.129
56.632
57.055
57.395
57.632
57.781
57.828
57.773
57.625
57.373
57.027
56.574
56.032
55.390
54.673
53.882
53.040
52.149
51.229
50.290
49.339
48.395
47.454
46.531
45.622
44.736
43.878
43.053
42.262
41.515
40.807
40.143
39.513
38.919
38.359
37.826
37.324
36.842
36.386
35.946
35.523
35.114
34.716
34.322
33.936
33.549
33.159
32.765
32.366
31.960
31.544
31.120
30.683
30.237
29.775
29.300
28.810
28.308
27.796
27.277
26.756
26.233
25.713
25.200
24.696
24.202
23.724
23.257
22.805
22.369
21.951
21.548
21.161
20.795
20.447
20.119
19.813
19.531
19.270
19.036
18.826
18.645
18.491
18.368
18.275
18.214
18.188
18.196
18.242
18.325
18.449
18.614
18.823
19.075
19.375
19.720
20.116
20.560
21.058
21.609
22.214
22.876
23.595
24.372
25.201
26.084
27.015
27.995
29.017
30.083
31.187
32.326
33.500
34.700
35.918
37.141
38.366
39.579
40.778
41.944
43.082
44.172
45.207
46.187
47.095
47.934
48.685
49.356
49.924
50.394
50.750
50.991
51.116
51.114
51.006
50.790
50.458
50.025
49.491
48.863
48.129
47.310
46.404
45.424
44.369
43.260
42.101
40.905
39.674
38.424
37.164
35.895
34.634
33.381
32.144
30.921
29.722
28.551
27.414
26.308
25.246
24.230
23.260
22.337
21.458
20.622
19.823
19.062
18.337
17.646
16.984
16.351
15.746
15.168
14.612
14.083
13.578
13.095
12.635
12.197
11.782
11.384
11.008
10.650
10.310
9.985
9.677
9.383
9.101
8.831
8.572
8.323
8.082
7.848
7.622
7.404
7.191
6.987
6.790
6.599
6.416
6.240
6.071
5.908
5.753
5.604
5.463
5.328
5.200
5.079
4.966
4.858
4.758
4.666
4.580
4.501
4.429
4.364
4.306
4.254
4.210
4.173
4.142
4.118
4.102
4.091
4.087
4.091
4.101
4.118
4.143
4.174
4.213
4.259
4.312
4.373
4.440
4.515
4.597
4.686
4.782
4.883
4.991
5.105
5.225
5.349
5.479
5.616
5.755
5.900
6.049
6.202
6.359
6.519
6.685
6.851
7.021
7.193
7.370
7.546
7.723
7.902
8.080
8.256
8.428
8.599
8.766
8.926
9.083
9.232
9.373
9.506
9.630
9.743
9.845
9.935
10.012
10.074
10.120
10.152
10.166
10.161
10.140
10.100
10.045
9.970
9.880
9.774
9.653
9.517
9.364
9.200
9.019
8.826
8.620
8.405
8.179
7.943
7.703
7.455
7.203
6.947
6.689
6.431
6.172
5.915
5.660
5.408
5.160
4.917
4.678
4.445
4.220
4.003
3.793
3.593
3.403
3.223
3.053
2.894
2.744
2.605
2.474
2.354
2.243
2.142
2.050
1.967
1.894
1.829
1.773
1.725
1.686
1.653
1.628
1.609
1.597
1.592
1.591
1.596
1.607
1.621
1.640
1.663
1.689
1.718
1.749
1.783
1.817
1.854
1.890
1.928
1.965
2.001
2.037
2.071
2.105
2.136
2.166
2.192
2.216
2.238
2.256
2.270
2.280
2.286
2.288
2.285
2.279
2.269
2.254
2.236
2.214
2.188
2.159
2.126
2.089
2.049
2.006
1.959
1.910
1.859
1.805
1.750
1.693
1.634
1.575
1.515
1.455
1.395
1.334
1.274
1.215
1.156
1.098
1.041
0.986
0.931
0.878
0.827
0.778
0.730
0.685
0.642
0.601
0.562
0.525
0.491
0.458
0.427
0.398
0.371
0.346
0.323
0.301
0.281
0.262
0.246
0.230
0.216
0.203
0.192
0.181
0.172
0.163
0.156
0.149
0.143
0.138
0.133
0.129
0.125
0.122
0.120
0.117
0.116
0.114
0.113
0.112
0.111
0.111
0.110
0.110
0.110
0.109
0.109
0.109
0.109
0.109
0.109
0.110
0.110
0.110
0.110
0.110
0.110
0.110
0.109
0.109
0.109
0.109
0.108
0.108
0.108
0.107
0.107
0.106
0.105
0.105
0.104
0.103
0.102
0.101
0.101
0.100
0.099
0.098
0.097
0.096
0.094
0.093
0.092
0.091
0.090
0.089
0.088
0.087
0.085
0.084
0.083
0.082
0.081
0.080
0.079
0.078
0.077
0.076
0.075
0.074
0.073
0.072
0.071
0.071
0.070
0.069
0.068
0.068
0.067
0.067
0.066
0.066
0.065
0.065
0.065
0.064
0.064
0.064
0.063
0.063
0.063
0.063
0.062
0.062
0.062
0.062
0.062
0.062
0.062
0.062
0.061
0.061
0.061
0.061
0.061
0.061
0.061
0.061
0.061
0.060
0.060
0.060
0.060
0.060
0.060
0.059
0.059
0.059
0.059
0.058
0.058
0.058
0.058
0.057
0.057
0.057
0.056
0.056
0.055
0.055
0.055
0.054
0.054
0.053
0.053
0.052
0.051
0.051
0.050
0.049
0.049
0.048
0.047
0.047
0.046
0.045
0.044
0.044
0.043
0.042
0.041
0.040
0.039
0.038
0.037
0.037
0.036
0.035
0.034
0.033
0.032
0.031
0.030
0.029
0.028
0.027
0.026
0.026
0.025
0.024
0.023
0.022
0.021
0.020
0.020
0.019
0.018
0.017
0.016
0.016
0.015
0.014
0.014
0.013
0.012
0.012
0.011
0.011
0.010
0.010
0.009
0.009
0.008
0.008
0.007
0.007
0.007
0.006
0.006
0.006
0.005
0.005
0.005
0.004
0.004
0.004
0.004
0.003
0.003
0.003
0.003
0.003
0.003
0.002
0.002
0.002
0.002
0.002
0.002
0.002
0.001
0.001
0.001
0.001
0.001
0.001
0.001
0.001
0.001
0.001
0.001
0.001
0.001
0.001
0.001
0.001
0.000
0.000
0.000
0.000
0.000
0.000
0.000
0.000
0.000
0.000
0.000
0.000
0.000
0.000
0.000
0.000
0.000
0.000
0.000
0.000
0.000
0.000
0.000
0.000
0.000
0.000
0.000
0.000
0.000
0.000
0.000
0.000
0.000
0.000
0.000
0.000
0.000
0.000
0.000
0.000
0.000
0.000
0.000
0.000
0.000
0.000
0.000
0.000
0.000
0.000
0.000
0.000
0.000
0.000
0.000
0.000
0.000
0.000
0.000
0.000
0.000
0.000
$MCA_CAL:
3
-1.4656616 2.9313233 0.00000000000000
$ENER_FIT:
-1.4656616 2.9313233 0.00000000000000
$MCA_CAL_DATA:
3
298 872
597 1749
896 2625
$CAMBIO:
Parent file specification: C:\GADRAS-DRF\Temp\parallelGUI2\226RA_50.0_50.0_lead_1.61_9.0.pcf
Successful read of spectrum: Yes
Error message: None
Warning: None
Information: None
Neutrons: 0
Number of spectral records in the parent file: 1
Record number of this spectrum in the parent file: 1
Date and time of acquisition read successfully from the original file: Yes
Live time read successfully from the original file: Yes
True time read successfully from the original file: Yes
GADRAS Tag character is:  
Version: 130122
Parent file type: Sandia GADRAS PCF
