$SPEC_ID:
226RA,1uC{82,0.22}
$MEAS_TIM:
3600.00 3600.00
$DATE_MEA:
3/9/2018 5:22:25 PM
$DATA:
0 1193
2585.518
2438.349
2239.821
2004.235
1749.674
1533.098
1350.823
1177.673
1057.008
964.573
903.431
860.710
838.898
870.568
972.464
1073.190
1042.012
929.138
853.121
836.264
882.453
1014.992
1284.715
1729.811
2280.765
2680.547
2643.578
2226.290
1724.812
1335.712
1061.088
849.269
699.579
613.701
575.286
564.008
564.547
569.189
574.226
579.212
585.383
592.574
599.476
605.055
608.771
610.933
616.778
629.844
648.839
670.453
688.164
695.023
695.151
697.225
710.830
739.070
780.831
831.940
890.075
954.027
1016.357
1066.764
1093.742
1090.779
1059.323
1006.425
943.568
883.539
838.239
810.118
797.780
799.219
811.974
832.376
857.677
890.092
932.467
984.360
1043.595
1103.286
1154.839
1188.897
1196.351
1174.838
1126.965
1059.851
985.775
915.861
858.143
819.537
803.717
813.242
849.402
912.559
1000.845
1108.230
1227.115
1343.589
1441.209
1506.188
1527.921
1498.616
1423.897
1313.730
1181.506
1045.133
922.176
824.581
761.620
740.321
761.909
826.656
931.181
1068.530
1230.744
1403.976
1571.306
1716.188
1823.252
1877.318
1869.239
1803.434
1686.560
1529.128
1348.376
1161.940
983.659
822.333
686.192
578.409
495.969
435.538
393.187
364.388
344.560
330.153
319.168
309.709
300.519
291.594
283.087
275.099
267.642
260.682
254.226
248.373
243.273
239.075
235.766
233.238
231.351
229.995
229.038
228.341
227.790
227.285
226.757
226.118
225.325
224.344
223.162
221.747
220.096
218.210
216.073
213.708
211.140
208.411
205.550
202.626
199.697
196.839
194.102
191.500
189.056
186.784
184.688
182.768
181.021
179.458
178.085
176.928
176.022
175.414
175.339
176.094
177.973
181.322
186.690
194.691
205.917
220.982
240.525
265.209
295.668
332.326
374.824
422.683
475.388
532.087
590.808
649.170
704.855
755.517
798.944
832.850
854.988
863.368
857.829
839.394
809.063
767.949
717.763
661.191
600.932
539.613
479.565
422.198
368.835
320.742
279.061
243.775
214.375
190.324
171.086
156.087
144.623
135.997
129.510
124.525
120.691
117.772
115.527
113.726
112.205
110.933
109.896
109.058
108.408
107.946
107.692
107.653
107.845
108.291
109.010
110.031
111.378
113.084
115.153
117.570
120.318
123.376
126.723
130.298
134.007
137.741
141.401
144.883
148.097
150.938
153.311
155.118
156.280
156.762
156.595
155.812
154.427
152.468
150.014
147.146
143.960
140.544
136.997
133.384
129.767
126.205
122.759
119.485
116.407
113.524
110.818
108.284
105.908
103.686
101.596
99.624
97.753
95.974
94.272
92.658
91.161
89.794
88.578
87.528
86.641
85.887
85.243
84.691
84.200
83.767
83.406
83.156
83.021
83.040
83.220
83.554
83.997
84.530
85.116
85.719
86.320
86.886
87.403
87.834
88.170
88.376
88.442
88.332
88.037
87.529
86.793
85.810
84.609
83.233
81.705
80.071
78.359
76.606
74.824
73.044
71.278
69.554
67.883
66.286
64.775
63.353
62.036
60.829
59.748
58.783
57.939
57.203
56.576
56.042
55.606
55.262
55.010
54.860
54.810
54.867
55.030
55.316
55.732
56.303
57.036
57.957
59.069
60.407
61.972
63.784
65.868
68.230
70.898
73.862
77.130
80.662
84.458
88.487
92.749
97.198
101.775
106.404
110.992
115.477
119.762
123.789
127.464
130.734
133.526
135.775
137.396
138.342
138.561
138.104
136.984
135.250
132.938
130.065
126.693
122.879
118.734
114.330
109.774
105.153
100.562
96.063
91.724
87.577
83.671
80.058
76.781
73.888
71.378
69.253
67.490
66.089
65.025
64.305
63.895
63.772
63.886
64.197
64.671
65.253
65.921
66.617
67.324
68.000
68.628
69.164
69.588
69.867
69.986
69.940
69.733
69.378
68.864
68.206
67.401
66.465
65.406
64.255
63.020
61.731
60.396
59.043
57.688
56.342
55.031
53.762
52.561
51.435
50.409
49.493
48.695
48.016
47.471
47.059
46.786
46.664
46.693
46.869
47.182
47.630
48.201
48.896
49.699
50.609
51.607
52.674
53.787
54.925
56.074
57.206
58.306
59.355
60.340
61.238
62.043
62.730
63.294
63.706
63.973
64.080
64.032
63.838
63.490
63.001
62.361
61.589
60.681
59.666
58.554
57.373
56.132
54.856
53.564
52.266
50.985
49.724
48.505
47.332
46.224
45.191
44.247
43.390
42.619
41.916
41.280
40.693
40.150
39.643
39.157
38.694
38.249
37.829
37.428
37.052
36.698
36.369
36.060
35.771
35.487
35.198
34.898
34.575
34.220
33.821
33.375
32.879
32.346
31.778
31.184
30.572
29.947
29.316
28.685
28.059
27.438
26.826
26.226
25.639
25.066
24.514
23.979
23.466
22.974
22.502
22.051
21.619
21.208
20.817
20.446
20.096
19.768
19.462
19.181
18.923
18.693
18.488
18.313
18.167
18.051
17.969
17.920
17.908
17.933
17.998
18.104
18.253
18.447
18.692
18.987
19.339
19.747
20.218
20.754
21.356
22.030
22.773
23.589
24.478
25.443
26.483
27.603
28.800
30.077
31.424
32.833
34.299
35.812
37.367
38.950
40.561
42.184
43.815
45.429
47.023
48.570
50.057
51.475
52.799
54.022
55.118
56.095
56.929
57.624
58.165
58.550
58.776
58.819
58.693
58.387
57.899
57.254
56.458
55.527
54.457
53.278
51.990
50.612
49.143
47.609
46.021
44.396
42.743
41.081
39.428
37.787
36.183
34.624
33.115
31.654
30.249
28.902
27.617
26.391
25.233
24.146
23.126
22.173
21.280
20.445
19.658
18.919
18.221
17.561
16.930
16.328
15.752
15.202
14.673
14.167
13.684
13.219
12.775
12.347
11.938
11.543
11.165
10.802
10.454
10.121
9.802
9.497
9.205
8.927
8.661
8.407
8.163
7.929
7.704
7.488
7.278
7.074
6.877
6.683
6.495
6.312
6.136
5.964
5.799
5.640
5.489
5.345
5.208
5.079
4.958
4.843
4.737
4.637
4.545
4.460
4.382
4.312
4.247
4.191
4.141
4.098
4.063
4.035
4.015
4.002
3.997
4.000
4.011
4.029
4.056
4.090
4.132
4.182
4.240
4.306
4.380
4.461
4.550
4.647
4.751
4.861
4.980
5.104
5.235
5.371
5.513
5.663
5.815
5.975
6.140
6.311
6.486
6.668
6.856
7.047
7.246
7.450
7.660
7.872
8.089
8.310
8.532
8.757
8.981
9.208
9.434
9.657
9.880
10.098
10.309
10.510
10.703
10.883
11.046
11.195
11.324
11.433
11.518
11.583
11.624
11.640
11.635
11.603
11.550
11.468
11.364
11.232
11.075
10.894
10.690
10.467
10.222
9.962
9.684
9.395
9.092
8.778
8.457
8.128
7.794
7.456
7.118
6.779
6.443
6.111
5.785
5.467
5.158
4.861
4.574
4.299
4.037
3.786
3.548
3.322
3.110
2.911
2.726
2.555
2.397
2.253
2.121
2.002
1.894
1.799
1.714
1.640
1.577
1.523
1.478
1.443
1.416
1.398
1.387
1.384
1.389
1.400
1.418
1.442
1.472
1.507
1.548
1.592
1.641
1.693
1.748
1.806
1.865
1.926
1.988
2.051
2.113
2.175
2.236
2.294
2.351
2.405
2.455
2.501
2.543
2.581
2.612
2.638
2.657
2.671
2.678
2.680
2.675
2.664
2.647
2.624
2.594
2.558
2.516
2.468
2.415
2.357
2.295
2.229
2.159
2.087
2.012
1.935
1.857
1.778
1.698
1.617
1.537
1.458
1.378
1.301
1.224
1.150
1.077
1.008
0.941
0.877
0.817
0.759
0.704
0.652
0.603
0.556
0.513
0.473
0.435
0.401
0.369
0.340
0.313
0.289
0.267
0.247
0.229
0.213
0.199
0.186
0.174
0.164
0.155
0.147
0.140
0.134
0.129
0.125
0.122
0.119
0.116
0.114
0.113
0.112
0.111
0.110
0.110
0.110
0.110
0.110
0.110
0.111
0.111
0.112
0.113
0.113
0.114
0.115
0.115
0.116
0.117
0.117
0.118
0.118
0.119
0.119
0.119
0.119
0.119
0.119
0.119
0.119
0.119
0.119
0.118
0.118
0.117
0.116
0.116
0.115
0.114
0.113
0.112
0.111
0.110
0.109
0.108
0.107
0.105
0.104
0.103
0.101
0.100
0.098
0.097
0.095
0.094
0.092
0.091
0.089
0.088
0.086
0.085
0.084
0.082
0.081
0.080
0.079
0.078
0.076
0.075
0.074
0.073
0.073
0.072
0.071
0.070
0.070
0.069
0.068
0.068
0.068
0.067
0.067
0.066
0.066
0.066
0.066
0.066
0.065
0.065
0.065
0.065
0.065
0.065
0.065
0.065
0.065
0.065
0.065
0.065
0.065
0.065
0.065
0.065
0.065
0.065
0.065
0.065
0.065
0.065
0.064
0.064
0.064
0.064
0.064
0.064
0.064
0.063
0.063
0.063
0.063
0.062
0.062
0.062
0.062
0.061
0.061
0.061
0.060
0.060
0.059
0.059
0.058
0.058
0.057
0.057
0.056
0.055
0.055
0.054
0.053
0.053
0.052
0.051
0.050
0.049
0.048
0.048
0.047
0.046
0.045
0.044
0.043
0.042
0.041
0.039
0.038
0.037
0.036
0.035
0.034
0.033
0.032
0.031
0.030
0.028
0.027
0.026
0.025
0.024
0.023
0.022
0.021
0.020
0.019
0.018
0.018
0.017
0.016
0.015
0.014
0.014
0.013
0.012
0.012
0.011
0.010
0.010
0.009
0.009
0.008
0.008
0.007
0.007
0.006
0.006
0.006
0.005
0.005
0.005
0.004
0.004
0.004
0.004
0.003
0.003
0.003
0.003
0.003
0.002
0.002
0.002
0.002
0.002
0.002
0.002
0.002
0.001
0.001
0.001
0.001
0.001
0.001
0.001
0.001
0.001
0.001
0.001
0.001
0.001
0.001
0.001
0.000
0.000
0.000
0.000
0.000
0.000
0.000
0.000
0.000
0.000
0.000
0.000
0.000
0.000
0.000
0.000
0.000
0.000
0.000
0.000
0.000
0.000
0.000
0.000
0.000
0.000
0.000
0.000
0.000
0.000
0.000
0.000
0.000
0.000
0.000
0.000
0.000
0.000
0.000
0.000
0.000
0.000
0.000
0.000
0.000
0.000
0.000
0.000
0.000
0.000
0.000
0.000
0.000
0.000
0.000
0.000
0.000
0.000
0.000
0.000
0.000
0.000
0.000
0.000
0.000
0.000
$MCA_CAL:
3
-1.4656616 2.9313233 0.00000000000000
$ENER_FIT:
-1.4656616 2.9313233 0.00000000000000
$MCA_CAL_DATA:
3
298 872
597 1749
896 2625
$CAMBIO:
Parent file specification: C:\GADRAS-DRF\Temp\parallelGUI2\226RA_150.0_50.0_lead_0.22_8.0.pcf
Successful read of spectrum: Yes
Error message: None
Warning: None
Information: None
Neutrons: 0
Number of spectral records in the parent file: 1
Record number of this spectrum in the parent file: 1
Date and time of acquisition read successfully from the original file: Yes
Live time read successfully from the original file: Yes
True time read successfully from the original file: Yes
GADRAS Tag character is:  
Version: 130122
Parent file type: Sandia GADRAS PCF
