$SPEC_ID:
226RA,1uC{0,0}
$MEAS_TIM:
3600.00 3600.00
$DATE_MEA:
3/9/2018 5:22:25 PM
$DATA:
0 1193
314.752
324.162
309.638
333.601
360.390
241.523
175.448
150.754
142.442
139.049
140.031
142.837
147.386
156.587
172.311
193.238
175.838
151.666
149.356
152.508
156.290
159.214
168.476
185.979
218.647
252.376
246.053
208.977
164.716
137.499
113.685
95.061
82.279
76.196
73.929
72.947
72.442
71.893
71.369
70.660
70.118
69.571
69.111
68.871
69.210
69.676
71.448
73.249
76.370
80.854
86.757
92.541
96.470
98.112
97.542
95.616
93.370
91.433
90.272
90.212
90.906
91.696
91.649
89.726
85.394
80.314
76.494
75.230
76.917
81.204
87.106
93.111
97.789
100.030
99.302
96.153
91.655
86.967
82.998
80.235
78.453
76.677
73.647
69.078
63.324
57.294
51.801
47.423
44.168
41.867
40.311
39.369
39.028
39.572
41.385
44.699
49.481
55.182
60.793
64.786
65.988
63.701
58.289
50.881
42.848
35.593
29.794
25.730
23.262
22.104
22.157
23.430
26.140
30.570
36.803
44.763
53.664
62.318
69.185
72.534
71.697
66.990
59.212
49.747
39.948
30.998
23.841
18.587
15.106
13.025
11.858
11.234
10.884
10.617
10.385
10.154
9.905
9.619
9.304
8.989
8.691
8.404
8.119
7.843
7.591
7.373
7.194
7.057
6.959
6.896
6.859
6.843
6.840
6.843
6.844
6.839
6.827
6.805
6.776
6.743
6.707
6.669
6.627
6.579
6.518
6.442
6.351
6.246
6.132
6.014
5.898
5.790
5.694
5.611
5.541
5.480
5.425
5.374
5.325
5.279
5.231
5.179
5.122
5.061
4.998
4.937
4.881
4.834
4.802
4.797
4.832
4.927
5.117
5.436
5.932
6.665
7.697
9.077
10.833
12.990
15.525
18.326
21.276
24.215
26.902
29.080
30.533
31.175
30.938
29.792
27.872
25.372
22.479
19.400
16.345
13.517
11.041
8.947
7.264
5.992
5.070
4.432
4.012
3.756
3.610
3.525
3.469
3.428
3.390
3.345
3.293
3.238
3.182
3.128
3.079
3.038
3.007
2.984
2.968
2.957
2.949
2.944
2.940
2.938
2.938
2.943
2.954
2.975
3.009
3.061
3.134
3.229
3.347
3.489
3.653
3.831
4.018
4.206
4.387
4.550
4.683
4.778
4.835
4.850
4.824
4.760
4.663
4.542
4.404
4.255
4.101
3.950
3.806
3.672
3.549
3.436
3.334
3.244
3.162
3.089
3.023
2.964
2.908
2.855
2.804
2.755
2.706
2.658
2.610
2.564
2.520
2.479
2.443
2.409
2.379
2.351
2.326
2.303
2.282
2.263
2.246
2.233
2.225
2.224
2.230
2.245
2.266
2.293
2.326
2.364
2.406
2.452
2.499
2.546
2.589
2.625
2.651
2.664
2.664
2.650
2.621
2.578
2.522
2.458
2.386
2.310
2.232
2.154
2.079
2.008
1.943
1.883
1.829
1.779
1.734
1.694
1.658
1.626
1.599
1.576
1.556
1.540
1.526
1.514
1.505
1.498
1.492
1.487
1.484
1.483
1.482
1.484
1.487
1.493
1.500
1.510
1.521
1.536
1.555
1.579
1.609
1.647
1.695
1.755
1.830
1.922
2.032
2.162
2.311
2.479
2.668
2.874
3.092
3.318
3.547
3.774
3.991
4.191
4.364
4.504
4.602
4.659
4.673
4.645
4.575
4.463
4.317
4.142
3.945
3.730
3.506
3.277
3.050
2.830
2.623
2.431
2.258
2.102
1.964
1.846
1.747
1.667
1.604
1.557
1.526
1.510
1.507
1.518
1.540
1.573
1.615
1.665
1.721
1.781
1.843
1.906
1.967
2.024
2.076
2.118
2.151
2.173
2.185
2.186
2.177
2.157
2.127
2.089
2.045
1.994
1.940
1.882
1.823
1.762
1.702
1.643
1.585
1.530
1.477
1.427
1.381
1.337
1.298
1.262
1.231
1.203
1.180
1.161
1.148
1.139
1.137
1.141
1.151
1.168
1.191
1.220
1.256
1.298
1.345
1.397
1.452
1.511
1.572
1.634
1.695
1.756
1.812
1.865
1.911
1.951
1.983
2.008
2.024
2.031
2.028
2.017
1.997
1.970
1.934
1.892
1.843
1.790
1.733
1.673
1.613
1.552
1.493
1.435
1.379
1.326
1.277
1.232
1.192
1.156
1.125
1.100
1.080
1.065
1.054
1.047
1.042
1.039
1.038
1.037
1.036
1.036
1.037
1.038
1.040
1.042
1.043
1.044
1.042
1.039
1.033
1.024
1.012
0.998
0.982
0.963
0.942
0.920
0.896
0.871
0.846
0.821
0.797
0.774
0.752
0.731
0.711
0.693
0.676
0.660
0.645
0.631
0.618
0.606
0.594
0.584
0.573
0.564
0.554
0.544
0.535
0.525
0.516
0.507
0.498
0.490
0.483
0.476
0.470
0.466
0.462
0.459
0.457
0.456
0.456
0.458
0.460
0.463
0.467
0.472
0.478
0.485
0.493
0.503
0.515
0.528
0.543
0.560
0.581
0.604
0.630
0.660
0.695
0.733
0.775
0.822
0.873
0.929
0.990
1.055
1.124
1.195
1.269
1.345
1.422
1.499
1.575
1.649
1.719
1.785
1.845
1.897
1.941
1.976
2.002
2.018
2.022
2.016
1.998
1.968
1.929
1.880
1.824
1.760
1.690
1.616
1.538
1.457
1.376
1.296
1.218
1.142
1.071
1.004
0.941
0.884
0.831
0.783
0.741
0.704
0.671
0.642
0.617
0.595
0.576
0.558
0.542
0.528
0.514
0.501
0.489
0.476
0.464
0.451
0.438
0.424
0.411
0.397
0.383
0.369
0.356
0.342
0.329
0.316
0.303
0.292
0.281
0.271
0.261
0.253
0.245
0.237
0.231
0.224
0.219
0.213
0.208
0.203
0.198
0.193
0.188
0.183
0.178
0.173
0.168
0.163
0.158
0.154
0.149
0.145
0.141
0.137
0.133
0.130
0.126
0.123
0.120
0.117
0.114
0.112
0.109
0.107
0.105
0.104
0.102
0.101
0.100
0.099
0.098
0.098
0.098
0.098
0.098
0.099
0.100
0.101
0.103
0.105
0.107
0.109
0.112
0.115
0.118
0.122
0.126
0.129
0.133
0.138
0.142
0.146
0.150
0.155
0.159
0.163
0.167
0.171
0.176
0.180
0.184
0.188
0.193
0.198
0.203
0.209
0.215
0.222
0.229
0.237
0.245
0.255
0.264
0.274
0.285
0.296
0.308
0.319
0.331
0.342
0.353
0.363
0.372
0.381
0.388
0.394
0.398
0.401
0.402
0.402
0.400
0.396
0.390
0.382
0.373
0.363
0.351
0.338
0.324
0.309
0.294
0.278
0.262
0.246
0.229
0.214
0.198
0.184
0.170
0.156
0.143
0.132
0.120
0.110
0.101
0.092
0.084
0.077
0.071
0.065
0.060
0.056
0.052
0.048
0.045
0.042
0.039
0.037
0.035
0.033
0.031
0.029
0.028
0.027
0.026
0.025
0.024
0.024
0.023
0.023
0.023
0.023
0.024
0.025
0.026
0.027
0.028
0.030
0.032
0.034
0.037
0.039
0.042
0.045
0.049
0.052
0.056
0.060
0.063
0.067
0.071
0.074
0.078
0.081
0.084
0.087
0.090
0.092
0.094
0.096
0.097
0.098
0.098
0.098
0.098
0.097
0.095
0.093
0.091
0.089
0.086
0.083
0.079
0.076
0.072
0.068
0.064
0.060
0.056
0.052
0.048
0.045
0.041
0.037
0.034
0.031
0.028
0.025
0.023
0.020
0.018
0.016
0.015
0.013
0.012
0.010
0.009
0.008
0.007
0.007
0.006
0.005
0.005
0.004
0.004
0.004
0.004
0.003
0.003
0.003
0.003
0.003
0.003
0.003
0.003
0.003
0.003
0.003
0.003
0.003
0.003
0.003
0.003
0.003
0.003
0.003
0.003
0.003
0.003
0.003
0.003
0.003
0.003
0.003
0.003
0.003
0.003
0.003
0.003
0.003
0.003
0.003
0.003
0.004
0.004
0.004
0.004
0.004
0.004
0.004
0.004
0.004
0.004
0.004
0.004
0.004
0.004
0.004
0.004
0.004
0.004
0.003
0.003
0.003
0.003
0.003
0.003
0.003
0.003
0.003
0.003
0.003
0.003
0.003
0.003
0.003
0.003
0.003
0.003
0.003
0.003
0.003
0.002
0.002
0.002
0.002
0.002
0.002
0.002
0.002
0.002
0.002
0.002
0.002
0.002
0.002
0.002
0.002
0.002
0.002
0.002
0.002
0.002
0.002
0.002
0.002
0.002
0.002
0.002
0.002
0.002
0.002
0.002
0.002
0.002
0.002
0.002
0.002
0.002
0.002
0.002
0.002
0.002
0.002
0.002
0.002
0.002
0.002
0.002
0.002
0.002
0.002
0.002
0.002
0.002
0.002
0.002
0.002
0.002
0.002
0.002
0.002
0.002
0.002
0.002
0.002
0.002
0.002
0.002
0.002
0.002
0.002
0.002
0.002
0.002
0.002
0.002
0.002
0.002
0.002
0.002
0.002
0.002
0.002
0.002
0.002
0.002
0.002
0.002
0.002
0.001
0.001
0.001
0.001
0.001
0.001
0.001
0.001
0.001
0.001
0.001
0.001
0.001
0.001
0.001
0.001
0.001
0.001
0.001
0.001
0.001
0.001
0.001
0.001
0.001
0.001
0.000
0.000
0.000
0.000
0.000
0.000
0.000
0.000
0.000
0.000
0.000
0.000
0.000
0.000
0.000
0.000
0.000
0.000
0.000
0.000
0.000
0.000
0.000
0.000
0.000
0.000
0.000
0.000
0.000
0.000
0.000
0.000
0.000
0.000
0.000
0.000
0.000
0.000
0.000
0.000
0.000
0.000
0.000
0.000
0.000
0.000
0.000
0.000
0.000
0.000
0.000
0.000
0.000
0.000
0.000
0.000
0.000
0.000
0.000
0.000
0.000
0.000
0.000
0.000
0.000
0.000
0.000
0.000
0.000
0.000
0.000
0.000
0.000
0.000
0.000
0.000
0.000
0.000
0.000
0.000
0.000
0.000
0.000
0.000
0.000
0.000
0.000
0.000
0.000
0.000
0.000
0.000
0.000
0.000
0.000
0.000
0.000
0.000
0.000
0.000
0.000
0.000
0.000
0.000
0.000
0.000
0.000
0.000
0.000
0.000
0.000
0.000
0.000
0.000
0.000
0.000
0.000
0.000
0.000
0.000
0.000
0.000
0.000
0.000
0.000
0.000
$MCA_CAL:
3
-1.4656616 2.9313233 0.00000000000000
$ENER_FIT:
-1.4656616 2.9313233 0.00000000000000
$MCA_CAL_DATA:
3
298 872
597 1749
896 2625
$CAMBIO:
Parent file specification: C:\GADRAS-DRF\Temp\parallelGUI2\226RA_150.0_300.0_none_0_6.0.pcf
Successful read of spectrum: Yes
Error message: None
Warning: None
Information: None
Neutrons: 0
Number of spectral records in the parent file: 1
Record number of this spectrum in the parent file: 1
Date and time of acquisition read successfully from the original file: Yes
Live time read successfully from the original file: Yes
True time read successfully from the original file: Yes
GADRAS Tag character is:  
Version: 130122
Parent file type: Sandia GADRAS PCF
