$SPEC_ID:
226RA,1uC{82,1.61}
$MEAS_TIM:
3600.00 3600.00
$DATE_MEA:
3/9/2018 5:22:25 PM
$DATA:
0 1193
769.625
734.134
689.679
661.309
583.896
504.384
440.924
391.481
357.731
337.991
327.572
320.128
312.192
305.519
295.780
287.373
280.091
274.113
271.989
274.053
281.529
291.825
305.008
317.550
332.105
348.931
356.019
350.245
330.334
302.092
275.238
253.865
241.303
234.702
230.785
229.360
229.335
229.841
230.195
230.264
230.327
230.335
230.085
229.864
230.806
234.540
240.403
247.613
256.359
266.549
276.802
284.756
289.337
290.265
288.008
284.474
281.340
278.484
276.383
276.069
277.091
278.281
278.072
275.645
271.418
266.435
262.137
259.395
258.636
259.693
262.060
264.730
266.609
266.905
265.165
261.973
258.108
253.930
249.684
245.547
241.577
237.051
230.961
223.128
213.976
204.100
194.285
185.279
177.746
172.275
169.207
168.793
171.246
176.748
185.157
195.711
207.467
218.876
228.134
233.708
234.382
229.263
219.024
204.844
188.295
171.472
156.429
144.586
137.056
134.703
137.723
146.211
159.776
177.565
198.582
221.021
242.644
261.249
274.719
280.940
278.666
268.604
251.780
229.673
204.558
178.753
154.104
131.823
113.047
98.201
86.833
78.446
72.488
68.351
65.422
63.223
61.474
59.911
58.359
56.828
55.351
53.951
52.630
51.384
50.216
49.144
48.196
47.399
46.753
46.240
45.839
45.530
45.294
45.106
44.949
44.804
44.660
44.500
44.317
44.107
43.867
43.593
43.283
42.938
42.554
42.136
41.685
41.210
40.714
40.209
39.702
39.207
38.730
38.273
37.839
37.429
37.044
36.684
36.350
36.044
35.769
35.529
35.331
35.184
35.128
35.211
35.484
36.005
36.866
38.173
40.024
42.525
45.778
49.894
54.974
61.088
68.177
76.160
84.954
94.415
104.214
113.952
123.242
131.689
138.917
144.535
148.158
149.447
148.379
145.135
139.896
132.857
124.310
114.701
104.479
94.083
83.899
74.170
65.120
56.968
49.908
43.937
38.964
34.896
31.640
29.096
27.147
25.677
24.567
23.713
23.053
22.550
22.160
21.846
21.580
21.356
21.172
21.022
20.906
20.822
20.774
20.763
20.793
20.868
20.989
21.163
21.393
21.685
22.038
22.452
22.922
23.447
24.022
24.637
25.275
25.917
26.547
27.144
27.695
28.180
28.582
28.886
29.076
29.147
29.105
28.955
28.700
28.346
27.906
27.393
26.826
26.218
25.588
24.945
24.302
23.669
23.056
22.474
21.925
21.412
20.929
20.477
20.052
19.655
19.281
18.928
18.593
18.273
17.966
17.675
17.404
17.157
16.936
16.745
16.582
16.444
16.325
16.222
16.130
16.047
15.977
15.927
15.897
15.895
15.922
15.976
16.049
16.139
16.238
16.339
16.441
16.536
16.622
16.693
16.747
16.778
16.784
16.758
16.700
16.604
16.467
16.285
16.065
15.813
15.534
15.237
14.925
14.607
14.283
13.960
13.639
13.326
13.023
12.733
12.459
12.201
11.961
11.742
11.545
11.369
11.215
11.080
10.965
10.866
10.785
10.721
10.674
10.645
10.634
10.642
10.670
10.720
10.794
10.896
11.027
11.192
11.392
11.633
11.915
12.241
12.617
13.043
13.525
14.061
14.651
15.290
15.977
16.707
17.478
18.284
19.113
19.952
20.783
21.595
22.371
23.099
23.764
24.354
24.858
25.262
25.551
25.718
25.751
25.661
25.451
25.128
24.701
24.172
23.553
22.854
22.095
21.289
20.456
19.611
18.772
17.949
17.156
16.397
15.683
15.022
14.423
13.894
13.435
13.046
12.724
12.468
12.273
12.141
12.066
12.043
12.063
12.120
12.206
12.311
12.432
12.559
12.687
12.809
12.922
13.019
13.095
13.144
13.164
13.153
13.114
13.047
12.951
12.828
12.679
12.505
12.310
12.097
11.869
11.631
11.385
11.135
10.885
10.636
10.394
10.160
9.938
9.730
9.540
9.371
9.223
9.098
8.997
8.920
8.870
8.846
8.851
8.882
8.939
9.021
9.125
9.252
9.399
9.566
9.748
9.944
10.148
10.357
10.568
10.775
10.977
11.169
11.349
11.513
11.660
11.785
11.888
11.962
12.010
12.028
12.018
11.981
11.915
11.823
11.704
11.560
11.391
11.202
10.995
10.776
10.545
10.308
10.069
9.828
9.590
9.356
9.130
8.913
8.707
8.516
8.340
8.181
8.038
7.908
7.789
7.680
7.579
7.485
7.394
7.308
7.224
7.146
7.071
7.000
6.934
6.872
6.814
6.760
6.706
6.652
6.595
6.534
6.468
6.393
6.309
6.216
6.117
6.010
5.899
5.785
5.668
5.550
5.432
5.315
5.199
5.085
4.973
4.864
4.757
4.654
4.554
4.459
4.367
4.279
4.195
4.114
4.037
3.964
3.895
3.830
3.769
3.711
3.659
3.611
3.567
3.529
3.496
3.469
3.447
3.432
3.422
3.420
3.424
3.436
3.455
3.483
3.519
3.564
3.618
3.683
3.759
3.846
3.945
4.057
4.181
4.319
4.470
4.635
4.814
5.007
5.215
5.437
5.674
5.924
6.185
6.458
6.739
7.027
7.321
7.621
7.922
8.225
8.524
8.820
9.107
9.383
9.646
9.892
10.118
10.321
10.502
10.656
10.784
10.883
10.954
10.995
11.001
10.977
10.919
10.826
10.705
10.556
10.382
10.181
9.961
9.720
9.463
9.188
8.902
8.606
8.303
7.994
7.684
7.376
7.070
6.770
6.480
6.198
5.926
5.663
5.412
5.172
4.943
4.727
4.524
4.334
4.156
3.990
3.834
3.687
3.549
3.419
3.296
3.178
3.066
2.958
2.856
2.757
2.663
2.572
2.486
2.402
2.323
2.246
2.172
2.102
2.034
1.969
1.907
1.847
1.790
1.736
1.684
1.634
1.586
1.541
1.497
1.455
1.415
1.375
1.337
1.300
1.264
1.229
1.195
1.162
1.130
1.099
1.069
1.041
1.014
0.988
0.964
0.941
0.920
0.900
0.881
0.864
0.848
0.833
0.820
0.808
0.797
0.788
0.780
0.773
0.768
0.764
0.761
0.760
0.761
0.763
0.766
0.771
0.777
0.785
0.795
0.805
0.817
0.831
0.846
0.863
0.881
0.900
0.921
0.943
0.966
0.991
1.016
1.043
1.070
1.099
1.129
1.159
1.191
1.224
1.258
1.293
1.329
1.366
1.404
1.443
1.482
1.523
1.564
1.606
1.647
1.689
1.732
1.774
1.815
1.857
1.898
1.937
1.975
2.011
2.044
2.075
2.102
2.126
2.147
2.162
2.174
2.182
2.185
2.184
2.178
2.168
2.152
2.133
2.108
2.078
2.044
2.006
1.964
1.918
1.869
1.817
1.763
1.706
1.647
1.587
1.525
1.462
1.399
1.336
1.272
1.209
1.147
1.086
1.026
0.968
0.913
0.859
0.807
0.758
0.711
0.667
0.624
0.585
0.547
0.513
0.481
0.451
0.424
0.399
0.377
0.357
0.339
0.323
0.309
0.297
0.287
0.279
0.272
0.267
0.264
0.262
0.261
0.262
0.264
0.267
0.272
0.277
0.284
0.292
0.300
0.309
0.319
0.329
0.340
0.351
0.363
0.374
0.386
0.397
0.409
0.420
0.431
0.442
0.452
0.462
0.470
0.478
0.485
0.491
0.496
0.499
0.502
0.503
0.503
0.502
0.500
0.497
0.493
0.487
0.480
0.472
0.463
0.453
0.443
0.431
0.418
0.405
0.392
0.378
0.363
0.349
0.334
0.319
0.304
0.289
0.274
0.259
0.244
0.230
0.216
0.202
0.189
0.177
0.165
0.153
0.142
0.132
0.122
0.113
0.105
0.096
0.089
0.082
0.075
0.069
0.064
0.059
0.054
0.050
0.046
0.043
0.040
0.037
0.035
0.033
0.031
0.029
0.028
0.026
0.025
0.024
0.024
0.023
0.022
0.022
0.022
0.021
0.021
0.021
0.021
0.021
0.021
0.021
0.021
0.021
0.021
0.021
0.021
0.021
0.021
0.021
0.022
0.022
0.022
0.022
0.022
0.022
0.022
0.022
0.022
0.022
0.022
0.022
0.022
0.022
0.022
0.022
0.022
0.022
0.022
0.022
0.022
0.022
0.022
0.022
0.021
0.021
0.021
0.021
0.021
0.020
0.020
0.020
0.020
0.019
0.019
0.019
0.019
0.018
0.018
0.018
0.017
0.017
0.017
0.017
0.016
0.016
0.016
0.016
0.015
0.015
0.015
0.015
0.014
0.014
0.014
0.014
0.014
0.014
0.013
0.013
0.013
0.013
0.013
0.013
0.013
0.013
0.013
0.013
0.012
0.012
0.012
0.012
0.012
0.012
0.012
0.012
0.012
0.012
0.012
0.012
0.012
0.012
0.012
0.012
0.012
0.012
0.012
0.012
0.012
0.012
0.012
0.012
0.012
0.012
0.012
0.012
0.012
0.012
0.012
0.012
0.012
0.012
0.012
0.012
0.012
0.012
0.012
0.012
0.012
0.012
0.011
0.011
0.011
0.011
0.011
0.011
0.011
0.011
0.011
0.011
0.011
0.010
0.010
0.010
0.010
0.010
0.010
0.010
0.009
0.009
0.009
0.009
0.009
0.009
0.008
0.008
0.008
0.008
0.008
0.007
0.007
0.007
0.007
0.007
0.006
0.006
0.006
0.006
0.006
0.005
0.005
0.005
0.005
0.005
0.004
0.004
0.004
0.004
0.004
0.003
0.003
0.003
0.003
0.003
0.003
0.003
0.002
0.002
0.002
0.002
0.002
0.002
0.002
0.002
0.002
0.001
0.001
0.001
0.001
0.001
0.001
0.001
0.001
0.001
0.001
0.001
0.001
0.001
0.001
0.001
0.001
0.001
0.001
0.000
0.000
0.000
0.000
0.000
0.000
0.000
0.000
0.000
0.000
0.000
0.000
0.000
0.000
0.000
0.000
0.000
0.000
0.000
0.000
0.000
0.000
0.000
0.000
0.000
0.000
0.000
0.000
0.000
0.000
0.000
0.000
0.000
0.000
0.000
0.000
0.000
0.000
0.000
0.000
0.000
0.000
0.000
0.000
0.000
0.000
0.000
0.000
0.000
0.000
0.000
0.000
0.000
0.000
0.000
0.000
0.000
0.000
0.000
0.000
0.000
0.000
0.000
0.000
0.000
0.000
0.000
0.000
0.000
0.000
0.000
0.000
0.000
0.000
0.000
0.000
0.000
0.000
0.000
0.000
0.000
0.000
0.000
0.000
0.000
0.000
0.000
0.000
0.000
$MCA_CAL:
3
-1.4656616 2.9313233 0.00000000000000
$ENER_FIT:
-1.4656616 2.9313233 0.00000000000000
$MCA_CAL_DATA:
3
298 872
597 1749
896 2625
$CAMBIO:
Parent file specification: C:\GADRAS-DRF\Temp\parallelGUI2\226RA_75.0_112.5_lead_1.61_8.0.pcf
Successful read of spectrum: Yes
Error message: None
Warning: None
Information: None
Neutrons: 0
Number of spectral records in the parent file: 1
Record number of this spectrum in the parent file: 1
Date and time of acquisition read successfully from the original file: Yes
Live time read successfully from the original file: Yes
True time read successfully from the original file: Yes
GADRAS Tag character is:  
Version: 130122
Parent file type: Sandia GADRAS PCF
