$SPEC_ID:
226RA,1uC{13,4.18}
$MEAS_TIM:
3600.00 3600.00
$DATE_MEA:
3/9/2018 5:22:25 PM
$DATA:
0 1193
384.199
383.916
366.584
466.826
417.431
354.548
306.755
268.467
247.359
234.276
230.354
230.452
234.016
242.882
254.927
265.071
263.404
259.962
266.003
278.409
291.278
306.481
328.405
353.947
387.690
410.726
402.875
369.131
325.083
286.818
258.035
235.793
220.435
209.881
203.302
199.912
198.089
196.438
193.989
190.974
188.186
185.410
182.474
179.488
177.513
178.612
181.479
184.895
189.357
194.907
200.837
205.859
208.904
209.411
207.529
204.366
201.120
198.327
196.348
195.431
195.512
196.154
196.188
194.665
191.212
186.419
181.618
177.620
174.864
173.428
173.132
173.187
172.704
171.164
168.354
164.899
161.531
158.435
155.629
153.042
150.519
147.511
143.336
137.883
131.456
124.474
117.476
110.963
105.350
100.994
98.073
96.700
96.958
98.910
102.447
107.136
112.453
117.587
121.608
123.746
123.414
120.187
114.432
106.761
97.965
89.056
81.026
74.553
70.163
68.243
68.811
71.831
77.087
84.203
92.741
101.923
110.791
118.389
123.757
125.926
124.343
119.394
111.618
101.693
90.547
79.121
68.193
58.328
50.063
43.585
38.656
35.020
32.417
30.597
29.309
28.353
27.605
26.949
26.307
25.678
25.075
24.503
23.966
23.461
22.989
22.558
22.176
21.852
21.585
21.368
21.191
21.048
20.930
20.829
20.738
20.651
20.562
20.466
20.360
20.243
20.117
19.978
19.829
19.667
19.492
19.306
19.108
18.901
18.687
18.470
18.252
18.039
17.834
17.635
17.444
17.262
17.088
16.924
16.769
16.627
16.497
16.381
16.281
16.199
16.150
16.151
16.220
16.378
16.658
17.099
17.738
18.612
19.756
21.206
22.997
25.152
27.649
30.460
33.556
36.886
40.334
43.760
47.026
49.991
52.519
54.462
55.678
56.040
55.543
54.262
52.270
49.644
46.492
42.970
39.234
35.436
31.715
28.158
24.850
21.873
19.299
17.125
15.317
13.837
12.650
11.718
10.999
10.453
10.038
9.717
9.468
9.277
9.127
9.005
8.900
8.811
8.736
8.673
8.623
8.584
8.558
8.546
8.549
8.567
8.603
8.656
8.729
8.824
8.939
9.075
9.231
9.406
9.600
9.807
10.023
10.241
10.454
10.655
10.839
11.000
11.131
11.227
11.282
11.294
11.267
11.201
11.099
10.962
10.795
10.602
10.391
10.165
9.932
9.694
9.457
9.223
8.996
8.781
8.578
8.387
8.208
8.041
7.883
7.736
7.598
7.467
7.342
7.224
7.110
7.002
6.901
6.808
6.725
6.652
6.590
6.536
6.489
6.449
6.411
6.378
6.349
6.327
6.312
6.308
6.313
6.328
6.350
6.378
6.409
6.441
6.473
6.503
6.529
6.550
6.565
6.572
6.570
6.557
6.532
6.494
6.442
6.373
6.291
6.198
6.095
5.986
5.872
5.755
5.636
5.518
5.400
5.286
5.175
5.069
4.969
4.875
4.787
4.707
4.635
4.570
4.513
4.462
4.419
4.382
4.351
4.326
4.307
4.295
4.289
4.290
4.299
4.315
4.339
4.374
4.419
4.476
4.545
4.628
4.727
4.841
4.972
5.122
5.291
5.479
5.688
5.913
6.155
6.413
6.686
6.971
7.265
7.561
7.856
8.143
8.417
8.675
8.909
9.116
9.293
9.433
9.532
9.587
9.594
9.556
9.475
9.355
9.196
9.002
8.776
8.522
8.246
7.955
7.653
7.347
7.044
6.746
6.459
6.184
5.925
5.686
5.469
5.277
5.110
4.969
4.852
4.759
4.687
4.639
4.610
4.601
4.607
4.626
4.655
4.692
4.734
4.778
4.822
4.865
4.904
4.937
4.962
4.978
4.983
4.978
4.962
4.936
4.900
4.854
4.799
4.735
4.663
4.585
4.501
4.414
4.324
4.233
4.141
4.050
3.961
3.876
3.794
3.718
3.649
3.586
3.532
3.486
3.449
3.420
3.401
3.391
3.392
3.402
3.422
3.450
3.487
3.532
3.584
3.643
3.708
3.778
3.851
3.925
4.001
4.074
4.146
4.215
4.279
4.337
4.389
4.433
4.469
4.494
4.510
4.516
4.511
4.496
4.471
4.437
4.392
4.339
4.276
4.207
4.130
4.050
3.965
3.878
3.790
3.702
3.615
3.529
3.446
3.366
3.291
3.220
3.156
3.098
3.045
2.997
2.953
2.913
2.876
2.841
2.807
2.775
2.744
2.715
2.687
2.660
2.635
2.612
2.590
2.570
2.550
2.529
2.508
2.485
2.460
2.432
2.400
2.366
2.328
2.289
2.248
2.205
2.162
2.118
2.074
2.031
1.988
1.946
1.904
1.864
1.824
1.786
1.749
1.714
1.680
1.648
1.616
1.587
1.558
1.531
1.505
1.481
1.458
1.437
1.418
1.400
1.384
1.369
1.357
1.347
1.339
1.333
1.329
1.328
1.329
1.333
1.340
1.350
1.363
1.379
1.399
1.422
1.450
1.481
1.517
1.558
1.603
1.653
1.709
1.769
1.834
1.904
1.980
2.061
2.148
2.239
2.335
2.435
2.537
2.643
2.751
2.860
2.970
3.081
3.191
3.299
3.404
3.505
3.601
3.690
3.772
3.846
3.912
3.967
4.014
4.049
4.074
4.088
4.090
4.079
4.057
4.022
3.977
3.921
3.856
3.782
3.700
3.611
3.515
3.414
3.308
3.198
3.086
2.972
2.858
2.744
2.631
2.520
2.413
2.308
2.208
2.111
2.018
1.929
1.845
1.765
1.690
1.619
1.554
1.492
1.435
1.380
1.329
1.281
1.236
1.192
1.151
1.111
1.073
1.036
1.001
0.968
0.936
0.905
0.876
0.847
0.820
0.794
0.769
0.744
0.721
0.699
0.678
0.658
0.639
0.620
0.602
0.586
0.569
0.554
0.539
0.524
0.510
0.496
0.483
0.470
0.457
0.444
0.432
0.421
0.410
0.399
0.389
0.379
0.370
0.362
0.354
0.346
0.339
0.333
0.327
0.321
0.316
0.312
0.308
0.304
0.301
0.299
0.297
0.295
0.294
0.294
0.294
0.294
0.296
0.297
0.300
0.303
0.306
0.310
0.314
0.319
0.325
0.331
0.338
0.345
0.353
0.361
0.369
0.378
0.388
0.398
0.408
0.419
0.430
0.441
0.453
0.465
0.477
0.490
0.504
0.517
0.531
0.546
0.561
0.576
0.591
0.606
0.622
0.637
0.653
0.669
0.684
0.700
0.715
0.730
0.743
0.757
0.769
0.781
0.791
0.800
0.807
0.813
0.817
0.820
0.821
0.821
0.818
0.814
0.809
0.801
0.792
0.781
0.768
0.753
0.738
0.720
0.702
0.682
0.662
0.641
0.619
0.596
0.573
0.549
0.526
0.502
0.478
0.454
0.431
0.408
0.386
0.364
0.343
0.323
0.304
0.286
0.268
0.251
0.235
0.221
0.207
0.194
0.182
0.170
0.160
0.151
0.143
0.135
0.128
0.122
0.117
0.113
0.109
0.106
0.103
0.102
0.100
0.100
0.099
0.100
0.100
0.102
0.103
0.105
0.108
0.111
0.114
0.117
0.121
0.125
0.129
0.133
0.137
0.142
0.146
0.151
0.155
0.159
0.163
0.167
0.171
0.175
0.178
0.181
0.183
0.186
0.187
0.189
0.190
0.190
0.190
0.190
0.189
0.188
0.186
0.184
0.181
0.178
0.175
0.171
0.167
0.163
0.158
0.153
0.148
0.143
0.137
0.132
0.126
0.120
0.115
0.109
0.103
0.098
0.092
0.087
0.081
0.076
0.071
0.067
0.062
0.058
0.054
0.050
0.046
0.043
0.040
0.036
0.034
0.031
0.029
0.026
0.024
0.022
0.021
0.019
0.018
0.016
0.015
0.014
0.013
0.013
0.012
0.011
0.011
0.010
0.010
0.009
0.009
0.009
0.009
0.008
0.008
0.008
0.008
0.008
0.008
0.008
0.008
0.008
0.008
0.008
0.008
0.008
0.008
0.008
0.008
0.008
0.008
0.008
0.008
0.008
0.008
0.008
0.009
0.009
0.009
0.009
0.009
0.009
0.009
0.009
0.009
0.009
0.009
0.009
0.008
0.008
0.008
0.008
0.008
0.008
0.008
0.008
0.008
0.008
0.008
0.008
0.008
0.008
0.007
0.007
0.007
0.007
0.007
0.007
0.007
0.007
0.007
0.007
0.006
0.006
0.006
0.006
0.006
0.006
0.006
0.006
0.006
0.006
0.006
0.005
0.005
0.005
0.005
0.005
0.005
0.005
0.005
0.005
0.005
0.005
0.005
0.005
0.005
0.005
0.005
0.005
0.005
0.005
0.005
0.005
0.005
0.005
0.005
0.005
0.005
0.005
0.005
0.005
0.005
0.005
0.005
0.005
0.005
0.005
0.005
0.005
0.005
0.005
0.005
0.005
0.005
0.005
0.005
0.005
0.005
0.005
0.005
0.005
0.005
0.005
0.005
0.004
0.004
0.004
0.004
0.004
0.004
0.004
0.004
0.004
0.004
0.004
0.004
0.004
0.004
0.004
0.004
0.004
0.004
0.004
0.004
0.004
0.004
0.004
0.004
0.004
0.003
0.003
0.003
0.003
0.003
0.003
0.003
0.003
0.003
0.003
0.003
0.003
0.003
0.003
0.002
0.002
0.002
0.002
0.002
0.002
0.002
0.002
0.002
0.002
0.002
0.002
0.002
0.001
0.001
0.001
0.001
0.001
0.001
0.001
0.001
0.001
0.001
0.001
0.001
0.001
0.001
0.001
0.001
0.001
0.001
0.001
0.001
0.000
0.000
0.000
0.000
0.000
0.000
0.000
0.000
0.000
0.000
0.000
0.000
0.000
0.000
0.000
0.000
0.000
0.000
0.000
0.000
0.000
0.000
0.000
0.000
0.000
0.000
0.000
0.000
0.000
0.000
0.000
0.000
0.000
0.000
0.000
0.000
0.000
0.000
0.000
0.000
0.000
0.000
0.000
0.000
0.000
0.000
0.000
0.000
0.000
0.000
0.000
0.000
0.000
0.000
0.000
0.000
0.000
0.000
0.000
0.000
0.000
0.000
0.000
0.000
0.000
0.000
0.000
0.000
0.000
0.000
0.000
0.000
0.000
0.000
0.000
0.000
0.000
0.000
0.000
0.000
0.000
0.000
0.000
0.000
0.000
0.000
0.000
0.000
0.000
0.000
0.000
0.000
0.000
0.000
0.000
0.000
0.000
0.000
0.000
0.000
0.000
0.000
0.000
0.000
0.000
$MCA_CAL:
3
-1.4656616 2.9313233 0.00000000000000
$ENER_FIT:
-1.4656616 2.9313233 0.00000000000000
$MCA_CAL_DATA:
3
298 872
597 1749
896 2625
$CAMBIO:
Parent file specification: C:\GADRAS-DRF\Temp\parallelGUI2\226RA_150.0_175.0_alum_4.18_8.0.pcf
Successful read of spectrum: Yes
Error message: None
Warning: None
Information: None
Neutrons: 0
Number of spectral records in the parent file: 1
Record number of this spectrum in the parent file: 1
Date and time of acquisition read successfully from the original file: Yes
Live time read successfully from the original file: Yes
True time read successfully from the original file: Yes
GADRAS Tag character is:  
Version: 130122
Parent file type: Sandia GADRAS PCF
