$SPEC_ID:
226RA,1uC{26,1.53}
$MEAS_TIM:
3600.00 3600.00
$DATE_MEA:
3/9/2018 5:22:25 PM
$DATA:
0 1193
487.929
481.458
453.461
464.540
396.639
333.734
287.281
254.849
237.229
229.972
228.705
228.210
225.781
224.531
220.849
218.560
215.458
212.393
214.825
220.694
229.107
238.508
250.945
264.790
283.834
303.338
298.745
276.817
238.838
210.003
184.205
166.227
154.417
148.096
145.313
143.656
142.977
142.122
140.427
138.474
136.880
135.570
134.621
133.964
133.420
133.843
135.331
137.282
140.203
144.901
150.755
155.983
159.240
160.075
158.516
155.825
153.114
151.064
150.141
150.503
151.762
153.064
153.326
151.349
146.599
140.056
134.165
131.200
131.787
135.374
140.742
146.391
151.029
153.663
153.768
151.610
148.425
145.152
142.409
140.379
138.755
136.576
132.973
127.331
120.054
112.010
104.098
97.033
91.085
86.338
82.700
80.156
78.809
78.927
80.884
84.673
89.952
95.900
101.356
104.974
105.365
102.122
95.563
86.672
76.946
67.657
59.835
54.055
50.296
48.490
48.549
50.441
54.306
60.279
68.208
77.795
88.026
97.412
104.479
107.779
106.345
100.639
91.473
80.139
68.178
56.850
47.052
39.455
33.931
30.147
27.711
26.184
25.178
24.472
23.879
23.303
22.724
22.123
21.510
20.895
20.288
19.694
19.119
18.576
18.078
17.632
17.242
16.911
16.633
16.399
16.196
16.018
15.854
15.696
15.539
15.375
15.203
15.023
14.835
14.642
14.449
14.257
14.067
13.874
13.675
13.467
13.252
13.028
12.800
12.572
12.348
12.134
11.934
11.752
11.585
11.430
11.284
11.146
11.013
10.885
10.759
10.631
10.501
10.369
10.239
10.117
10.008
9.925
9.875
9.881
9.972
10.181
10.547
11.129
11.987
13.176
14.746
16.745
19.211
22.098
25.325
28.803
32.375
35.797
38.819
41.212
42.817
43.498
43.124
41.733
39.483
36.535
33.067
29.310
25.505
21.878
18.564
15.634
13.160
11.181
9.646
8.492
7.656
7.073
6.683
6.423
6.239
6.102
5.996
5.901
5.806
5.713
5.622
5.537
5.458
5.387
5.325
5.273
5.229
5.193
5.163
5.137
5.117
5.103
5.097
5.100
5.116
5.149
5.202
5.278
5.379
5.506
5.660
5.839
6.038
6.251
6.470
6.688
6.894
7.075
7.221
7.325
7.386
7.399
7.364
7.284
7.165
7.014
6.839
6.647
6.445
6.240
6.039
5.847
5.666
5.497
5.340
5.197
5.067
4.949
4.842
4.745
4.657
4.574
4.494
4.415
4.335
4.257
4.182
4.109
4.041
3.978
3.921
3.870
3.826
3.788
3.753
3.720
3.687
3.656
3.627
3.605
3.592
3.591
3.600
3.619
3.645
3.678
3.716
3.759
3.805
3.854
3.904
3.952
3.994
4.028
4.050
4.058
4.050
4.027
3.988
3.931
3.860
3.776
3.684
3.585
3.482
3.379
3.277
3.178
3.086
3.001
2.923
2.850
2.784
2.723
2.666
2.615
2.570
2.531
2.498
2.470
2.448
2.429
2.413
2.400
2.389
2.380
2.373
2.370
2.368
2.370
2.375
2.384
2.396
2.413
2.436
2.465
2.502
2.548
2.605
2.674
2.759
2.861
2.985
3.130
3.298
3.488
3.701
3.935
4.189
4.460
4.741
5.026
5.310
5.586
5.846
6.083
6.288
6.452
6.568
6.632
6.646
6.611
6.527
6.396
6.221
6.009
5.767
5.503
5.223
4.935
4.644
4.356
4.078
3.815
3.573
3.353
3.157
2.985
2.836
2.712
2.612
2.535
2.480
2.446
2.432
2.437
2.457
2.493
2.540
2.597
2.662
2.733
2.806
2.879
2.950
3.015
3.073
3.122
3.161
3.189
3.204
3.207
3.195
3.172
3.136
3.091
3.036
2.974
2.905
2.830
2.752
2.672
2.591
2.510
2.431
2.354
2.279
2.209
2.142
2.081
2.026
1.976
1.932
1.894
1.863
1.839
1.821
1.812
1.811
1.818
1.833
1.858
1.891
1.932
1.981
2.036
2.099
2.167
2.239
2.315
2.392
2.469
2.546
2.620
2.690
2.754
2.813
2.862
2.903
2.933
2.952
2.961
2.958
2.945
2.920
2.884
2.838
2.784
2.723
2.655
2.583
2.508
2.430
2.351
2.272
2.194
2.119
2.046
1.979
1.916
1.858
1.807
1.763
1.727
1.698
1.675
1.656
1.641
1.628
1.617
1.607
1.598
1.591
1.584
1.579
1.575
1.573
1.571
1.568
1.565
1.560
1.553
1.542
1.528
1.512
1.492
1.469
1.444
1.417
1.387
1.356
1.323
1.290
1.257
1.224
1.192
1.160
1.130
1.101
1.073
1.046
1.022
0.998
0.977
0.956
0.937
0.919
0.901
0.884
0.868
0.853
0.838
0.824
0.811
0.798
0.785
0.774
0.763
0.753
0.745
0.737
0.731
0.725
0.722
0.719
0.718
0.719
0.721
0.724
0.730
0.736
0.745
0.756
0.769
0.784
0.802
0.822
0.845
0.872
0.903
0.938
0.977
1.020
1.069
1.123
1.182
1.247
1.316
1.391
1.472
1.558
1.648
1.742
1.838
1.936
2.036
2.135
2.233
2.329
2.421
2.508
2.588
2.660
2.722
2.774
2.814
2.844
2.861
2.865
2.857
2.835
2.799
2.751
2.691
2.622
2.544
2.459
2.368
2.272
2.172
2.069
1.966
1.864
1.763
1.666
1.574
1.486
1.403
1.326
1.254
1.188
1.127
1.072
1.023
0.978
0.939
0.903
0.870
0.840
0.813
0.788
0.765
0.742
0.721
0.701
0.681
0.661
0.641
0.620
0.600
0.580
0.560
0.540
0.521
0.503
0.484
0.467
0.450
0.435
0.420
0.406
0.392
0.380
0.369
0.359
0.349
0.340
0.331
0.323
0.314
0.306
0.298
0.289
0.281
0.273
0.265
0.258
0.251
0.244
0.237
0.230
0.224
0.218
0.212
0.207
0.201
0.196
0.192
0.187
0.183
0.179
0.175
0.171
0.168
0.166
0.163
0.161
0.159
0.158
0.156
0.156
0.155
0.155
0.156
0.156
0.157
0.159
0.161
0.163
0.166
0.169
0.172
0.176
0.180
0.185
0.190
0.195
0.200
0.206
0.212
0.218
0.224
0.230
0.237
0.243
0.250
0.256
0.263
0.269
0.276
0.284
0.291
0.299
0.308
0.317
0.326
0.336
0.346
0.358
0.369
0.382
0.395
0.408
0.422
0.436
0.451
0.465
0.479
0.493
0.506
0.518
0.530
0.540
0.550
0.557
0.564
0.568
0.571
0.571
0.569
0.566
0.560
0.552
0.543
0.532
0.519
0.504
0.488
0.470
0.451
0.432
0.412
0.391
0.370
0.350
0.329
0.309
0.289
0.269
0.250
0.232
0.215
0.199
0.183
0.169
0.156
0.144
0.132
0.122
0.112
0.104
0.096
0.088
0.082
0.076
0.071
0.066
0.062
0.058
0.055
0.052
0.050
0.047
0.045
0.044
0.043
0.042
0.041
0.041
0.041
0.041
0.041
0.042
0.044
0.045
0.047
0.049
0.052
0.055
0.058
0.061
0.065
0.069
0.073
0.077
0.082
0.086
0.091
0.096
0.100
0.105
0.109
0.114
0.118
0.122
0.125
0.128
0.131
0.133
0.135
0.136
0.137
0.138
0.138
0.137
0.136
0.134
0.132
0.129
0.126
0.122
0.118
0.114
0.110
0.105
0.100
0.095
0.090
0.085
0.080
0.075
0.070
0.065
0.060
0.056
0.051
0.047
0.043
0.039
0.036
0.032
0.029
0.026
0.024
0.022
0.019
0.017
0.016
0.014
0.013
0.011
0.010
0.009
0.009
0.008
0.007
0.007
0.006
0.006
0.005
0.005
0.005
0.005
0.005
0.004
0.004
0.004
0.004
0.004
0.004
0.004
0.004
0.004
0.004
0.004
0.004
0.004
0.004
0.004
0.004
0.004
0.004
0.005
0.005
0.005
0.005
0.005
0.005
0.005
0.005
0.005
0.005
0.005
0.005
0.005
0.005
0.005
0.005
0.005
0.005
0.005
0.005
0.005
0.005
0.005
0.005
0.005
0.005
0.005
0.005
0.005
0.005
0.005
0.005
0.005
0.005
0.005
0.005
0.005
0.005
0.005
0.005
0.005
0.004
0.004
0.004
0.004
0.004
0.004
0.004
0.004
0.004
0.004
0.004
0.004
0.004
0.003
0.003
0.003
0.003
0.003
0.003
0.003
0.003
0.003
0.003
0.003
0.003
0.003
0.003
0.003
0.003
0.003
0.003
0.003
0.003
0.003
0.003
0.003
0.003
0.003
0.003
0.003
0.003
0.003
0.003
0.003
0.003
0.003
0.003
0.003
0.003
0.003
0.003
0.003
0.003
0.003
0.003
0.003
0.003
0.003
0.003
0.003
0.003
0.003
0.003
0.003
0.003
0.003
0.003
0.003
0.003
0.003
0.003
0.003
0.003
0.003
0.003
0.003
0.003
0.003
0.003
0.003
0.003
0.003
0.003
0.003
0.003
0.003
0.003
0.003
0.003
0.002
0.002
0.002
0.002
0.002
0.002
0.002
0.002
0.002
0.002
0.002
0.002
0.002
0.002
0.002
0.002
0.002
0.002
0.002
0.002
0.002
0.002
0.001
0.001
0.001
0.001
0.001
0.001
0.001
0.001
0.001
0.001
0.001
0.001
0.001
0.001
0.001
0.001
0.001
0.001
0.001
0.001
0.000
0.000
0.000
0.000
0.000
0.000
0.000
0.000
0.000
0.000
0.000
0.000
0.000
0.000
0.000
0.000
0.000
0.000
0.000
0.000
0.000
0.000
0.000
0.000
0.000
0.000
0.000
0.000
0.000
0.000
0.000
0.000
0.000
0.000
0.000
0.000
0.000
0.000
0.000
0.000
0.000
0.000
0.000
0.000
0.000
0.000
0.000
0.000
0.000
0.000
0.000
0.000
0.000
0.000
0.000
0.000
0.000
0.000
0.000
0.000
0.000
0.000
0.000
0.000
0.000
0.000
0.000
0.000
0.000
0.000
0.000
0.000
0.000
0.000
0.000
0.000
0.000
0.000
0.000
0.000
0.000
0.000
0.000
0.000
0.000
0.000
0.000
0.000
0.000
0.000
0.000
0.000
0.000
0.000
0.000
0.000
0.000
0.000
0.000
0.000
0.000
0.000
0.000
0.000
0.000
0.000
0.000
0.000
0.000
0.000
0.000
0.000
0.000
0.000
0.000
0.000
0.000
0.000
$MCA_CAL:
3
-1.4656616 2.9313233 0.00000000000000
$ENER_FIT:
-1.4656616 2.9313233 0.00000000000000
$MCA_CAL_DATA:
3
298 872
597 1749
896 2625
$CAMBIO:
Parent file specification: C:\GADRAS-DRF\Temp\parallelGUI2\226RA_50.0_237.5_iron_1.53_6.5.pcf
Successful read of spectrum: Yes
Error message: None
Warning: None
Information: None
Neutrons: 0
Number of spectral records in the parent file: 1
Record number of this spectrum in the parent file: 1
Date and time of acquisition read successfully from the original file: Yes
Live time read successfully from the original file: Yes
True time read successfully from the original file: Yes
GADRAS Tag character is:  
Version: 130122
Parent file type: Sandia GADRAS PCF
