$SPEC_ID:
226RA,1uC{82,0.22}
$MEAS_TIM:
3600.00 3600.00
$DATE_MEA:
3/9/2018 5:22:25 PM
$DATA:
0 1193
2654.768
2515.077
2315.975
2082.574
1811.484
1587.581
1397.084
1220.395
1094.996
1000.970
941.140
899.192
881.074
916.074
1010.745
1098.281
1070.973
970.571
899.398
889.035
940.754
1083.475
1359.388
1797.519
2302.988
2657.847
2626.504
2263.783
1793.200
1396.310
1108.571
892.427
739.136
650.693
607.300
591.993
590.322
593.796
599.214
603.678
609.681
616.713
621.623
627.189
631.393
633.410
642.154
658.839
679.891
702.539
721.226
729.824
729.606
728.345
740.101
768.491
809.603
859.976
916.480
976.381
1033.785
1078.128
1101.314
1098.536
1070.539
1022.604
965.343
912.073
869.491
840.271
825.331
824.365
835.016
853.591
878.885
911.918
952.955
1001.012
1053.495
1104.330
1146.841
1173.699
1177.987
1158.295
1116.727
1058.606
993.902
932.348
881.262
847.151
834.423
845.628
882.233
942.657
1024.485
1121.539
1224.411
1323.087
1405.061
1457.464
1472.217
1447.857
1384.315
1290.016
1178.313
1062.445
955.434
870.239
816.882
799.572
821.627
882.751
977.848
1101.458
1244.230
1393.460
1536.177
1659.029
1748.272
1790.701
1782.640
1726.940
1627.120
1492.135
1335.536
1170.775
1008.754
857.748
725.778
617.128
530.315
463.444
414.105
378.764
353.659
335.265
321.473
310.642
301.193
292.350
284.036
276.176
268.758
261.848
255.549
249.936
245.050
240.912
237.527
234.875
232.814
231.227
229.981
228.973
228.134
227.380
226.646
225.859
224.967
223.898
222.630
221.142
219.440
217.527
215.405
213.102
210.629
208.015
205.293
202.520
199.734
196.989
194.319
191.751
189.333
187.090
185.031
183.163
181.491
180.044
178.864
178.009
177.550
177.582
178.381
180.258
183.523
188.517
195.734
205.733
219.052
236.227
257.656
283.691
314.649
350.848
392.014
437.313
485.844
536.682
588.686
639.818
687.981
731.045
767.029
794.527
812.500
819.963
815.844
800.041
773.884
738.915
696.521
648.272
596.014
541.667
487.210
434.592
385.377
340.103
299.210
263.126
232.273
206.552
185.401
168.278
154.599
143.809
135.437
129.057
124.230
120.527
117.567
115.205
113.342
111.885
110.753
109.859
109.201
108.777
108.593
108.643
108.932
109.482
110.306
111.422
112.847
114.597
116.650
118.991
121.601
124.462
127.543
130.772
134.073
137.359
140.549
143.562
146.329
148.765
150.797
152.346
153.354
153.782
153.660
153.014
151.855
150.204
148.107
145.625
142.830
139.790
136.583
133.270
129.910
126.557
123.263
120.082
117.064
114.234
111.571
109.057
106.674
104.410
102.244
100.180
98.227
96.396
94.693
93.120
91.691
90.392
89.220
88.167
87.231
86.401
85.677
85.067
84.568
84.188
83.919
83.781
83.747
83.820
83.979
84.223
84.527
84.892
85.294
85.708
86.125
86.516
86.872
87.159
87.367
87.461
87.428
87.231
86.858
86.286
85.534
84.607
83.525
82.309
80.961
79.511
77.973
76.379
74.742
73.097
71.462
69.865
68.311
66.814
65.389
64.035
62.773
61.603
60.539
59.571
58.710
57.951
57.300
56.750
56.311
55.981
55.758
55.652
55.658
55.784
56.026
56.405
56.924
57.609
58.464
59.513
60.758
62.228
63.917
65.836
68.001
70.410
73.083
76.009
79.192
82.585
86.177
89.930
93.831
97.839
101.928
106.031
110.066
113.982
117.690
121.142
124.247
126.970
129.268
131.112
132.449
133.266
133.505
133.156
132.214
130.739
128.776
126.353
123.536
120.350
116.860
113.113
109.192
105.165
101.107
97.077
93.162
89.419
85.883
82.582
79.535
76.767
74.288
72.134
70.311
68.821
67.629
66.729
66.080
65.671
65.471
65.457
65.608
65.875
66.243
66.660
67.105
67.532
67.919
68.228
68.458
68.596
68.635
68.560
68.360
68.034
67.565
66.969
66.256
65.440
64.525
63.535
62.470
61.352
60.188
59.000
57.806
56.617
55.457
54.336
53.279
52.293
51.392
50.583
49.874
49.268
48.778
48.407
48.163
48.050
48.064
48.202
48.454
48.825
49.301
49.887
50.570
51.343
52.187
53.088
54.023
54.976
55.937
56.880
57.794
58.666
59.483
60.226
60.892
61.457
61.919
62.252
62.466
62.543
62.490
62.315
62.011
61.589
61.040
60.381
59.602
58.729
57.768
56.743
55.662
54.546
53.411
52.265
51.132
50.011
48.918
47.851
46.823
45.840
44.910
44.036
43.229
42.480
41.791
41.149
40.554
40.001
39.480
38.992
38.524
38.081
37.654
37.243
36.845
36.459
36.077
35.703
35.330
34.955
34.577
34.191
33.795
33.381
32.951
32.497
32.020
31.512
30.980
30.428
29.860
29.280
28.691
28.102
27.512
26.930
26.357
25.796
25.245
24.710
24.188
23.683
23.197
22.730
22.284
21.857
21.455
21.073
20.714
20.378
20.067
19.778
19.516
19.276
19.065
18.880
18.726
18.603
18.512
18.456
18.434
18.452
18.506
18.603
18.744
18.931
19.166
19.452
19.790
20.185
20.635
21.147
21.720
22.353
23.051
23.812
24.640
25.534
26.496
27.528
28.629
29.790
31.010
32.281
33.595
34.950
36.339
37.758
39.196
40.652
42.108
43.558
44.980
46.376
47.722
49.006
50.224
51.353
52.392
53.321
54.151
54.858
55.448
55.905
56.230
56.419
56.448
56.334
56.071
55.656
55.111
54.438
53.650
52.740
51.735
50.632
49.445
48.171
46.833
45.440
44.006
42.536
41.048
39.556
38.060
36.584
35.136
33.721
32.340
30.999
29.700
28.449
27.242
26.089
24.991
23.948
22.966
22.040
21.168
20.341
19.561
18.822
18.122
17.455
16.819
16.209
15.626
15.064
14.526
14.012
13.519
13.049
12.600
12.173
11.764
11.376
11.007
10.656
10.321
10.002
9.697
9.405
9.125
8.856
8.597
8.346
8.103
7.868
7.641
7.420
7.208
7.003
6.805
6.614
6.430
6.253
6.081
5.917
5.760
5.610
5.467
5.331
5.202
5.081
4.966
4.859
4.760
4.668
4.583
4.506
4.437
4.374
4.319
4.271
4.230
4.197
4.171
4.153
4.141
4.137
4.141
4.153
4.171
4.197
4.231
4.273
4.323
4.379
4.444
4.517
4.596
4.683
4.778
4.880
4.989
5.105
5.229
5.359
5.496
5.639
5.789
5.943
6.104
6.270
6.440
6.615
6.794
6.979
7.165
7.356
7.548
7.746
7.943
8.143
8.346
8.549
8.754
8.958
9.164
9.368
9.567
9.764
9.953
10.134
10.305
10.466
10.613
10.745
10.862
10.961
11.043
11.105
11.150
11.175
11.180
11.166
11.129
11.074
10.994
10.893
10.770
10.627
10.464
10.282
10.086
9.870
9.642
9.398
9.144
8.877
8.600
8.316
8.023
7.725
7.423
7.119
6.814
6.509
6.207
5.909
5.616
5.330
5.053
4.784
4.523
4.273
4.032
3.801
3.581
3.372
3.175
2.989
2.816
2.655
2.507
2.370
2.246
2.132
2.030
1.938
1.857
1.786
1.724
1.672
1.629
1.595
1.569
1.550
1.540
1.536
1.539
1.549
1.564
1.585
1.611
1.641
1.676
1.715
1.756
1.800
1.847
1.895
1.945
1.995
2.046
2.096
2.145
2.194
2.240
2.285
2.327
2.367
2.404
2.437
2.466
2.491
2.512
2.527
2.538
2.542
2.541
2.536
2.524
2.508
2.486
2.461
2.430
2.394
2.354
2.309
2.261
2.208
2.151
2.091
2.029
1.964
1.896
1.828
1.757
1.686
1.615
1.543
1.472
1.401
1.331
1.261
1.194
1.127
1.062
0.999
0.937
0.878
0.821
0.767
0.715
0.667
0.620
0.577
0.536
0.498
0.462
0.428
0.397
0.368
0.341
0.317
0.294
0.273
0.254
0.237
0.221
0.207
0.194
0.183
0.173
0.164
0.156
0.149
0.143
0.138
0.133
0.129
0.126
0.123
0.120
0.118
0.117
0.116
0.115
0.114
0.114
0.114
0.113
0.113
0.114
0.114
0.114
0.114
0.115
0.115
0.115
0.116
0.116
0.116
0.117
0.117
0.117
0.117
0.117
0.117
0.117
0.117
0.117
0.117
0.116
0.116
0.116
0.115
0.114
0.114
0.113
0.112
0.111
0.111
0.110
0.109
0.108
0.107
0.105
0.104
0.103
0.102
0.100
0.099
0.098
0.096
0.095
0.094
0.092
0.091
0.090
0.088
0.087
0.086
0.085
0.083
0.082
0.081
0.080
0.079
0.078
0.077
0.076
0.075
0.074
0.073
0.072
0.072
0.071
0.070
0.070
0.069
0.069
0.068
0.068
0.068
0.067
0.067
0.067
0.066
0.066
0.066
0.066
0.066
0.066
0.065
0.065
0.065
0.065
0.065
0.065
0.065
0.065
0.065
0.065
0.065
0.065
0.065
0.064
0.064
0.064
0.064
0.064
0.064
0.064
0.064
0.063
0.063
0.063
0.063
0.063
0.062
0.062
0.062
0.062
0.061
0.061
0.061
0.060
0.060
0.059
0.059
0.058
0.058
0.057
0.057
0.056
0.056
0.055
0.055
0.054
0.053
0.052
0.052
0.051
0.050
0.049
0.049
0.048
0.047
0.046
0.045
0.044
0.043
0.042
0.041
0.040
0.039
0.038
0.037
0.036
0.035
0.034
0.033
0.032
0.031
0.030
0.029
0.028
0.027
0.026
0.025
0.024
0.023
0.022
0.021
0.020
0.019
0.018
0.017
0.017
0.016
0.015
0.014
0.014
0.013
0.012
0.012
0.011
0.011
0.010
0.009
0.009
0.008
0.008
0.008
0.007
0.007
0.006
0.006
0.006
0.005
0.005
0.005
0.004
0.004
0.004
0.004
0.003
0.003
0.003
0.003
0.003
0.002
0.002
0.002
0.002
0.002
0.002
0.002
0.002
0.001
0.001
0.001
0.001
0.001
0.001
0.001
0.001
0.001
0.001
0.001
0.001
0.001
0.001
0.001
0.000
0.000
0.000
0.000
0.000
0.000
0.000
0.000
0.000
0.000
0.000
0.000
0.000
0.000
0.000
0.000
0.000
0.000
0.000
0.000
0.000
0.000
0.000
0.000
0.000
0.000
0.000
0.000
0.000
0.000
0.000
0.000
0.000
0.000
0.000
0.000
0.000
0.000
0.000
0.000
0.000
0.000
0.000
0.000
0.000
0.000
0.000
0.000
0.000
0.000
0.000
0.000
0.000
0.000
0.000
0.000
0.000
0.000
0.000
0.000
0.000
0.000
0.000
0.000
$MCA_CAL:
3
-1.4656616 2.9313233 0.00000000000000
$ENER_FIT:
-1.4656616 2.9313233 0.00000000000000
$MCA_CAL_DATA:
3
298 872
597 1749
896 2625
$CAMBIO:
Parent file specification: C:\GADRAS-DRF\Temp\parallelGUI2\226RA_125.0_50.0_lead_0.22_8.5.pcf
Successful read of spectrum: Yes
Error message: None
Warning: None
Information: None
Neutrons: 0
Number of spectral records in the parent file: 1
Record number of this spectrum in the parent file: 1
Date and time of acquisition read successfully from the original file: Yes
Live time read successfully from the original file: Yes
True time read successfully from the original file: Yes
GADRAS Tag character is:  
Version: 130122
Parent file type: Sandia GADRAS PCF
