$SPEC_ID:
226RA,1uC{13,13.16}
$MEAS_TIM:
3600.00 3600.00
$DATE_MEA:
3/9/2018 5:22:25 PM
$DATA:
0 1193
1216.350
1160.688
1117.374
2147.175
2033.339
1730.107
1490.049
1298.910
1171.069
1077.554
1034.710
1016.312
1022.007
1056.762
1101.767
1164.007
1231.715
1322.026
1429.503
1552.706
1668.180
1794.567
1918.864
2005.608
2108.725
2176.175
2177.878
2133.388
2063.616
1994.187
1932.805
1889.495
1851.649
1809.161
1774.240
1747.088
1724.577
1703.740
1682.858
1661.740
1641.001
1620.807
1600.226
1579.424
1560.841
1549.517
1544.600
1542.519
1542.749
1544.139
1544.313
1541.817
1535.325
1522.142
1502.713
1483.740
1469.373
1459.999
1454.035
1448.660
1441.818
1432.057
1417.853
1397.839
1372.491
1343.224
1311.738
1279.979
1249.896
1223.427
1200.928
1181.063
1162.737
1145.348
1128.816
1114.392
1103.457
1095.735
1090.217
1085.222
1078.342
1067.466
1051.760
1030.702
1005.234
977.300
948.742
921.063
895.759
874.373
858.565
849.566
847.091
850.522
858.833
870.488
883.738
895.649
902.424
900.830
890.124
870.406
842.357
808.212
770.572
732.322
697.065
668.492
649.013
639.033
638.697
647.691
664.779
688.736
717.509
747.745
775.885
798.456
812.041
813.176
799.544
772.876
736.012
691.713
642.662
591.419
540.559
492.306
448.476
410.903
380.651
356.828
338.160
323.459
311.853
302.657
295.212
288.950
283.543
278.684
274.098
269.678
265.459
261.452
257.691
254.187
250.959
248.032
245.388
243.001
240.809
238.786
236.893
235.092
233.358
231.651
229.956
228.241
226.493
224.688
222.857
221.014
219.194
217.419
215.661
213.899
212.098
210.246
208.346
206.428
204.502
202.594
200.711
198.852
197.038
195.271
193.560
191.917
190.349
188.882
187.535
186.357
185.411
184.736
184.410
184.555
185.298
186.769
189.095
192.455
197.018
202.967
210.472
219.585
230.155
242.039
255.081
269.123
283.834
298.818
313.738
328.191
341.708
353.619
363.268
369.955
373.033
372.372
368.172
360.674
350.104
336.753
321.043
303.538
284.790
265.321
245.663
226.270
207.603
190.092
174.185
160.193
148.046
137.586
128.656
121.122
114.824
109.621
105.368
101.929
99.153
96.914
95.120
93.700
92.570
91.651
90.882
90.230
89.697
89.275
88.965
88.756
88.646
88.643
88.740
88.940
89.241
89.647
90.146
90.733
91.403
92.147
92.958
93.806
94.669
95.511
96.305
97.018
97.633
98.121
98.466
98.643
98.641
98.432
98.027
97.443
96.685
95.765
94.702
93.504
92.194
90.791
89.321
87.799
86.249
84.690
83.141
81.621
80.150
78.749
77.433
76.198
75.032
73.927
72.866
71.838
70.833
69.862
68.932
68.052
67.241
66.506
65.855
65.281
64.777
64.325
63.915
63.538
63.181
62.849
62.539
62.272
62.038
61.854
61.719
61.633
61.577
61.548
61.532
61.514
61.491
61.448
61.385
61.287
61.155
60.978
60.755
60.473
60.138
59.744
59.297
58.786
58.216
57.590
56.906
56.184
55.428
54.655
53.867
53.083
52.306
51.546
50.801
50.080
49.389
48.727
48.104
47.518
46.976
46.474
46.020
45.612
45.255
44.946
44.692
44.492
44.345
44.259
44.229
44.261
44.355
44.518
44.748
45.057
45.442
45.915
46.469
47.122
47.864
48.698
49.631
50.657
51.787
53.009
54.336
55.737
57.210
58.734
60.304
61.897
63.506
65.113
66.680
68.191
69.606
70.907
72.054
73.028
73.805
74.382
74.745
74.903
74.838
74.559
74.049
73.317
72.382
71.257
69.976
68.549
67.012
65.374
63.666
61.910
60.131
58.347
56.592
54.883
53.244
51.704
50.278
48.970
47.777
46.709
45.760
44.940
44.242
43.679
43.230
42.891
42.644
42.474
42.375
42.324
42.320
42.338
42.376
42.418
42.459
42.481
42.480
42.444
42.363
42.229
42.044
41.814
41.534
41.211
40.845
40.439
39.990
39.509
38.996
38.466
37.917
37.363
36.809
36.258
35.723
35.203
34.710
34.241
33.807
33.410
33.058
32.749
32.496
32.295
32.146
32.052
32.011
32.024
32.087
32.206
32.374
32.594
32.852
33.147
33.469
33.813
34.170
34.533
34.898
35.254
35.600
35.927
36.231
36.502
36.741
36.935
37.084
37.176
37.220
37.208
37.140
37.021
36.844
36.615
36.327
35.990
35.597
35.162
34.687
34.184
33.654
33.108
32.554
31.993
31.437
30.884
30.342
29.808
29.289
28.785
28.300
27.834
27.393
26.974
26.580
26.205
25.850
25.514
25.193
24.889
24.596
24.317
24.047
23.786
23.532
23.284
23.038
22.796
22.552
22.307
22.059
21.807
21.551
21.289
21.023
20.748
20.469
20.181
19.886
19.583
19.274
18.959
18.640
18.321
18.001
17.685
17.372
17.065
16.765
16.474
16.190
15.916
15.651
15.397
15.152
14.916
14.693
14.480
14.279
14.090
13.916
13.754
13.608
13.477
13.363
13.264
13.184
13.123
13.080
13.057
13.055
13.074
13.115
13.180
13.268
13.380
13.517
13.681
13.872
14.091
14.338
14.615
14.924
15.264
15.637
16.043
16.483
16.954
17.456
17.987
18.546
19.130
19.741
20.373
21.027
21.702
22.392
23.093
23.796
24.501
25.198
25.885
26.553
27.203
27.823
28.410
28.963
29.473
29.941
30.357
30.724
31.031
31.280
31.461
31.574
31.619
31.589
31.498
31.343
31.119
30.838
30.497
30.101
29.644
29.139
28.582
27.983
27.341
26.667
25.964
25.240
24.495
23.739
22.978
22.211
21.448
20.690
19.941
19.202
18.477
17.769
17.082
16.414
15.773
15.161
14.577
14.023
13.495
12.993
12.514
12.058
11.623
11.208
10.810
10.430
10.066
9.717
9.381
9.060
8.754
8.461
8.182
7.915
7.662
7.420
7.190
6.972
6.765
6.567
6.379
6.199
6.027
5.862
5.704
5.551
5.403
5.259
5.120
4.986
4.855
4.728
4.606
4.488
4.375
4.265
4.160
4.058
3.961
3.868
3.780
3.695
3.614
3.538
3.467
3.399
3.335
3.276
3.221
3.170
3.124
3.082
3.044
3.011
2.981
2.956
2.935
2.918
2.906
2.897
2.893
2.892
2.897
2.905
2.918
2.935
2.957
2.983
3.014
3.050
3.090
3.135
3.184
3.237
3.295
3.356
3.421
3.490
3.562
3.638
3.716
3.799
3.883
3.971
4.061
4.153
4.248
4.345
4.444
4.545
4.648
4.752
4.859
4.966
5.074
5.182
5.290
5.397
5.501
5.605
5.706
5.804
5.899
5.989
6.075
6.155
6.230
6.298
6.359
6.413
6.458
6.494
6.520
6.537
6.542
6.536
6.519
6.490
6.452
6.401
6.342
6.271
6.192
6.103
6.004
5.898
5.781
5.657
5.525
5.386
5.242
5.092
4.938
4.781
4.620
4.457
4.293
4.129
3.964
3.801
3.639
3.478
3.320
3.165
3.014
2.866
2.723
2.585
2.452
2.325
2.204
2.090
1.983
1.882
1.787
1.699
1.617
1.541
1.471
1.408
1.350
1.297
1.251
1.210
1.175
1.145
1.119
1.099
1.083
1.071
1.063
1.059
1.059
1.062
1.069
1.078
1.090
1.105
1.121
1.139
1.159
1.181
1.203
1.226
1.249
1.273
1.296
1.319
1.342
1.364
1.385
1.404
1.423
1.439
1.454
1.467
1.478
1.487
1.492
1.496
1.496
1.494
1.489
1.481
1.471
1.459
1.444
1.426
1.407
1.385
1.361
1.334
1.306
1.275
1.243
1.210
1.175
1.139
1.102
1.064
1.025
0.986
0.947
0.908
0.869
0.830
0.792
0.753
0.716
0.679
0.643
0.607
0.573
0.540
0.508
0.477
0.448
0.420
0.393
0.368
0.344
0.322
0.301
0.281
0.263
0.245
0.229
0.214
0.200
0.187
0.175
0.164
0.154
0.145
0.137
0.129
0.122
0.116
0.111
0.106
0.101
0.097
0.094
0.091
0.088
0.086
0.084
0.082
0.081
0.080
0.079
0.078
0.077
0.077
0.076
0.076
0.076
0.075
0.075
0.075
0.075
0.075
0.075
0.075
0.075
0.075
0.075
0.075
0.075
0.075
0.075
0.075
0.075
0.075
0.074
0.074
0.074
0.074
0.073
0.073
0.072
0.072
0.072
0.071
0.070
0.070
0.069
0.069
0.068
0.067
0.067
0.066
0.065
0.065
0.064
0.063
0.062
0.062
0.061
0.060
0.059
0.058
0.058
0.057
0.056
0.055
0.055
0.054
0.053
0.053
0.052
0.051
0.051
0.050
0.049
0.049
0.048
0.048
0.047
0.047
0.047
0.046
0.046
0.045
0.045
0.045
0.045
0.044
0.044
0.044
0.044
0.043
0.043
0.043
0.043
0.043
0.043
0.043
0.042
0.042
0.042
0.042
0.042
0.042
0.042
0.042
0.042
0.042
0.042
0.042
0.041
0.041
0.041
0.041
0.041
0.041
0.041
0.041
0.041
0.040
0.040
0.040
0.040
0.040
0.039
0.039
0.039
0.039
0.039
0.038
0.038
0.038
0.037
0.037
0.037
0.036
0.036
0.036
0.035
0.035
0.035
0.034
0.034
0.033
0.033
0.032
0.032
0.031
0.031
0.030
0.030
0.029
0.028
0.028
0.027
0.027
0.026
0.025
0.025
0.024
0.024
0.023
0.022
0.022
0.021
0.020
0.020
0.019
0.019
0.018
0.017
0.017
0.016
0.016
0.015
0.014
0.014
0.013
0.013
0.012
0.012
0.011
0.011
0.010
0.010
0.009
0.009
0.008
0.008
0.008
0.007
0.007
0.007
0.006
0.006
0.006
0.005
0.005
0.005
0.004
0.004
0.004
0.004
0.004
0.003
0.003
0.003
0.003
0.003
0.002
0.002
0.002
0.002
0.002
0.002
0.002
0.002
0.002
0.001
0.001
0.001
0.001
0.001
0.001
0.001
0.001
0.001
0.001
0.001
0.001
0.001
0.001
0.001
0.001
0.000
0.000
0.000
0.000
0.000
0.000
0.000
0.000
0.000
0.000
0.000
0.000
0.000
0.000
0.000
0.000
0.000
0.000
0.000
0.000
0.000
0.000
0.000
0.000
0.000
0.000
0.000
0.000
0.000
0.000
0.000
0.000
0.000
0.000
0.000
0.000
0.000
0.000
0.000
0.000
0.000
0.000
0.000
0.000
0.000
0.000
0.000
0.000
0.000
0.000
0.000
0.000
0.000
0.000
0.000
0.000
0.000
0.000
0.000
0.000
0.000
0.000
0.000
0.000
0.000
0.000
0.000
$MCA_CAL:
3
-1.4656616 2.9313233 0.00000000000000
$ENER_FIT:
-1.4656616 2.9313233 0.00000000000000
$MCA_CAL_DATA:
3
298 872
597 1749
896 2625
$CAMBIO:
Parent file specification: C:\GADRAS-DRF\Temp\parallelGUI2\226RA_50.0_50.0_alum_13.16_9.0.pcf
Successful read of spectrum: Yes
Error message: None
Warning: None
Information: None
Neutrons: 0
Number of spectral records in the parent file: 1
Record number of this spectrum in the parent file: 1
Date and time of acquisition read successfully from the original file: Yes
Live time read successfully from the original file: Yes
True time read successfully from the original file: Yes
GADRAS Tag character is:  
Version: 130122
Parent file type: Sandia GADRAS PCF
