$SPEC_ID:
226RA,1uC{26,6.28}
$MEAS_TIM:
3600.00 3600.00
$DATE_MEA:
3/9/2018 5:22:25 PM
$DATA:
0 1193
256.980
251.689
243.044
324.864
297.048
251.377
216.543
191.211
176.302
167.633
163.844
161.107
157.906
155.101
150.631
147.213
144.582
143.622
145.107
148.568
154.292
161.044
167.563
170.486
173.770
175.953
176.795
173.978
166.241
158.380
150.922
145.568
142.161
139.492
137.658
136.583
136.191
135.601
133.845
131.841
129.795
127.689
126.091
124.929
124.235
124.739
126.036
127.395
129.286
131.835
134.525
136.941
138.748
139.666
139.657
139.105
138.296
137.358
136.391
135.471
134.534
133.416
131.720
129.029
125.861
123.140
121.117
119.664
118.797
118.631
118.978
119.324
119.249
118.505
116.956
114.768
112.159
109.264
106.182
102.961
99.600
96.086
92.410
88.565
84.640
80.789
77.150
73.817
70.876
68.412
66.507
65.227
64.574
64.536
65.021
65.837
66.774
67.584
67.983
67.727
66.731
64.963
62.454
59.406
56.057
52.659
49.507
46.901
45.049
44.027
43.890
44.623
46.091
48.152
50.608
53.176
55.555
57.461
58.630
58.798
57.783
55.701
52.749
49.123
45.054
40.788
36.569
32.587
28.978
25.876
23.359
21.360
19.789
18.558
17.596
16.844
16.244
15.747
15.324
14.949
14.598
14.263
13.944
13.644
13.363
13.103
12.867
12.658
12.473
12.312
12.170
12.045
11.934
11.832
11.738
11.648
11.560
11.471
11.381
11.286
11.189
11.089
10.988
10.887
10.784
10.680
10.572
10.461
10.346
10.231
10.115
10.001
9.889
9.780
9.674
9.573
9.478
9.388
9.304
9.229
9.162
9.110
9.074
9.060
9.072
9.120
9.213
9.362
9.576
9.868
10.250
10.736
11.338
12.061
12.897
13.838
14.877
16.004
17.190
18.403
19.613
20.785
21.881
22.856
23.661
24.249
24.573
24.622
24.407
23.943
23.240
22.318
21.208
19.957
18.609
17.204
15.786
14.387
13.039
11.771
10.616
9.596
8.706
7.939
7.285
6.736
6.282
5.912
5.615
5.377
5.189
5.038
4.918
4.825
4.753
4.696
4.651
4.615
4.588
4.569
4.558
4.554
4.557
4.568
4.586
4.612
4.646
4.688
4.737
4.793
4.855
4.923
4.995
5.071
5.147
5.222
5.294
5.360
5.419
5.469
5.509
5.537
5.552
5.552
5.537
5.510
5.469
5.417
5.354
5.280
5.198
5.110
5.016
4.918
4.818
4.718
4.618
4.520
4.425
4.335
4.250
4.171
4.096
4.025
3.957
3.892
3.828
3.767
3.708
3.654
3.603
3.558
3.519
3.485
3.456
3.431
3.409
3.388
3.370
3.353
3.338
3.325
3.315
3.309
3.305
3.305
3.308
3.312
3.317
3.322
3.327
3.330
3.332
3.332
3.329
3.323
3.313
3.300
3.282
3.261
3.236
3.206
3.172
3.134
3.092
3.047
3.000
2.952
2.902
2.853
2.804
2.756
2.709
2.664
2.620
2.578
2.539
2.502
2.468
2.437
2.408
2.383
2.361
2.343
2.329
2.318
2.310
2.307
2.308
2.312
2.321
2.334
2.352
2.375
2.404
2.438
2.478
2.525
2.578
2.637
2.704
2.776
2.856
2.941
3.034
3.132
3.234
3.340
3.449
3.559
3.671
3.782
3.890
3.995
4.093
4.184
4.265
4.335
4.391
4.435
4.464
4.480
4.482
4.468
4.440
4.396
4.339
4.269
4.188
4.098
4.000
3.896
3.786
3.674
3.559
3.444
3.331
3.221
3.115
3.016
2.923
2.839
2.762
2.693
2.632
2.580
2.535
2.500
2.472
2.451
2.436
2.427
2.422
2.420
2.422
2.425
2.429
2.434
2.438
2.442
2.444
2.443
2.440
2.433
2.423
2.410
2.394
2.375
2.353
2.329
2.301
2.272
2.240
2.207
2.173
2.139
2.104
2.070
2.037
2.004
1.974
1.945
1.918
1.893
1.872
1.853
1.838
1.826
1.818
1.813
1.812
1.814
1.819
1.828
1.839
1.855
1.873
1.893
1.914
1.938
1.962
1.986
2.011
2.035
2.059
2.081
2.102
2.121
2.137
2.151
2.162
2.169
2.174
2.174
2.171
2.165
2.155
2.142
2.125
2.105
2.081
2.055
2.026
1.995
1.963
1.929
1.895
1.861
1.827
1.793
1.759
1.726
1.694
1.663
1.633
1.605
1.578
1.552
1.528
1.505
1.483
1.463
1.443
1.425
1.407
1.391
1.374
1.359
1.344
1.329
1.314
1.300
1.286
1.271
1.256
1.242
1.226
1.211
1.195
1.179
1.162
1.145
1.128
1.110
1.091
1.072
1.053
1.034
1.015
0.996
0.977
0.958
0.940
0.923
0.906
0.889
0.873
0.858
0.843
0.829
0.815
0.803
0.791
0.779
0.769
0.759
0.751
0.743
0.736
0.730
0.726
0.722
0.720
0.719
0.719
0.720
0.723
0.727
0.733
0.740
0.749
0.760
0.772
0.786
0.801
0.819
0.839
0.860
0.884
0.909
0.937
0.966
0.998
1.031
1.066
1.102
1.140
1.180
1.221
1.263
1.306
1.349
1.393
1.437
1.480
1.523
1.565
1.605
1.644
1.681
1.716
1.748
1.777
1.804
1.827
1.847
1.863
1.875
1.883
1.887
1.886
1.882
1.873
1.860
1.844
1.824
1.801
1.773
1.743
1.710
1.674
1.635
1.594
1.552
1.508
1.463
1.417
1.371
1.325
1.279
1.233
1.188
1.143
1.099
1.056
1.015
0.974
0.935
0.898
0.863
0.829
0.797
0.767
0.738
0.710
0.684
0.658
0.634
0.611
0.589
0.568
0.548
0.528
0.510
0.492
0.475
0.459
0.444
0.429
0.416
0.402
0.390
0.378
0.367
0.356
0.346
0.336
0.326
0.317
0.308
0.300
0.291
0.283
0.275
0.268
0.261
0.254
0.247
0.240
0.234
0.228
0.222
0.217
0.212
0.207
0.202
0.197
0.193
0.189
0.185
0.182
0.179
0.176
0.173
0.171
0.168
0.166
0.165
0.163
0.162
0.161
0.161
0.160
0.160
0.160
0.160
0.161
0.162
0.163
0.164
0.166
0.168
0.170
0.172
0.175
0.178
0.181
0.185
0.189
0.192
0.197
0.201
0.206
0.210
0.215
0.220
0.226
0.231
0.237
0.242
0.248
0.254
0.260
0.267
0.273
0.279
0.286
0.292
0.299
0.305
0.312
0.318
0.324
0.330
0.336
0.342
0.347
0.352
0.357
0.362
0.366
0.370
0.373
0.376
0.378
0.380
0.381
0.381
0.381
0.380
0.378
0.376
0.373
0.370
0.366
0.361
0.356
0.350
0.344
0.337
0.330
0.322
0.314
0.306
0.297
0.288
0.279
0.270
0.260
0.250
0.241
0.231
0.222
0.212
0.203
0.193
0.184
0.175
0.167
0.158
0.150
0.142
0.135
0.128
0.121
0.115
0.109
0.103
0.098
0.093
0.089
0.085
0.081
0.078
0.074
0.072
0.069
0.067
0.066
0.064
0.063
0.062
0.061
0.061
0.061
0.060
0.061
0.061
0.062
0.062
0.063
0.064
0.065
0.066
0.068
0.069
0.070
0.072
0.073
0.074
0.076
0.077
0.078
0.080
0.081
0.082
0.083
0.084
0.084
0.085
0.086
0.086
0.086
0.086
0.086
0.086
0.085
0.085
0.084
0.083
0.082
0.081
0.080
0.079
0.077
0.075
0.074
0.072
0.070
0.068
0.066
0.064
0.061
0.059
0.057
0.055
0.052
0.050
0.048
0.046
0.044
0.041
0.039
0.037
0.035
0.033
0.031
0.029
0.028
0.026
0.024
0.023
0.021
0.020
0.019
0.017
0.016
0.015
0.014
0.013
0.012
0.011
0.011
0.010
0.009
0.009
0.008
0.008
0.007
0.007
0.007
0.006
0.006
0.006
0.005
0.005
0.005
0.005
0.005
0.005
0.005
0.005
0.004
0.004
0.004
0.004
0.004
0.004
0.004
0.004
0.004
0.004
0.004
0.004
0.004
0.004
0.004
0.004
0.004
0.004
0.004
0.004
0.004
0.004
0.004
0.004
0.004
0.004
0.004
0.004
0.004
0.004
0.004
0.004
0.004
0.004
0.004
0.004
0.004
0.004
0.004
0.004
0.004
0.004
0.004
0.004
0.004
0.004
0.004
0.003
0.003
0.003
0.003
0.003
0.003
0.003
0.003
0.003
0.003
0.003
0.003
0.003
0.003
0.003
0.003
0.003
0.003
0.003
0.003
0.003
0.003
0.003
0.003
0.003
0.003
0.003
0.003
0.003
0.003
0.002
0.002
0.002
0.002
0.002
0.002
0.002
0.002
0.002
0.002
0.002
0.002
0.002
0.002
0.002
0.002
0.002
0.002
0.002
0.002
0.002
0.002
0.002
0.002
0.002
0.002
0.002
0.002
0.002
0.002
0.002
0.002
0.002
0.002
0.002
0.002
0.002
0.002
0.002
0.002
0.002
0.002
0.002
0.002
0.002
0.002
0.002
0.002
0.002
0.002
0.002
0.002
0.002
0.002
0.002
0.002
0.002
0.002
0.002
0.002
0.002
0.002
0.002
0.002
0.002
0.002
0.002
0.002
0.002
0.002
0.001
0.001
0.001
0.001
0.001
0.001
0.001
0.001
0.001
0.001
0.001
0.001
0.001
0.001
0.001
0.001
0.001
0.001
0.001
0.001
0.001
0.001
0.001
0.001
0.001
0.001
0.001
0.001
0.001
0.001
0.000
0.000
0.000
0.000
0.000
0.000
0.000
0.000
0.000
0.000
0.000
0.000
0.000
0.000
0.000
0.000
0.000
0.000
0.000
0.000
0.000
0.000
0.000
0.000
0.000
0.000
0.000
0.000
0.000
0.000
0.000
0.000
0.000
0.000
0.000
0.000
0.000
0.000
0.000
0.000
0.000
0.000
0.000
0.000
0.000
0.000
0.000
0.000
0.000
0.000
0.000
0.000
0.000
0.000
0.000
0.000
0.000
0.000
0.000
0.000
0.000
0.000
0.000
0.000
0.000
0.000
0.000
0.000
0.000
0.000
0.000
0.000
0.000
0.000
0.000
0.000
0.000
0.000
0.000
0.000
0.000
0.000
0.000
0.000
0.000
0.000
0.000
0.000
0.000
0.000
0.000
0.000
0.000
0.000
0.000
0.000
0.000
0.000
0.000
0.000
0.000
0.000
0.000
0.000
0.000
0.000
0.000
0.000
0.000
0.000
0.000
0.000
0.000
0.000
0.000
$MCA_CAL:
3
-1.4656616 2.9313233 0.00000000000000
$ENER_FIT:
-1.4656616 2.9313233 0.00000000000000
$MCA_CAL_DATA:
3
298 872
597 1749
896 2625
$CAMBIO:
Parent file specification: C:\GADRAS-DRF\Temp\parallelGUI2\226RA_100.0_237.5_iron_6.28_9.0.pcf
Successful read of spectrum: Yes
Error message: None
Warning: None
Information: None
Neutrons: 0
Number of spectral records in the parent file: 1
Record number of this spectrum in the parent file: 1
Date and time of acquisition read successfully from the original file: Yes
Live time read successfully from the original file: Yes
True time read successfully from the original file: Yes
GADRAS Tag character is:  
Version: 130122
Parent file type: Sandia GADRAS PCF
