$SPEC_ID:
226RA,1uC{26,3.50}
$MEAS_TIM:
3600.00 3600.00
$DATE_MEA:
3/9/2018 5:22:25 PM
$DATA:
0 1193
643.748
620.752
582.724
690.336
582.992
496.556
429.358
378.702
345.957
325.660
314.593
305.922
296.850
290.158
281.317
274.367
267.593
262.567
264.976
273.739
289.061
308.310
330.321
355.558
389.036
427.758
439.954
424.324
383.997
347.688
313.139
289.804
273.016
263.930
259.616
258.505
259.447
260.632
261.020
260.843
261.304
261.896
262.372
262.425
261.957
264.106
270.319
278.557
288.743
301.981
314.187
321.857
323.573
319.805
312.324
305.001
301.145
301.984
308.942
320.970
334.113
345.307
351.446
349.496
339.732
324.618
308.248
294.268
285.094
280.140
278.294
278.692
279.841
280.025
278.754
276.538
275.466
276.745
279.965
284.361
288.832
290.914
287.667
278.502
264.141
246.797
229.104
213.275
201.031
192.418
187.155
185.521
187.987
195.218
207.762
225.041
245.846
267.526
286.602
299.556
302.861
295.102
277.593
252.569
224.027
195.965
171.328
152.621
140.827
135.949
137.993
147.019
162.987
185.521
214.033
246.490
279.719
310.057
332.698
342.991
339.766
323.775
296.782
262.577
225.207
188.288
155.190
128.415
107.886
93.055
83.016
76.524
72.363
69.729
67.966
66.540
65.221
63.828
62.304
60.744
59.250
57.841
56.489
55.171
53.927
52.820
51.900
51.162
50.586
50.152
49.828
49.586
49.400
49.246
49.105
48.957
48.793
48.600
48.374
48.117
47.837
47.534
47.204
46.843
46.441
46.000
45.516
44.990
44.431
43.856
43.276
42.709
42.167
41.665
41.207
40.787
40.399
40.036
39.696
39.377
39.074
38.782
38.498
38.213
37.946
37.730
37.600
37.603
37.816
38.324
39.211
40.624
42.740
45.739
49.777
54.985
61.484
69.384
78.593
88.904
100.122
111.920
123.651
134.607
144.097
151.532
156.448
158.401
157.006
152.469
145.233
135.757
124.520
112.189
99.449
86.975
75.286
64.636
55.265
47.394
41.044
36.037
32.188
29.311
27.225
25.761
24.742
24.003
23.451
23.031
22.688
22.371
22.069
21.789
21.537
21.319
21.136
20.982
20.856
20.752
20.674
20.622
20.598
20.608
20.656
20.748
20.893
21.098
21.370
21.714
22.137
22.644
23.235
23.893
24.601
25.342
26.095
26.829
27.512
28.109
28.590
28.936
29.143
29.202
29.107
28.863
28.488
28.004
27.432
26.792
26.105
25.391
24.673
23.969
23.293
22.650
22.045
21.483
20.966
20.494
20.061
19.663
19.294
18.952
18.629
18.321
18.021
17.726
17.437
17.160
16.901
16.665
16.455
16.267
16.098
15.943
15.797
15.661
15.539
15.437
15.358
15.309
15.287
15.295
15.330
15.392
15.478
15.587
15.714
15.852
16.001
16.153
16.302
16.437
16.552
16.637
16.685
16.690
16.650
16.558
16.412
16.210
15.958
15.667
15.344
14.998
14.637
14.270
13.902
13.542
13.195
12.871
12.566
12.282
12.019
11.775
11.551
11.346
11.162
10.999
10.857
10.737
10.637
10.554
10.487
10.433
10.388
10.352
10.327
10.313
10.313
10.327
10.357
10.407
10.476
10.571
10.690
10.841
11.025
11.250
11.524
11.851
12.239
12.690
13.211
13.800
14.462
15.197
16.008
16.881
17.803
18.761
19.739
20.724
21.695
22.628
23.493
24.266
24.920
25.430
25.784
25.985
26.026
25.909
25.627
25.188
24.607
23.903
23.097
22.207
21.254
20.255
19.235
18.214
17.213
16.253
15.356
14.530
13.778
13.105
12.514
12.008
11.590
11.257
11.005
10.830
10.727
10.693
10.721
10.805
10.934
11.100
11.295
11.509
11.735
11.962
12.184
12.392
12.578
12.732
12.850
12.930
12.971
12.972
12.932
12.854
12.734
12.578
12.390
12.174
11.932
11.672
11.395
11.108
10.813
10.516
10.221
9.933
9.656
9.393
9.146
8.915
8.705
8.515
8.349
8.206
8.091
8.001
7.940
7.910
7.910
7.941
8.003
8.096
8.216
8.365
8.539
8.740
8.962
9.202
9.454
9.715
9.980
10.245
10.505
10.755
10.992
11.209
11.403
11.568
11.701
11.798
11.862
11.889
11.878
11.830
11.742
11.617
11.457
11.269
11.055
10.820
10.567
10.301
10.025
9.744
9.461
9.181
8.907
8.643
8.394
8.159
7.940
7.740
7.560
7.399
7.262
7.145
7.048
6.966
6.898
6.840
6.788
6.742
6.699
6.659
6.622
6.589
6.557
6.529
6.502
6.475
6.446
6.412
6.371
6.320
6.257
6.179
6.089
5.987
5.876
5.759
5.637
5.512
5.387
5.263
5.139
5.018
4.898
4.782
4.668
4.559
4.454
4.354
4.257
4.165
4.078
3.995
3.916
3.841
3.771
3.704
3.641
3.581
3.524
3.469
3.418
3.369
3.324
3.282
3.244
3.212
3.183
3.160
3.142
3.130
3.123
3.123
3.128
3.141
3.159
3.185
3.219
3.262
3.314
3.376
3.448
3.532
3.627
3.736
3.859
3.996
4.150
4.321
4.510
4.717
4.943
5.186
5.446
5.723
6.017
6.326
6.650
6.988
7.334
7.686
8.040
8.395
8.744
9.084
9.414
9.727
10.021
10.289
10.531
10.740
10.913
11.045
11.134
11.182
11.186
11.150
11.074
10.956
10.798
10.602
10.370
10.104
9.813
9.499
9.167
8.820
8.465
8.104
7.742
7.381
7.025
6.677
6.339
6.014
5.707
5.418
5.148
4.897
4.664
4.447
4.247
4.062
3.893
3.738
3.596
3.465
3.345
3.233
3.128
3.029
2.934
2.842
2.753
2.666
2.582
2.500
2.420
2.342
2.265
2.190
2.116
2.045
1.975
1.908
1.844
1.783
1.726
1.672
1.622
1.574
1.530
1.487
1.447
1.408
1.370
1.333
1.296
1.260
1.225
1.191
1.158
1.126
1.094
1.064
1.035
1.007
0.980
0.954
0.930
0.906
0.883
0.862
0.841
0.822
0.804
0.786
0.770
0.756
0.742
0.730
0.719
0.709
0.700
0.693
0.688
0.683
0.680
0.679
0.679
0.681
0.684
0.688
0.694
0.702
0.711
0.721
0.733
0.747
0.761
0.778
0.795
0.814
0.833
0.854
0.876
0.899
0.923
0.948
0.974
1.000
1.027
1.055
1.084
1.114
1.144
1.176
1.208
1.241
1.275
1.311
1.349
1.388
1.429
1.472
1.517
1.563
1.611
1.660
1.710
1.760
1.809
1.859
1.908
1.955
2.001
2.045
2.086
2.123
2.155
2.183
2.206
2.223
2.233
2.238
2.235
2.227
2.212
2.191
2.164
2.130
2.089
2.043
1.991
1.934
1.873
1.808
1.740
1.669
1.597
1.523
1.448
1.373
1.299
1.225
1.152
1.080
1.011
0.944
0.880
0.819
0.762
0.707
0.656
0.608
0.563
0.522
0.483
0.448
0.415
0.385
0.359
0.334
0.313
0.293
0.276
0.260
0.246
0.234
0.224
0.215
0.208
0.202
0.198
0.195
0.194
0.194
0.195
0.197
0.201
0.206
0.212
0.220
0.228
0.238
0.248
0.260
0.273
0.286
0.301
0.315
0.331
0.346
0.362
0.378
0.394
0.410
0.425
0.440
0.455
0.468
0.481
0.493
0.503
0.512
0.519
0.525
0.529
0.532
0.533
0.532
0.529
0.525
0.519
0.512
0.503
0.492
0.480
0.467
0.453
0.437
0.421
0.404
0.387
0.369
0.351
0.332
0.314
0.296
0.278
0.260
0.243
0.226
0.209
0.194
0.179
0.165
0.151
0.139
0.127
0.116
0.106
0.096
0.087
0.079
0.072
0.065
0.059
0.054
0.049
0.045
0.041
0.038
0.035
0.032
0.030
0.028
0.026
0.024
0.023
0.022
0.021
0.020
0.020
0.019
0.019
0.018
0.018
0.018
0.018
0.018
0.018
0.018
0.018
0.018
0.018
0.018
0.019
0.019
0.019
0.019
0.019
0.020
0.020
0.020
0.020
0.021
0.021
0.021
0.021
0.021
0.022
0.022
0.022
0.022
0.022
0.022
0.022
0.022
0.022
0.022
0.022
0.022
0.022
0.022
0.022
0.022
0.022
0.021
0.021
0.021
0.021
0.021
0.020
0.020
0.020
0.020
0.019
0.019
0.019
0.018
0.018
0.018
0.018
0.017
0.017
0.017
0.016
0.016
0.016
0.015
0.015
0.015
0.015
0.014
0.014
0.014
0.013
0.013
0.013
0.013
0.013
0.012
0.012
0.012
0.012
0.012
0.012
0.012
0.012
0.012
0.012
0.012
0.011
0.011
0.011
0.011
0.011
0.011
0.011
0.011
0.011
0.012
0.012
0.012
0.012
0.012
0.012
0.012
0.012
0.012
0.012
0.012
0.012
0.012
0.012
0.012
0.012
0.012
0.012
0.012
0.012
0.012
0.012
0.012
0.011
0.011
0.011
0.011
0.011
0.011
0.011
0.011
0.011
0.011
0.011
0.011
0.011
0.011
0.011
0.011
0.011
0.011
0.011
0.011
0.011
0.010
0.010
0.010
0.010
0.010
0.010
0.010
0.010
0.009
0.009
0.009
0.009
0.009
0.009
0.008
0.008
0.008
0.008
0.008
0.007
0.007
0.007
0.007
0.006
0.006
0.006
0.006
0.006
0.005
0.005
0.005
0.005
0.004
0.004
0.004
0.004
0.004
0.003
0.003
0.003
0.003
0.003
0.003
0.002
0.002
0.002
0.002
0.002
0.002
0.002
0.002
0.002
0.001
0.001
0.001
0.001
0.001
0.001
0.001
0.001
0.001
0.001
0.001
0.001
0.001
0.001
0.001
0.001
0.001
0.000
0.000
0.000
0.000
0.000
0.000
0.000
0.000
0.000
0.000
0.000
0.000
0.000
0.000
0.000
0.000
0.000
0.000
0.000
0.000
0.000
0.000
0.000
0.000
0.000
0.000
0.000
0.000
0.000
0.000
0.000
0.000
0.000
0.000
0.000
0.000
0.000
0.000
0.000
0.000
0.000
0.000
0.000
0.000
0.000
0.000
0.000
0.000
0.000
0.000
0.000
0.000
0.000
0.000
0.000
0.000
0.000
0.000
0.000
0.000
0.000
0.000
0.000
0.000
0.000
0.000
0.000
0.000
0.000
0.000
0.000
0.000
0.000
0.000
0.000
0.000
0.000
0.000
0.000
0.000
0.000
0.000
0.000
0.000
0.000
0.000
0.000
0.000
0.000
0.000
0.000
0.000
0.000
0.000
$MCA_CAL:
3
-1.4656616 2.9313233 0.00000000000000
$ENER_FIT:
-1.4656616 2.9313233 0.00000000000000
$MCA_CAL_DATA:
3
298 872
597 1749
896 2625
$CAMBIO:
Parent file specification: C:\GADRAS-DRF\Temp\parallelGUI2\226RA_150.0_112.5_iron_3.50_7.0.pcf
Successful read of spectrum: Yes
Error message: None
Warning: None
Information: None
Neutrons: 0
Number of spectral records in the parent file: 1
Record number of this spectrum in the parent file: 1
Date and time of acquisition read successfully from the original file: Yes
Live time read successfully from the original file: Yes
True time read successfully from the original file: Yes
GADRAS Tag character is:  
Version: 130122
Parent file type: Sandia GADRAS PCF
