$SPEC_ID:
226RA,1uC{13,1.82}
$MEAS_TIM:
3600.00 3600.00
$DATE_MEA:
3/9/2018 5:22:25 PM
$DATA:
0 1193
480.507
484.739
462.272
498.419
424.177
365.263
319.441
278.366
258.364
247.062
244.905
247.726
255.303
271.632
297.321
318.796
305.779
281.828
278.720
286.885
294.816
306.548
331.582
372.603
428.848
471.026
459.928
409.325
337.452
284.145
241.918
211.339
188.056
174.281
167.749
164.810
163.548
162.751
161.474
159.775
158.348
157.024
155.339
153.467
152.592
154.170
158.367
163.359
169.225
177.464
186.313
193.915
198.812
199.955
198.001
194.391
190.573
187.629
186.211
186.434
188.217
191.056
192.960
192.256
188.516
182.883
177.357
173.093
170.783
170.676
172.314
174.357
175.709
175.594
173.771
170.416
166.574
163.449
161.111
159.207
157.312
154.885
150.981
144.763
136.729
127.815
118.881
110.727
103.901
98.795
95.620
94.437
95.358
98.566
104.054
111.386
119.939
128.521
135.760
140.359
141.073
137.332
129.692
118.940
106.546
94.157
83.076
74.291
68.586
66.169
67.114
71.373
78.789
89.083
101.530
115.303
129.093
141.089
149.571
153.543
152.310
145.701
134.785
120.793
105.112
89.260
74.683
62.092
51.808
44.035
38.448
34.571
31.956
30.244
29.089
28.216
27.494
26.807
26.094
25.379
24.692
24.048
23.441
22.862
22.316
21.820
21.395
21.051
20.780
20.573
20.417
20.303
20.218
20.151
20.094
20.038
19.977
19.905
19.822
19.722
19.606
19.474
19.328
19.169
18.993
18.801
18.589
18.363
18.126
17.883
17.639
17.401
17.176
16.966
16.771
16.588
16.414
16.248
16.091
15.947
15.815
15.694
15.585
15.485
15.406
15.367
15.388
15.494
15.724
16.124
16.741
17.626
18.842
20.458
22.538
25.121
28.207
31.798
35.884
40.369
45.092
49.884
54.572
58.925
62.685
65.586
67.393
68.047
67.553
65.919
63.177
59.512
55.147
50.317
45.253
40.147
35.189
30.563
26.442
22.867
19.824
17.301
15.279
13.708
12.512
11.619
10.955
10.463
10.105
9.844
9.641
9.469
9.322
9.197
9.089
8.994
8.914
8.845
8.790
8.747
8.719
8.704
8.706
8.725
8.763
8.824
8.908
9.021
9.163
9.335
9.537
9.768
10.027
10.310
10.609
10.914
11.217
11.507
11.776
12.014
12.211
12.357
12.447
12.478
12.453
12.374
12.242
12.061
11.841
11.591
11.318
11.031
10.738
10.443
10.151
9.869
9.600
9.347
9.111
8.893
8.692
8.510
8.343
8.188
8.040
7.896
7.752
7.612
7.477
7.350
7.235
7.132
7.041
6.959
6.886
6.820
6.759
6.705
6.659
6.622
6.594
6.579
6.575
6.581
6.597
6.624
6.659
6.702
6.751
6.803
6.858
6.913
6.966
7.012
7.051
7.077
7.088
7.082
7.059
7.017
6.957
6.877
6.778
6.663
6.534
6.397
6.252
6.106
5.958
5.812
5.668
5.529
5.396
5.269
5.151
5.041
4.939
4.848
4.766
4.694
4.631
4.577
4.531
4.491
4.458
4.432
4.411
4.397
4.389
4.388
4.393
4.407
4.428
4.461
4.503
4.559
4.627
4.712
4.815
4.936
5.079
5.245
5.435
5.649
5.890
6.157
6.452
6.774
7.119
7.483
7.860
8.246
8.635
9.023
9.400
9.757
10.085
10.376
10.620
10.810
10.943
11.021
11.039
10.999
10.897
10.736
10.521
10.258
9.956
9.619
9.256
8.873
8.478
8.078
7.682
7.295
6.926
6.583
6.267
5.980
5.724
5.500
5.308
5.152
5.028
4.937
4.874
4.838
4.827
4.839
4.870
4.917
4.978
5.046
5.121
5.196
5.271
5.340
5.403
5.457
5.501
5.531
5.546
5.545
5.529
5.498
5.452
5.394
5.323
5.241
5.148
5.047
4.940
4.827
4.712
4.595
4.478
4.363
4.251
4.144
4.042
3.947
3.860
3.783
3.716
3.659
3.613
3.578
3.555
3.545
3.546
3.560
3.586
3.623
3.672
3.732
3.802
3.882
3.969
4.063
4.161
4.261
4.363
4.464
4.563
4.658
4.747
4.829
4.902
4.963
5.013
5.049
5.074
5.084
5.080
5.063
5.030
4.983
4.923
4.852
4.770
4.680
4.583
4.480
4.373
4.263
4.152
4.042
3.933
3.827
3.727
3.632
3.543
3.460
3.384
3.314
3.250
3.193
3.143
3.098
3.059
3.025
2.994
2.967
2.943
2.921
2.900
2.881
2.862
2.843
2.825
2.805
2.784
2.762
2.738
2.712
2.683
2.652
2.618
2.580
2.539
2.494
2.447
2.399
2.348
2.297
2.245
2.194
2.143
2.094
2.045
1.997
1.951
1.907
1.864
1.824
1.785
1.749
1.714
1.681
1.650
1.620
1.592
1.565
1.539
1.515
1.493
1.472
1.453
1.436
1.421
1.408
1.397
1.389
1.383
1.380
1.379
1.381
1.386
1.394
1.406
1.421
1.440
1.463
1.490
1.522
1.559
1.601
1.649
1.702
1.761
1.826
1.899
1.978
2.064
2.157
2.257
2.363
2.475
2.593
2.716
2.844
2.977
3.114
3.252
3.392
3.531
3.670
3.804
3.935
4.060
4.178
4.287
4.387
4.477
4.554
4.618
4.668
4.701
4.719
4.720
4.706
4.677
4.633
4.575
4.503
4.419
4.322
4.214
4.096
3.971
3.840
3.703
3.564
3.423
3.281
3.141
3.003
2.866
2.734
2.605
2.481
2.363
2.251
2.147
2.049
1.957
1.871
1.791
1.717
1.647
1.583
1.523
1.468
1.416
1.367
1.322
1.278
1.237
1.197
1.158
1.120
1.082
1.046
1.010
0.976
0.942
0.910
0.879
0.850
0.822
0.796
0.771
0.747
0.725
0.703
0.682
0.662
0.643
0.625
0.607
0.590
0.574
0.558
0.542
0.527
0.513
0.499
0.485
0.471
0.458
0.446
0.434
0.422
0.411
0.401
0.391
0.381
0.372
0.364
0.356
0.349
0.342
0.336
0.330
0.325
0.320
0.316
0.313
0.310
0.308
0.306
0.305
0.304
0.304
0.305
0.307
0.309
0.311
0.315
0.318
0.323
0.328
0.334
0.340
0.347
0.355
0.363
0.371
0.380
0.390
0.400
0.410
0.421
0.433
0.444
0.457
0.469
0.483
0.496
0.510
0.525
0.539
0.555
0.570
0.587
0.603
0.620
0.638
0.656
0.675
0.694
0.713
0.733
0.753
0.772
0.792
0.811
0.829
0.846
0.863
0.878
0.892
0.904
0.915
0.924
0.932
0.937
0.940
0.941
0.939
0.935
0.928
0.919
0.907
0.894
0.878
0.861
0.842
0.820
0.797
0.773
0.747
0.720
0.692
0.663
0.634
0.605
0.575
0.546
0.517
0.489
0.461
0.434
0.408
0.382
0.358
0.334
0.312
0.291
0.271
0.253
0.235
0.219
0.204
0.191
0.178
0.166
0.156
0.146
0.137
0.130
0.123
0.117
0.112
0.107
0.104
0.101
0.099
0.097
0.096
0.096
0.096
0.097
0.098
0.100
0.103
0.106
0.109
0.113
0.117
0.121
0.126
0.131
0.137
0.142
0.148
0.154
0.160
0.165
0.171
0.177
0.183
0.188
0.193
0.198
0.202
0.207
0.210
0.213
0.216
0.218
0.219
0.220
0.220
0.220
0.219
0.217
0.215
0.212
0.209
0.205
0.201
0.196
0.191
0.185
0.179
0.173
0.166
0.159
0.153
0.146
0.139
0.132
0.124
0.118
0.111
0.104
0.097
0.091
0.085
0.079
0.073
0.068
0.062
0.058
0.053
0.049
0.045
0.041
0.038
0.034
0.031
0.029
0.026
0.024
0.022
0.020
0.019
0.017
0.016
0.015
0.014
0.013
0.012
0.011
0.011
0.010
0.010
0.009
0.009
0.009
0.009
0.009
0.008
0.008
0.008
0.008
0.008
0.008
0.008
0.008
0.008
0.008
0.008
0.008
0.009
0.009
0.009
0.009
0.009
0.009
0.009
0.009
0.009
0.009
0.009
0.009
0.009
0.009
0.009
0.009
0.009
0.010
0.010
0.010
0.009
0.009
0.009
0.009
0.009
0.009
0.009
0.009
0.009
0.009
0.009
0.009
0.009
0.009
0.009
0.008
0.008
0.008
0.008
0.008
0.008
0.008
0.008
0.008
0.007
0.007
0.007
0.007
0.007
0.007
0.007
0.007
0.006
0.006
0.006
0.006
0.006
0.006
0.006
0.006
0.006
0.006
0.006
0.005
0.005
0.005
0.005
0.005
0.005
0.005
0.005
0.005
0.005
0.005
0.005
0.005
0.005
0.005
0.005
0.005
0.005
0.005
0.005
0.005
0.005
0.005
0.005
0.005
0.005
0.005
0.005
0.005
0.005
0.005
0.005
0.005
0.005
0.005
0.005
0.005
0.005
0.005
0.005
0.005
0.005
0.005
0.005
0.005
0.005
0.005
0.005
0.005
0.005
0.005
0.005
0.005
0.005
0.005
0.005
0.005
0.005
0.005
0.005
0.005
0.005
0.004
0.004
0.004
0.004
0.004
0.004
0.004
0.004
0.004
0.004
0.004
0.004
0.004
0.004
0.004
0.004
0.003
0.003
0.003
0.003
0.003
0.003
0.003
0.003
0.003
0.003
0.003
0.002
0.002
0.002
0.002
0.002
0.002
0.002
0.002
0.002
0.002
0.002
0.002
0.001
0.001
0.001
0.001
0.001
0.001
0.001
0.001
0.001
0.001
0.001
0.001
0.001
0.001
0.001
0.001
0.001
0.001
0.001
0.000
0.000
0.000
0.000
0.000
0.000
0.000
0.000
0.000
0.000
0.000
0.000
0.000
0.000
0.000
0.000
0.000
0.000
0.000
0.000
0.000
0.000
0.000
0.000
0.000
0.000
0.000
0.000
0.000
0.000
0.000
0.000
0.000
0.000
0.000
0.000
0.000
0.000
0.000
0.000
0.000
0.000
0.000
0.000
0.000
0.000
0.000
0.000
0.000
0.000
0.000
0.000
0.000
0.000
0.000
0.000
0.000
0.000
0.000
0.000
0.000
0.000
0.000
0.000
0.000
0.000
0.000
0.000
0.000
0.000
0.000
0.000
0.000
0.000
0.000
0.000
0.000
0.000
0.000
0.000
0.000
0.000
0.000
0.000
0.000
0.000
0.000
0.000
0.000
0.000
0.000
0.000
0.000
0.000
0.000
0.000
0.000
0.000
0.000
0.000
0.000
0.000
0.000
0.000
0.000
$MCA_CAL:
3
-1.4656616 2.9313233 0.00000000000000
$ENER_FIT:
-1.4656616 2.9313233 0.00000000000000
$MCA_CAL_DATA:
3
298 872
597 1749
896 2625
$CAMBIO:
Parent file specification: C:\GADRAS-DRF\Temp\parallelGUI2\226RA_150.0_175.0_alum_1.82_7.5.pcf
Successful read of spectrum: Yes
Error message: None
Warning: None
Information: None
Neutrons: 0
Number of spectral records in the parent file: 1
Record number of this spectrum in the parent file: 1
Date and time of acquisition read successfully from the original file: Yes
Live time read successfully from the original file: Yes
True time read successfully from the original file: Yes
GADRAS Tag character is:  
Version: 130122
Parent file type: Sandia GADRAS PCF
