$SPEC_ID:
226RA,1uC{26,11.02}
$MEAS_TIM:
3600.00 3600.00
$DATE_MEA:
3/9/2018 5:22:25 PM
$DATA:
0 1193
137.897
132.635
124.036
228.714
194.301
163.855
140.219
123.027
112.932
106.688
103.566
101.058
98.501
96.567
93.992
91.992
90.760
90.565
91.795
94.007
98.185
102.947
106.802
106.886
107.098
108.637
109.357
109.396
104.446
100.143
96.921
95.752
95.580
95.033
94.855
94.838
95.059
95.127
93.788
92.274
90.833
89.495
88.196
86.888
85.922
85.659
85.833
86.082
86.602
87.598
88.933
90.136
90.851
90.969
90.480
89.702
88.889
88.182
87.674
87.382
87.185
86.911
86.433
85.093
82.523
79.502
76.773
74.860
73.970
73.919
74.331
74.828
75.052
74.686
73.527
71.651
69.488
67.353
65.421
63.616
61.813
59.891
57.740
55.280
52.620
49.950
47.462
45.290
43.431
41.857
40.537
39.447
38.575
38.049
38.094
38.654
39.467
40.332
41.075
41.400
40.949
39.651
37.640
35.143
32.463
29.888
27.697
26.027
24.838
24.094
23.792
23.946
24.585
25.738
27.367
29.401
31.596
33.596
35.021
35.463
34.657
32.783
30.112
26.964
23.687
20.584
17.903
15.834
14.328
13.281
12.581
12.114
11.779
11.521
11.294
11.072
10.850
10.621
10.388
10.156
9.926
9.698
9.473
9.255
9.053
8.871
8.708
8.565
8.439
8.328
8.229
8.140
8.058
7.980
7.903
7.826
7.748
7.666
7.582
7.496
7.410
7.328
7.247
7.167
7.086
7.003
6.917
6.829
6.738
6.647
6.557
6.470
6.387
6.309
6.234
6.163
6.094
6.026
5.960
5.897
5.835
5.774
5.711
5.648
5.587
5.528
5.474
5.428
5.392
5.372
5.380
5.424
5.516
5.674
5.912
6.247
6.693
7.264
7.973
8.806
9.742
10.756
11.800
12.798
13.672
14.348
14.779
14.922
14.737
14.240
13.482
12.521
11.411
10.223
9.026
7.886
6.844
5.923
5.146
4.524
4.041
3.678
3.415
3.230
3.104
3.019
2.957
2.909
2.870
2.836
2.802
2.769
2.737
2.707
2.679
2.653
2.630
2.611
2.595
2.581
2.569
2.558
2.550
2.543
2.539
2.537
2.540
2.548
2.561
2.581
2.609
2.645
2.690
2.743
2.802
2.866
2.932
2.997
3.058
3.111
3.152
3.178
3.190
3.186
3.168
3.135
3.089
3.034
2.971
2.902
2.830
2.757
2.686
2.618
2.554
2.494
2.439
2.387
2.339
2.296
2.256
2.221
2.188
2.158
2.128
2.099
2.070
2.041
2.012
1.985
1.959
1.935
1.914
1.894
1.877
1.861
1.847
1.834
1.820
1.807
1.794
1.784
1.777
1.774
1.775
1.779
1.785
1.794
1.805
1.817
1.830
1.844
1.859
1.873
1.884
1.893
1.898
1.898
1.892
1.882
1.865
1.843
1.816
1.784
1.749
1.712
1.674
1.636
1.598
1.561
1.527
1.496
1.467
1.440
1.415
1.392
1.371
1.352
1.334
1.319
1.306
1.295
1.286
1.278
1.271
1.265
1.259
1.255
1.251
1.248
1.247
1.246
1.246
1.248
1.251
1.256
1.263
1.272
1.284
1.299
1.318
1.341
1.370
1.405
1.447
1.498
1.557
1.625
1.700
1.783
1.874
1.971
2.072
2.174
2.275
2.374
2.467
2.551
2.623
2.680
2.718
2.738
2.738
2.721
2.686
2.634
2.566
2.485
2.393
2.294
2.188
2.079
1.970
1.861
1.757
1.658
1.567
1.485
1.411
1.346
1.291
1.244
1.206
1.176
1.155
1.141
1.135
1.135
1.142
1.155
1.171
1.192
1.215
1.241
1.267
1.294
1.319
1.342
1.363
1.380
1.393
1.402
1.407
1.406
1.401
1.391
1.376
1.358
1.336
1.311
1.284
1.255
1.225
1.193
1.161
1.130
1.099
1.068
1.039
1.011
0.985
0.961
0.939
0.919
0.902
0.886
0.874
0.864
0.856
0.852
0.851
0.853
0.858
0.867
0.879
0.894
0.912
0.933
0.956
0.982
1.009
1.037
1.067
1.096
1.124
1.152
1.178
1.202
1.223
1.242
1.256
1.267
1.273
1.276
1.274
1.268
1.257
1.242
1.223
1.201
1.176
1.149
1.121
1.090
1.059
1.028
0.996
0.965
0.935
0.906
0.879
0.854
0.831
0.810
0.793
0.778
0.766
0.756
0.749
0.742
0.737
0.732
0.728
0.724
0.720
0.717
0.714
0.712
0.710
0.709
0.707
0.706
0.703
0.699
0.694
0.688
0.681
0.672
0.663
0.652
0.641
0.628
0.615
0.602
0.588
0.574
0.560
0.547
0.534
0.521
0.509
0.498
0.487
0.477
0.467
0.458
0.450
0.442
0.434
0.427
0.420
0.413
0.407
0.401
0.395
0.389
0.384
0.378
0.374
0.369
0.365
0.361
0.358
0.355
0.353
0.351
0.350
0.349
0.349
0.350
0.351
0.353
0.356
0.359
0.363
0.368
0.374
0.381
0.389
0.398
0.408
0.421
0.434
0.450
0.467
0.487
0.509
0.533
0.558
0.586
0.617
0.649
0.684
0.720
0.758
0.797
0.836
0.876
0.916
0.955
0.993
1.030
1.065
1.096
1.125
1.149
1.170
1.185
1.196
1.203
1.203
1.199
1.189
1.174
1.153
1.128
1.099
1.067
1.032
0.994
0.954
0.912
0.870
0.828
0.785
0.744
0.704
0.666
0.629
0.595
0.564
0.534
0.506
0.481
0.459
0.438
0.420
0.403
0.388
0.375
0.362
0.351
0.341
0.331
0.321
0.313
0.304
0.296
0.288
0.279
0.271
0.262
0.254
0.246
0.237
0.229
0.221
0.214
0.207
0.200
0.193
0.187
0.181
0.175
0.170
0.166
0.161
0.157
0.153
0.150
0.146
0.143
0.139
0.136
0.132
0.129
0.125
0.122
0.119
0.116
0.113
0.110
0.107
0.104
0.102
0.099
0.097
0.095
0.092
0.090
0.088
0.086
0.085
0.083
0.082
0.080
0.079
0.078
0.077
0.076
0.075
0.075
0.074
0.074
0.074
0.074
0.075
0.075
0.076
0.076
0.077
0.078
0.080
0.081
0.083
0.084
0.086
0.088
0.090
0.092
0.095
0.097
0.100
0.102
0.105
0.108
0.110
0.113
0.116
0.118
0.121
0.124
0.127
0.130
0.133
0.137
0.140
0.144
0.149
0.153
0.158
0.163
0.168
0.173
0.179
0.185
0.191
0.197
0.203
0.209
0.214
0.220
0.225
0.230
0.234
0.238
0.242
0.244
0.246
0.247
0.247
0.246
0.244
0.242
0.238
0.234
0.229
0.224
0.217
0.210
0.203
0.195
0.187
0.178
0.169
0.160
0.151
0.142
0.134
0.125
0.117
0.109
0.101
0.093
0.086
0.080
0.074
0.068
0.063
0.058
0.054
0.049
0.046
0.042
0.039
0.036
0.034
0.032
0.030
0.028
0.026
0.025
0.024
0.023
0.022
0.021
0.020
0.019
0.019
0.019
0.019
0.019
0.019
0.019
0.019
0.020
0.021
0.021
0.022
0.023
0.025
0.026
0.027
0.029
0.031
0.032
0.034
0.036
0.038
0.040
0.042
0.044
0.046
0.048
0.050
0.052
0.053
0.055
0.056
0.057
0.058
0.059
0.060
0.060
0.060
0.060
0.060
0.059
0.058
0.057
0.056
0.055
0.053
0.052
0.050
0.048
0.046
0.044
0.042
0.039
0.037
0.035
0.033
0.030
0.028
0.026
0.024
0.022
0.021
0.019
0.017
0.016
0.014
0.013
0.012
0.010
0.009
0.009
0.008
0.007
0.006
0.006
0.005
0.005
0.004
0.004
0.004
0.003
0.003
0.003
0.003
0.002
0.002
0.002
0.002
0.002
0.002
0.002
0.002
0.002
0.002
0.002
0.002
0.002
0.002
0.002
0.002
0.002
0.002
0.002
0.002
0.002
0.002
0.002
0.002
0.002
0.002
0.002
0.002
0.002
0.002
0.002
0.002
0.002
0.002
0.002
0.002
0.002
0.002
0.002
0.002
0.002
0.002
0.002
0.002
0.002
0.002
0.002
0.002
0.002
0.002
0.002
0.002
0.002
0.002
0.002
0.002
0.002
0.002
0.002
0.002
0.002
0.002
0.002
0.002
0.002
0.002
0.002
0.002
0.002
0.002
0.002
0.002
0.002
0.002
0.002
0.002
0.002
0.002
0.002
0.001
0.001
0.001
0.001
0.001
0.001
0.001
0.001
0.001
0.001
0.001
0.001
0.001
0.001
0.001
0.001
0.001
0.001
0.001
0.001
0.001
0.001
0.001
0.001
0.001
0.001
0.001
0.001
0.001
0.001
0.001
0.001
0.001
0.001
0.001
0.001
0.001
0.001
0.001
0.001
0.001
0.001
0.001
0.001
0.001
0.001
0.001
0.001
0.001
0.001
0.001
0.001
0.001
0.001
0.001
0.001
0.001
0.001
0.001
0.001
0.001
0.001
0.001
0.001
0.001
0.001
0.001
0.001
0.001
0.001
0.001
0.001
0.001
0.001
0.001
0.001
0.001
0.001
0.001
0.001
0.001
0.001
0.001
0.001
0.001
0.001
0.001
0.001
0.001
0.001
0.001
0.001
0.001
0.001
0.001
0.001
0.001
0.001
0.001
0.001
0.001
0.001
0.000
0.000
0.000
0.000
0.000
0.000
0.000
0.000
0.000
0.000
0.000
0.000
0.000
0.000
0.000
0.000
0.000
0.000
0.000
0.000
0.000
0.000
0.000
0.000
0.000
0.000
0.000
0.000
0.000
0.000
0.000
0.000
0.000
0.000
0.000
0.000
0.000
0.000
0.000
0.000
0.000
0.000
0.000
0.000
0.000
0.000
0.000
0.000
0.000
0.000
0.000
0.000
0.000
0.000
0.000
0.000
0.000
0.000
0.000
0.000
0.000
0.000
0.000
0.000
0.000
0.000
0.000
0.000
0.000
0.000
0.000
0.000
0.000
0.000
0.000
0.000
0.000
0.000
0.000
0.000
0.000
0.000
0.000
0.000
0.000
0.000
0.000
0.000
0.000
0.000
0.000
0.000
0.000
0.000
0.000
0.000
0.000
0.000
0.000
0.000
0.000
0.000
0.000
0.000
0.000
0.000
0.000
0.000
0.000
0.000
0.000
0.000
0.000
0.000
0.000
0.000
0.000
0.000
0.000
0.000
0.000
0.000
0.000
0.000
0.000
0.000
0.000
0.000
0.000
0.000
0.000
0.000
$MCA_CAL:
3
-1.4656616 2.9313233 0.00000000000000
$ENER_FIT:
-1.4656616 2.9313233 0.00000000000000
$MCA_CAL_DATA:
3
298 872
597 1749
896 2625
$CAMBIO:
Parent file specification: C:\GADRAS-DRF\Temp\parallelGUI2\226RA_75.0_300.0_iron_11.02_6.5.pcf
Successful read of spectrum: Yes
Error message: None
Warning: None
Information: None
Neutrons: 0
Number of spectral records in the parent file: 1
Record number of this spectrum in the parent file: 1
Date and time of acquisition read successfully from the original file: Yes
Live time read successfully from the original file: Yes
True time read successfully from the original file: Yes
GADRAS Tag character is:  
Version: 130122
Parent file type: Sandia GADRAS PCF
