$SPEC_ID:
226RA,1uC{0,0}
$MEAS_TIM:
3600.00 3600.00
$DATE_MEA:
3/9/2018 5:22:25 PM
$DATA:
0 1193
847.485
866.636
872.769
1007.149
1041.059
731.902
503.577
417.610
385.735
371.976
370.111
377.000
393.455
427.786
468.917
493.220
471.520
429.988
408.471
408.967
422.054
444.668
483.678
536.484
591.481
621.002
604.375
542.114
456.767
380.380
317.818
270.568
238.365
217.950
205.789
199.185
195.689
193.473
191.589
189.858
187.928
186.122
186.015
186.962
188.214
190.783
194.406
198.481
204.030
211.055
218.078
223.941
227.822
229.401
228.956
227.646
226.362
225.578
225.605
226.588
227.873
228.372
227.271
224.063
219.625
215.473
212.390
210.740
210.856
213.035
216.962
221.683
226.291
230.004
232.269
233.201
233.038
231.804
229.439
225.927
221.307
215.545
208.408
199.657
189.610
178.966
168.418
158.614
150.191
143.607
139.201
137.218
137.573
140.106
144.441
149.913
155.811
161.293
165.410
167.317
166.617
163.065
156.676
148.190
138.500
128.523
119.266
111.742
106.696
104.446
105.252
109.102
115.503
123.934
133.696
143.797
153.203
160.952
166.240
168.272
166.488
161.153
152.760
141.822
129.140
115.638
102.233
89.593
78.110
68.172
60.014
53.477
48.329
44.345
41.301
38.976
37.152
35.652
34.389
33.284
32.267
31.308
30.409
29.569
28.790
28.075
27.428
26.853
26.348
25.908
25.522
25.183
24.883
24.614
24.367
24.135
23.910
23.685
23.457
23.217
22.966
22.704
22.431
22.147
21.852
21.548
21.233
20.911
20.582
20.253
19.925
19.603
19.289
18.985
18.695
18.421
18.166
17.930
17.718
17.532
17.377
17.264
17.205
17.207
17.289
17.477
17.801
18.292
18.979
19.898
21.085
22.577
24.409
26.599
29.134
32.001
35.188
38.673
42.367
46.159
49.943
53.607
57.035
60.095
62.661
64.597
65.778
66.167
65.783
64.655
62.804
60.273
57.163
53.614
49.764
45.746
41.689
37.684
33.821
30.181
26.849
23.889
21.296
19.050
17.133
15.529
14.212
13.150
12.302
11.632
11.102
10.678
10.342
10.081
9.880
9.724
9.603
9.509
9.442
9.398
9.377
9.376
9.394
9.434
9.496
9.581
9.692
9.828
9.987
10.166
10.363
10.577
10.804
11.040
11.278
11.513
11.739
11.950
12.143
12.310
12.449
12.555
12.623
12.650
12.636
12.584
12.496
12.373
12.219
12.035
11.827
11.598
11.355
11.101
10.841
10.579
10.318
10.062
9.814
9.578
9.356
9.149
8.954
8.769
8.592
8.422
8.257
8.099
7.948
7.808
7.680
7.567
7.470
7.387
7.317
7.258
7.206
7.161
7.121
7.085
7.054
7.032
7.015
7.009
7.011
7.022
7.040
7.062
7.087
7.112
7.137
7.158
7.175
7.186
7.191
7.186
7.172
7.147
7.111
7.064
7.005
6.935
6.853
6.760
6.656
6.544
6.426
6.304
6.179
6.054
5.930
5.808
5.689
5.573
5.462
5.356
5.256
5.162
5.075
4.995
4.924
4.861
4.808
4.763
4.729
4.705
4.690
4.686
4.691
4.708
4.735
4.774
4.825
4.890
4.970
5.065
5.177
5.307
5.454
5.618
5.800
6.000
6.218
6.453
6.706
6.972
7.252
7.540
7.835
8.135
8.437
8.738
9.032
9.315
9.583
9.832
10.054
10.248
10.408
10.535
10.625
10.679
10.695
10.673
10.611
10.509
10.370
10.198
9.997
9.771
9.525
9.260
8.983
8.696
8.405
8.112
7.824
7.542
7.272
7.017
6.782
6.566
6.370
6.194
6.038
5.905
5.792
5.703
5.633
5.583
5.548
5.527
5.517
5.517
5.524
5.536
5.551
5.567
5.583
5.596
5.605
5.609
5.605
5.592
5.571
5.542
5.505
5.460
5.408
5.349
5.283
5.211
5.133
5.052
4.968
4.882
4.797
4.712
4.630
4.550
4.474
4.403
4.337
4.277
4.224
4.179
4.143
4.116
4.097
4.087
4.085
4.093
4.109
4.133
4.166
4.207
4.255
4.309
4.367
4.428
4.492
4.557
4.623
4.687
4.750
4.810
4.866
4.917
4.962
5.001
5.032
5.053
5.067
5.072
5.068
5.055
5.033
5.003
4.963
4.916
4.859
4.796
4.726
4.651
4.572
4.491
4.408
4.324
4.240
4.156
4.075
3.994
3.916
3.839
3.766
3.696
3.630
3.567
3.508
3.453
3.400
3.351
3.304
3.259
3.217
3.176
3.138
3.100
3.064
3.029
2.994
2.960
2.926
2.892
2.858
2.822
2.787
2.750
2.713
2.675
2.635
2.595
2.553
2.510
2.465
2.420
2.375
2.329
2.282
2.237
2.191
2.147
2.103
2.061
2.020
1.980
1.942
1.905
1.869
1.835
1.803
1.772
1.743
1.716
1.691
1.669
1.648
1.629
1.614
1.600
1.589
1.581
1.576
1.574
1.574
1.579
1.586
1.597
1.612
1.631
1.653
1.680
1.711
1.746
1.786
1.830
1.879
1.933
1.992
2.056
2.125
2.199
2.277
2.360
2.447
2.538
2.632
2.730
2.831
2.936
3.042
3.150
3.259
3.368
3.475
3.582
3.685
3.786
3.883
3.975
4.062
4.143
4.218
4.285
4.344
4.395
4.437
4.469
4.491
4.503
4.503
4.494
4.475
4.446
4.408
4.361
4.306
4.242
4.170
4.090
4.003
3.910
3.812
3.710
3.605
3.496
3.386
3.274
3.162
3.051
2.941
2.831
2.723
2.618
2.514
2.414
2.316
2.222
2.133
2.047
1.966
1.888
1.814
1.743
1.676
1.612
1.551
1.493
1.437
1.383
1.332
1.283
1.236
1.192
1.149
1.109
1.070
1.033
0.998
0.965
0.933
0.903
0.875
0.848
0.822
0.797
0.773
0.750
0.728
0.707
0.686
0.666
0.647
0.628
0.610
0.593
0.576
0.560
0.545
0.530
0.515
0.502
0.489
0.476
0.464
0.453
0.442
0.432
0.423
0.414
0.406
0.398
0.391
0.385
0.379
0.374
0.370
0.366
0.363
0.360
0.358
0.356
0.356
0.355
0.356
0.357
0.358
0.360
0.363
0.367
0.371
0.375
0.381
0.387
0.393
0.401
0.408
0.417
0.426
0.435
0.446
0.456
0.467
0.479
0.491
0.503
0.516
0.529
0.543
0.556
0.571
0.585
0.600
0.615
0.630
0.646
0.661
0.677
0.693
0.709
0.724
0.740
0.755
0.769
0.784
0.797
0.811
0.823
0.835
0.846
0.856
0.865
0.873
0.880
0.885
0.889
0.892
0.893
0.893
0.891
0.888
0.883
0.876
0.869
0.859
0.849
0.837
0.823
0.809
0.793
0.776
0.758
0.739
0.719
0.698
0.677
0.655
0.633
0.611
0.588
0.565
0.543
0.520
0.498
0.475
0.454
0.432
0.411
0.391
0.371
0.352
0.333
0.316
0.299
0.283
0.268
0.254
0.241
0.229
0.217
0.207
0.197
0.188
0.180
0.173
0.166
0.160
0.155
0.151
0.148
0.145
0.143
0.141
0.140
0.140
0.139
0.140
0.141
0.142
0.144
0.146
0.148
0.151
0.153
0.156
0.159
0.163
0.166
0.169
0.172
0.176
0.179
0.182
0.185
0.188
0.190
0.193
0.195
0.197
0.198
0.199
0.200
0.201
0.201
0.201
0.200
0.199
0.198
0.197
0.195
0.192
0.190
0.187
0.184
0.180
0.176
0.172
0.168
0.163
0.159
0.154
0.149
0.144
0.138
0.133
0.128
0.123
0.117
0.112
0.107
0.102
0.097
0.092
0.087
0.082
0.077
0.073
0.068
0.064
0.060
0.056
0.053
0.049
0.046
0.043
0.040
0.038
0.035
0.033
0.030
0.028
0.026
0.025
0.023
0.022
0.020
0.019
0.018
0.017
0.016
0.015
0.014
0.014
0.013
0.013
0.012
0.012
0.011
0.011
0.011
0.010
0.010
0.010
0.010
0.010
0.010
0.010
0.010
0.010
0.010
0.010
0.010
0.010
0.010
0.010
0.010
0.010
0.010
0.010
0.010
0.010
0.010
0.010
0.010
0.010
0.010
0.010
0.010
0.010
0.009
0.009
0.009
0.009
0.009
0.009
0.009
0.009
0.009
0.009
0.009
0.009
0.009
0.009
0.009
0.008
0.008
0.008
0.008
0.008
0.008
0.008
0.008
0.008
0.008
0.007
0.007
0.007
0.007
0.007
0.007
0.007
0.007
0.007
0.007
0.007
0.006
0.006
0.006
0.006
0.006
0.006
0.006
0.006
0.006
0.006
0.006
0.006
0.006
0.006
0.006
0.006
0.006
0.006
0.006
0.006
0.006
0.006
0.005
0.005
0.005
0.005
0.005
0.005
0.005
0.005
0.005
0.005
0.005
0.005
0.005
0.005
0.005
0.005
0.005
0.005
0.005
0.005
0.005
0.005
0.005
0.005
0.005
0.005
0.005
0.005
0.005
0.005
0.005
0.005
0.005
0.005
0.005
0.005
0.005
0.005
0.005
0.005
0.005
0.005
0.005
0.005
0.005
0.005
0.004
0.004
0.004
0.004
0.004
0.004
0.004
0.004
0.004
0.004
0.004
0.004
0.004
0.004
0.004
0.003
0.003
0.003
0.003
0.003
0.003
0.003
0.003
0.003
0.003
0.003
0.003
0.002
0.002
0.002
0.002
0.002
0.002
0.002
0.002
0.002
0.002
0.002
0.002
0.002
0.002
0.001
0.001
0.001
0.001
0.001
0.001
0.001
0.001
0.001
0.001
0.001
0.001
0.001
0.001
0.001
0.001
0.001
0.001
0.001
0.001
0.001
0.000
0.000
0.000
0.000
0.000
0.000
0.000
0.000
0.000
0.000
0.000
0.000
0.000
0.000
0.000
0.000
0.000
0.000
0.000
0.000
0.000
0.000
0.000
0.000
0.000
0.000
0.000
0.000
0.000
0.000
0.000
0.000
0.000
0.000
0.000
0.000
0.000
0.000
0.000
0.000
0.000
0.000
0.000
0.000
0.000
0.000
0.000
0.000
0.000
0.000
0.000
0.000
0.000
0.000
0.000
0.000
0.000
0.000
0.000
0.000
0.000
0.000
0.000
0.000
0.000
0.000
0.000
0.000
0.000
0.000
0.000
0.000
0.000
0.000
0.000
0.000
0.000
0.000
0.000
0.000
0.000
0.000
0.000
0.000
0.000
0.000
0.000
0.000
0.000
0.000
0.000
0.000
0.000
0.000
0.000
0.000
0.000
0.000
0.000
$MCA_CAL:
3
-1.4656616 2.9313233 0.00000000000000
$ENER_FIT:
-1.4656616 2.9313233 0.00000000000000
$MCA_CAL_DATA:
3
298 872
597 1749
896 2625
$CAMBIO:
Parent file specification: C:\GADRAS-DRF\Temp\parallelGUI2\226RA_50.0_175.0_none_0_9.0.pcf
Successful read of spectrum: Yes
Error message: None
Warning: None
Information: None
Neutrons: 0
Number of spectral records in the parent file: 1
Record number of this spectrum in the parent file: 1
Date and time of acquisition read successfully from the original file: Yes
Live time read successfully from the original file: Yes
True time read successfully from the original file: Yes
GADRAS Tag character is:  
Version: 130122
Parent file type: Sandia GADRAS PCF
