$SPEC_ID:
226RA,1uC{82,0.51}
$MEAS_TIM:
3600.00 3600.00
$DATE_MEA:
3/9/2018 5:22:25 PM
$DATA:
0 1193
444.592
437.242
414.200
377.655
325.606
276.503
239.739
213.829
199.386
193.914
193.229
193.244
191.142
189.569
185.378
181.857
178.589
175.500
176.251
179.886
185.735
192.624
202.008
213.464
227.707
240.780
238.304
225.353
196.881
171.595
148.217
132.693
121.602
116.028
113.380
111.897
111.128
110.543
109.796
108.973
108.171
107.356
107.232
107.576
107.968
108.743
110.755
113.216
116.265
120.935
126.290
131.158
134.600
136.075
135.800
134.411
132.673
131.122
130.093
129.736
129.738
129.494
128.497
126.285
122.532
118.419
115.889
115.429
116.990
120.371
124.992
129.773
133.828
136.492
137.380
136.347
133.878
130.663
127.094
123.398
119.530
115.329
110.493
104.771
98.451
92.000
85.838
80.350
75.791
72.335
70.045
68.894
68.899
70.143
72.614
76.077
80.196
84.332
87.751
89.759
89.693
87.251
82.732
76.561
69.536
62.550
56.302
51.303
47.965
46.424
46.744
48.904
52.804
58.281
64.948
72.361
79.784
86.176
90.553
92.387
91.341
87.350
80.993
72.935
63.939
54.857
46.500
39.266
33.331
28.809
25.514
23.178
21.547
20.424
19.616
18.972
18.418
17.891
17.355
16.822
16.307
15.819
15.354
14.909
14.486
14.098
13.755
13.464
13.221
13.019
12.853
12.716
12.601
12.500
12.408
12.321
12.232
12.140
12.041
11.935
11.820
11.698
11.568
11.432
11.287
11.134
10.970
10.799
10.621
10.441
10.260
10.084
9.916
9.758
9.610
9.471
9.339
9.213
9.094
8.984
8.882
8.787
8.700
8.620
8.552
8.508
8.501
8.544
8.661
8.877
9.221
9.721
10.417
11.349
12.554
14.058
15.861
17.964
20.363
23.001
25.781
28.602
31.360
33.921
36.136
37.852
38.932
39.340
39.078
38.146
36.563
34.437
31.898
29.086
26.136
23.161
20.270
17.570
15.161
13.069
11.286
9.807
8.624
7.705
7.007
6.486
6.098
5.810
5.600
5.446
5.326
5.225
5.138
5.065
5.001
4.945
4.898
4.858
4.825
4.800
4.783
4.774
4.775
4.787
4.809
4.845
4.895
4.962
5.047
5.150
5.271
5.408
5.562
5.730
5.908
6.089
6.269
6.441
6.602
6.744
6.862
6.951
7.007
7.028
7.016
6.973
6.899
6.795
6.669
6.524
6.367
6.201
6.032
5.861
5.693
5.530
5.375
5.229
5.092
4.966
4.851
4.746
4.649
4.560
4.474
4.391
4.308
4.227
4.150
4.077
4.010
3.951
3.899
3.852
3.811
3.773
3.739
3.708
3.682
3.662
3.647
3.639
3.638
3.643
3.653
3.670
3.692
3.718
3.748
3.780
3.813
3.846
3.879
3.907
3.931
3.947
3.955
3.953
3.941
3.917
3.883
3.838
3.781
3.715
3.641
3.561
3.478
3.393
3.308
3.224
3.141
3.060
2.983
2.910
2.841
2.778
2.719
2.666
2.619
2.577
2.542
2.510
2.484
2.461
2.443
2.428
2.417
2.409
2.405
2.405
2.409
2.417
2.430
2.449
2.475
2.508
2.549
2.599
2.659
2.731
2.815
2.913
3.024
3.150
3.292
3.448
3.621
3.810
4.012
4.225
4.446
4.672
4.899
5.126
5.347
5.556
5.748
5.919
6.062
6.174
6.254
6.300
6.313
6.291
6.233
6.141
6.018
5.866
5.691
5.496
5.286
5.065
4.836
4.604
4.374
4.150
3.936
3.737
3.554
3.387
3.239
3.109
2.998
2.907
2.836
2.783
2.747
2.727
2.721
2.728
2.747
2.775
2.810
2.850
2.894
2.938
2.982
3.023
3.060
3.092
3.118
3.137
3.146
3.146
3.137
3.119
3.094
3.060
3.019
2.972
2.919
2.861
2.798
2.734
2.667
2.600
2.532
2.466
2.401
2.339
2.281
2.226
2.176
2.132
2.093
2.060
2.034
2.014
2.001
1.995
1.996
2.004
2.019
2.041
2.070
2.105
2.146
2.193
2.244
2.298
2.355
2.413
2.473
2.532
2.589
2.645
2.697
2.745
2.787
2.823
2.852
2.874
2.888
2.895
2.893
2.883
2.865
2.838
2.803
2.763
2.716
2.664
2.608
2.549
2.487
2.424
2.360
2.297
2.234
2.173
2.115
2.061
2.009
1.962
1.918
1.878
1.841
1.808
1.779
1.754
1.731
1.712
1.694
1.679
1.665
1.653
1.641
1.630
1.619
1.609
1.598
1.587
1.575
1.563
1.549
1.534
1.518
1.500
1.480
1.459
1.435
1.410
1.383
1.355
1.326
1.297
1.267
1.238
1.209
1.180
1.152
1.125
1.099
1.073
1.049
1.026
1.004
0.983
0.963
0.944
0.926
0.909
0.893
0.877
0.862
0.849
0.836
0.824
0.813
0.804
0.795
0.788
0.782
0.777
0.774
0.772
0.771
0.773
0.776
0.780
0.787
0.796
0.807
0.820
0.836
0.854
0.876
0.900
0.928
0.958
0.992
1.030
1.072
1.117
1.167
1.221
1.278
1.339
1.404
1.472
1.543
1.617
1.693
1.772
1.852
1.933
2.013
2.093
2.171
2.246
2.318
2.386
2.449
2.507
2.559
2.604
2.641
2.670
2.689
2.700
2.701
2.693
2.676
2.651
2.618
2.578
2.529
2.474
2.412
2.345
2.273
2.197
2.119
2.039
1.958
1.877
1.797
1.717
1.639
1.563
1.489
1.418
1.350
1.286
1.226
1.170
1.117
1.068
1.022
0.979
0.940
0.903
0.869
0.837
0.807
0.779
0.753
0.728
0.704
0.681
0.659
0.637
0.616
0.595
0.574
0.555
0.536
0.517
0.500
0.483
0.467
0.452
0.437
0.424
0.411
0.398
0.387
0.375
0.364
0.354
0.344
0.334
0.324
0.315
0.306
0.298
0.290
0.282
0.274
0.266
0.259
0.251
0.245
0.238
0.232
0.226
0.220
0.215
0.209
0.205
0.200
0.196
0.192
0.189
0.185
0.182
0.180
0.178
0.176
0.174
0.173
0.172
0.171
0.171
0.171
0.171
0.172
0.173
0.175
0.177
0.179
0.182
0.185
0.188
0.192
0.195
0.200
0.204
0.209
0.215
0.220
0.226
0.232
0.238
0.245
0.251
0.258
0.266
0.273
0.281
0.289
0.297
0.306
0.315
0.324
0.333
0.342
0.352
0.362
0.373
0.383
0.394
0.405
0.417
0.428
0.439
0.450
0.461
0.471
0.481
0.491
0.500
0.508
0.515
0.521
0.526
0.530
0.533
0.535
0.536
0.535
0.532
0.528
0.523
0.517
0.509
0.500
0.490
0.479
0.467
0.454
0.440
0.425
0.410
0.394
0.378
0.361
0.344
0.328
0.311
0.295
0.278
0.263
0.247
0.232
0.218
0.204
0.190
0.178
0.166
0.154
0.144
0.134
0.125
0.116
0.108
0.101
0.094
0.088
0.083
0.078
0.074
0.070
0.066
0.063
0.061
0.059
0.057
0.056
0.055
0.054
0.054
0.054
0.055
0.056
0.057
0.058
0.060
0.062
0.064
0.066
0.069
0.072
0.074
0.078
0.081
0.084
0.087
0.091
0.094
0.097
0.100
0.104
0.107
0.110
0.112
0.115
0.117
0.119
0.121
0.123
0.124
0.125
0.125
0.125
0.125
0.124
0.124
0.122
0.121
0.119
0.117
0.114
0.111
0.108
0.105
0.102
0.098
0.094
0.091
0.087
0.083
0.079
0.075
0.071
0.067
0.063
0.059
0.055
0.052
0.048
0.045
0.041
0.038
0.035
0.033
0.030
0.028
0.025
0.023
0.021
0.019
0.018
0.016
0.015
0.014
0.012
0.011
0.011
0.010
0.009
0.008
0.008
0.007
0.007
0.006
0.006
0.006
0.006
0.005
0.005
0.005
0.005
0.005
0.005
0.005
0.005
0.005
0.005
0.005
0.005
0.005
0.005
0.005
0.005
0.005
0.005
0.005
0.005
0.005
0.005
0.005
0.005
0.005
0.005
0.005
0.005
0.005
0.005
0.005
0.005
0.005
0.005
0.005
0.005
0.005
0.005
0.005
0.005
0.005
0.005
0.005
0.005
0.005
0.005
0.005
0.005
0.005
0.005
0.005
0.005
0.005
0.005
0.005
0.005
0.005
0.004
0.004
0.004
0.004
0.004
0.004
0.004
0.004
0.004
0.004
0.004
0.004
0.004
0.004
0.004
0.003
0.003
0.003
0.003
0.003
0.003
0.003
0.003
0.003
0.003
0.003
0.003
0.003
0.003
0.003
0.003
0.003
0.003
0.003
0.003
0.003
0.003
0.003
0.003
0.003
0.003
0.003
0.003
0.003
0.003
0.003
0.003
0.003
0.003
0.003
0.003
0.003
0.003
0.003
0.003
0.003
0.003
0.003
0.003
0.003
0.003
0.003
0.003
0.003
0.003
0.003
0.003
0.003
0.003
0.003
0.003
0.003
0.003
0.003
0.003
0.003
0.003
0.003
0.003
0.003
0.003
0.003
0.003
0.003
0.003
0.003
0.003
0.002
0.002
0.002
0.002
0.002
0.002
0.002
0.002
0.002
0.002
0.002
0.002
0.002
0.002
0.002
0.002
0.002
0.002
0.002
0.002
0.002
0.002
0.002
0.001
0.001
0.001
0.001
0.001
0.001
0.001
0.001
0.001
0.001
0.001
0.001
0.001
0.001
0.001
0.001
0.001
0.001
0.001
0.001
0.001
0.001
0.001
0.000
0.000
0.000
0.000
0.000
0.000
0.000
0.000
0.000
0.000
0.000
0.000
0.000
0.000
0.000
0.000
0.000
0.000
0.000
0.000
0.000
0.000
0.000
0.000
0.000
0.000
0.000
0.000
0.000
0.000
0.000
0.000
0.000
0.000
0.000
0.000
0.000
0.000
0.000
0.000
0.000
0.000
0.000
0.000
0.000
0.000
0.000
0.000
0.000
0.000
0.000
0.000
0.000
0.000
0.000
0.000
0.000
0.000
0.000
0.000
0.000
0.000
0.000
0.000
0.000
0.000
0.000
0.000
0.000
0.000
0.000
0.000
0.000
0.000
0.000
0.000
0.000
0.000
0.000
0.000
0.000
0.000
0.000
0.000
0.000
0.000
0.000
0.000
0.000
0.000
0.000
0.000
0.000
0.000
0.000
0.000
0.000
0.000
0.000
0.000
0.000
0.000
0.000
0.000
0.000
0.000
0.000
0.000
0.000
0.000
0.000
0.000
0.000
0.000
0.000
$MCA_CAL:
3
-1.4656616 2.9313233 0.00000000000000
$ENER_FIT:
-1.4656616 2.9313233 0.00000000000000
$MCA_CAL_DATA:
3
298 872
597 1749
896 2625
$CAMBIO:
Parent file specification: C:\GADRAS-DRF\Temp\parallelGUI2\226RA_75.0_237.5_lead_0.51_7.5.pcf
Successful read of spectrum: Yes
Error message: None
Warning: None
Information: None
Neutrons: 0
Number of spectral records in the parent file: 1
Record number of this spectrum in the parent file: 1
Date and time of acquisition read successfully from the original file: Yes
Live time read successfully from the original file: Yes
True time read successfully from the original file: Yes
GADRAS Tag character is:  
Version: 130122
Parent file type: Sandia GADRAS PCF
