$SPEC_ID:
226RA,1uC{26,3.50}
$MEAS_TIM:
3600.00 3600.00
$DATE_MEA:
3/9/2018 5:22:25 PM
$DATA:
0 1193
397.044
389.236
371.385
453.379
380.339
321.508
276.802
244.589
225.886
216.274
212.826
210.536
206.820
203.723
198.674
194.595
191.373
189.644
190.856
194.703
200.954
209.106
216.772
223.485
229.577
234.857
233.260
225.822
211.370
195.092
181.398
170.432
163.094
158.726
156.019
154.333
153.468
152.566
150.713
148.540
146.615
145.058
143.706
142.560
142.021
142.467
143.706
145.466
147.642
150.479
153.664
156.440
158.249
158.807
158.212
156.863
155.301
153.865
152.746
151.939
151.317
150.621
149.255
146.387
142.524
139.118
136.768
135.521
135.386
136.328
137.981
139.781
141.217
141.828
141.452
140.195
138.262
135.962
133.504
130.845
127.895
124.498
120.503
115.936
110.933
105.678
100.411
95.377
90.826
86.996
84.031
81.987
80.900
80.762
81.540
83.004
84.752
86.380
87.478
87.644
86.628
84.400
80.974
76.629
71.802
66.926
62.434
58.761
56.230
54.946
54.979
56.298
58.723
62.072
66.042
70.238
74.249
77.607
79.790
80.301
79.049
76.218
72.017
66.760
60.861
54.726
48.713
43.127
38.263
34.268
31.059
28.534
26.585
25.101
23.966
23.069
22.340
21.718
21.148
20.600
20.075
19.568
19.083
18.624
18.197
17.807
17.453
17.134
16.843
16.580
16.338
16.116
15.908
15.712
15.523
15.339
15.156
14.973
14.788
14.600
14.409
14.217
14.025
13.836
13.648
13.461
13.273
13.084
12.893
12.704
12.518
12.335
12.157
11.984
11.817
11.657
11.503
11.358
11.221
11.094
10.977
10.873
10.785
10.715
10.673
10.669
10.713
10.819
11.002
11.283
11.680
12.214
12.896
13.736
14.744
15.928
17.279
18.769
20.371
22.053
23.777
25.473
27.065
28.480
29.647
30.518
31.055
31.226
30.994
30.355
29.357
28.057
26.506
24.759
22.880
20.935
18.991
17.114
15.358
13.741
12.279
10.987
9.878
8.951
8.185
7.561
7.057
6.656
6.340
6.094
5.903
5.752
5.627
5.524
5.439
5.368
5.309
5.259
5.217
5.184
5.160
5.144
5.137
5.140
5.153
5.176
5.210
5.257
5.314
5.382
5.459
5.545
5.639
5.739
5.841
5.942
6.041
6.132
6.215
6.287
6.344
6.384
6.405
6.406
6.388
6.351
6.296
6.225
6.139
6.039
5.928
5.810
5.685
5.557
5.428
5.299
5.172
5.049
4.933
4.824
4.721
4.623
4.531
4.443
4.358
4.278
4.201
4.129
4.062
3.999
3.942
3.889
3.841
3.798
3.758
3.723
3.691
3.663
3.640
3.621
3.606
3.596
3.589
3.587
3.587
3.591
3.597
3.605
3.615
3.625
3.635
3.644
3.652
3.658
3.661
3.660
3.654
3.642
3.625
3.600
3.568
3.531
3.488
3.440
3.387
3.331
3.272
3.211
3.148
3.085
3.022
2.961
2.902
2.845
2.790
2.738
2.690
2.645
2.604
2.567
2.533
2.504
2.478
2.456
2.438
2.424
2.414
2.409
2.407
2.410
2.417
2.429
2.447
2.470
2.500
2.537
2.581
2.633
2.693
2.761
2.839
2.925
3.021
3.127
3.242
3.364
3.495
3.630
3.772
3.917
4.066
4.215
4.362
4.504
4.638
4.763
4.875
4.972
5.054
5.119
5.165
5.192
5.197
5.181
5.143
5.085
5.009
4.916
4.809
4.689
4.557
4.416
4.269
4.118
3.966
3.815
3.668
3.528
3.395
3.272
3.157
3.053
2.960
2.879
2.811
2.754
2.709
2.675
2.650
2.633
2.625
2.624
2.628
2.637
2.650
2.665
2.680
2.695
2.709
2.719
2.726
2.730
2.730
2.726
2.717
2.704
2.685
2.662
2.634
2.603
2.568
2.530
2.489
2.447
2.402
2.357
2.311
2.266
2.222
2.179
2.139
2.101
2.067
2.036
2.009
1.985
1.967
1.952
1.942
1.937
1.937
1.942
1.951
1.964
1.981
2.002
2.027
2.056
2.087
2.120
2.155
2.190
2.225
2.260
2.294
2.326
2.355
2.383
2.407
2.427
2.444
2.455
2.463
2.465
2.462
2.454
2.442
2.425
2.404
2.378
2.348
2.314
2.277
2.238
2.196
2.153
2.110
2.066
2.022
1.980
1.938
1.897
1.857
1.820
1.784
1.751
1.720
1.691
1.664
1.640
1.617
1.595
1.575
1.556
1.538
1.521
1.504
1.488
1.473
1.458
1.443
1.428
1.413
1.399
1.384
1.368
1.353
1.337
1.320
1.302
1.283
1.264
1.243
1.221
1.199
1.177
1.154
1.131
1.108
1.086
1.063
1.042
1.020
1.000
0.980
0.960
0.941
0.923
0.906
0.889
0.874
0.859
0.845
0.832
0.820
0.809
0.799
0.789
0.781
0.774
0.768
0.763
0.759
0.757
0.756
0.756
0.758
0.762
0.767
0.774
0.783
0.794
0.807
0.822
0.839
0.858
0.879
0.903
0.930
0.959
0.990
1.024
1.061
1.100
1.142
1.186
1.232
1.281
1.331
1.382
1.435
1.489
1.544
1.600
1.655
1.711
1.765
1.818
1.869
1.918
1.964
2.007
2.046
2.081
2.113
2.139
2.161
2.178
2.190
2.196
2.197
2.192
2.181
2.164
2.143
2.116
2.086
2.050
2.011
1.968
1.922
1.873
1.821
1.767
1.712
1.655
1.597
1.540
1.482
1.425
1.369
1.314
1.261
1.209
1.159
1.110
1.064
1.019
0.977
0.936
0.898
0.863
0.829
0.797
0.767
0.738
0.711
0.685
0.661
0.637
0.615
0.593
0.572
0.552
0.533
0.515
0.498
0.481
0.465
0.450
0.436
0.422
0.409
0.397
0.385
0.374
0.363
0.353
0.342
0.333
0.323
0.314
0.305
0.297
0.288
0.280
0.273
0.265
0.258
0.251
0.245
0.238
0.232
0.226
0.221
0.215
0.210
0.205
0.201
0.197
0.193
0.189
0.186
0.183
0.180
0.178
0.176
0.174
0.172
0.171
0.170
0.169
0.168
0.168
0.168
0.169
0.169
0.170
0.172
0.173
0.175
0.177
0.180
0.183
0.186
0.189
0.193
0.197
0.201
0.205
0.210
0.215
0.220
0.226
0.232
0.238
0.244
0.250
0.257
0.264
0.270
0.278
0.285
0.292
0.300
0.307
0.315
0.323
0.330
0.338
0.346
0.354
0.362
0.370
0.378
0.385
0.393
0.400
0.406
0.412
0.418
0.423
0.428
0.432
0.435
0.437
0.439
0.440
0.440
0.439
0.438
0.435
0.432
0.428
0.423
0.418
0.411
0.404
0.396
0.388
0.379
0.369
0.359
0.349
0.338
0.327
0.315
0.304
0.292
0.280
0.268
0.256
0.244
0.232
0.221
0.210
0.199
0.188
0.178
0.168
0.159
0.150
0.141
0.133
0.125
0.118
0.111
0.105
0.099
0.094
0.089
0.084
0.080
0.077
0.074
0.071
0.068
0.066
0.065
0.063
0.062
0.062
0.061
0.061
0.061
0.062
0.062
0.063
0.064
0.065
0.067
0.068
0.070
0.071
0.073
0.075
0.077
0.079
0.081
0.083
0.085
0.087
0.089
0.090
0.092
0.094
0.095
0.096
0.097
0.098
0.099
0.100
0.100
0.100
0.100
0.100
0.100
0.099
0.098
0.097
0.096
0.094
0.093
0.091
0.089
0.087
0.085
0.082
0.080
0.077
0.075
0.072
0.069
0.066
0.064
0.061
0.058
0.055
0.052
0.050
0.047
0.044
0.042
0.039
0.037
0.035
0.032
0.030
0.028
0.026
0.025
0.023
0.021
0.020
0.018
0.017
0.016
0.015
0.014
0.013
0.012
0.011
0.010
0.009
0.009
0.008
0.008
0.007
0.007
0.007
0.006
0.006
0.006
0.006
0.005
0.005
0.005
0.005
0.005
0.005
0.005
0.005
0.005
0.005
0.005
0.005
0.005
0.005
0.005
0.005
0.005
0.005
0.005
0.005
0.005
0.005
0.005
0.005
0.005
0.005
0.005
0.005
0.005
0.005
0.005
0.005
0.005
0.005
0.005
0.005
0.005
0.005
0.005
0.005
0.005
0.004
0.004
0.004
0.004
0.004
0.004
0.004
0.004
0.004
0.004
0.004
0.004
0.004
0.004
0.004
0.004
0.004
0.004
0.004
0.004
0.004
0.003
0.003
0.003
0.003
0.003
0.003
0.003
0.003
0.003
0.003
0.003
0.003
0.003
0.003
0.003
0.003
0.003
0.003
0.003
0.003
0.003
0.003
0.003
0.003
0.003
0.003
0.003
0.003
0.003
0.003
0.003
0.003
0.003
0.003
0.003
0.003
0.003
0.003
0.003
0.003
0.003
0.003
0.003
0.003
0.003
0.003
0.003
0.003
0.003
0.003
0.003
0.003
0.003
0.003
0.003
0.003
0.003
0.003
0.002
0.002
0.002
0.002
0.002
0.002
0.002
0.002
0.002
0.002
0.002
0.002
0.002
0.002
0.002
0.002
0.002
0.002
0.002
0.002
0.002
0.002
0.002
0.002
0.002
0.002
0.002
0.002
0.002
0.002
0.002
0.002
0.002
0.002
0.002
0.002
0.002
0.002
0.002
0.001
0.001
0.001
0.001
0.001
0.001
0.001
0.001
0.001
0.001
0.001
0.001
0.001
0.001
0.001
0.001
0.001
0.001
0.001
0.001
0.001
0.001
0.001
0.001
0.001
0.001
0.001
0.000
0.000
0.000
0.000
0.000
0.000
0.000
0.000
0.000
0.000
0.000
0.000
0.000
0.000
0.000
0.000
0.000
0.000
0.000
0.000
0.000
0.000
0.000
0.000
0.000
0.000
0.000
0.000
0.000
0.000
0.000
0.000
0.000
0.000
0.000
0.000
0.000
0.000
0.000
0.000
0.000
0.000
0.000
0.000
0.000
0.000
0.000
0.000
0.000
0.000
0.000
0.000
0.000
0.000
0.000
0.000
0.000
0.000
0.000
0.000
0.000
0.000
0.000
0.000
0.000
0.000
0.000
0.000
0.000
0.000
0.000
0.000
0.000
0.000
0.000
0.000
0.000
0.000
0.000
0.000
0.000
0.000
0.000
0.000
0.000
0.000
0.000
0.000
0.000
0.000
0.000
0.000
0.000
0.000
0.000
0.000
0.000
0.000
0.000
0.000
0.000
0.000
0.000
0.000
0.000
0.000
0.000
0.000
0.000
0.000
0.000
0.000
0.000
0.000
$MCA_CAL:
3
-1.4656616 2.9313233 0.00000000000000
$ENER_FIT:
-1.4656616 2.9313233 0.00000000000000
$MCA_CAL_DATA:
3
298 872
597 1749
896 2625
$CAMBIO:
Parent file specification: C:\GADRAS-DRF\Temp\parallelGUI2\226RA_50.0_237.5_iron_3.50_8.5.pcf
Successful read of spectrum: Yes
Error message: None
Warning: None
Information: None
Neutrons: 0
Number of spectral records in the parent file: 1
Record number of this spectrum in the parent file: 1
Date and time of acquisition read successfully from the original file: Yes
Live time read successfully from the original file: Yes
True time read successfully from the original file: Yes
GADRAS Tag character is:  
Version: 130122
Parent file type: Sandia GADRAS PCF
