$SPEC_ID:
226RA,1uC{26,6.28}
$MEAS_TIM:
3600.00 3600.00
$DATE_MEA:
3/9/2018 5:22:25 PM
$DATA:
0 1193
167.491
163.281
155.673
230.309
191.360
161.266
138.401
122.081
113.093
108.210
106.250
104.808
102.650
100.942
98.070
95.585
93.682
92.765
93.568
95.739
100.036
105.322
109.855
111.688
113.446
116.542
118.090
116.825
110.151
103.171
96.815
93.531
91.483
90.192
89.428
89.111
89.150
89.157
87.874
86.382
84.951
83.526
82.161
80.938
80.241
80.607
81.579
82.660
84.126
86.472
89.186
91.695
93.496
94.227
93.843
92.822
91.620
90.375
89.372
88.705
88.181
87.644
86.702
84.768
82.050
79.220
77.176
76.153
75.961
76.596
77.818
78.970
79.563
79.273
77.923
75.580
72.824
70.098
67.535
65.199
63.096
60.998
58.582
55.811
52.792
49.729
46.839
44.263
42.100
40.352
39.004
38.042
37.477
37.449
38.098
39.304
40.831
42.407
43.727
44.439
44.150
42.716
40.320
37.217
33.799
30.457
27.506
25.220
23.690
22.886
22.797
23.454
24.869
26.984
29.713
32.845
36.073
39.016
41.119
41.844
41.095
39.017
35.840
31.946
27.741
23.606
19.912
16.932
14.647
12.986
11.843
11.084
10.577
10.235
9.989
9.780
9.584
9.382
9.167
8.950
8.741
8.541
8.348
8.159
7.980
7.819
7.682
7.569
7.476
7.401
7.340
7.290
7.248
7.211
7.178
7.143
7.108
7.069
7.027
6.982
6.935
6.885
6.834
6.781
6.723
6.662
6.596
6.526
6.452
6.376
6.300
6.225
6.153
6.085
6.021
5.960
5.903
5.847
5.793
5.741
5.691
5.643
5.595
5.547
5.502
5.463
5.434
5.420
5.430
5.473
5.558
5.703
5.927
6.250
6.691
7.262
7.976
8.844
9.856
10.991
12.228
13.532
14.830
16.040
17.084
17.895
18.421
18.611
18.421
17.876
17.029
15.934
14.646
13.239
11.789
10.370
9.039
7.827
6.760
5.864
5.142
4.572
4.134
3.805
3.566
3.397
3.279
3.192
3.126
3.075
3.033
2.995
2.958
2.923
2.892
2.865
2.842
2.822
2.806
2.792
2.781
2.773
2.768
2.768
2.772
2.780
2.795
2.816
2.845
2.882
2.928
2.983
3.048
3.121
3.199
3.281
3.365
3.446
3.522
3.587
3.639
3.675
3.695
3.698
3.683
3.652
3.606
3.547
3.478
3.402
3.320
3.235
3.149
3.066
2.986
2.909
2.838
2.771
2.709
2.652
2.600
2.552
2.508
2.467
2.428
2.391
2.355
2.319
2.284
2.250
2.219
2.190
2.164
2.141
2.120
2.101
2.083
2.065
2.050
2.037
2.026
2.019
2.015
2.015
2.018
2.024
2.032
2.044
2.057
2.072
2.088
2.105
2.121
2.135
2.147
2.156
2.160
2.159
2.154
2.142
2.123
2.098
2.068
2.032
1.993
1.951
1.908
1.864
1.819
1.776
1.734
1.695
1.659
1.625
1.593
1.564
1.537
1.512
1.490
1.470
1.452
1.437
1.425
1.415
1.406
1.399
1.393
1.388
1.385
1.383
1.382
1.383
1.386
1.392
1.399
1.410
1.424
1.441
1.462
1.488
1.520
1.558
1.603
1.656
1.717
1.787
1.865
1.951
2.047
2.150
2.259
2.372
2.488
2.605
2.720
2.830
2.932
3.023
3.100
3.159
3.200
3.222
3.225
3.210
3.174
3.120
3.050
2.964
2.867
2.759
2.645
2.524
2.401
2.278
2.158
2.043
1.935
1.835
1.745
1.664
1.593
1.532
1.482
1.441
1.411
1.389
1.376
1.372
1.375
1.385
1.400
1.420
1.443
1.468
1.495
1.522
1.548
1.572
1.594
1.612
1.626
1.635
1.639
1.639
1.634
1.624
1.609
1.590
1.567
1.540
1.511
1.479
1.445
1.410
1.374
1.338
1.302
1.267
1.233
1.201
1.171
1.142
1.117
1.094
1.073
1.056
1.041
1.030
1.023
1.019
1.018
1.022
1.029
1.040
1.054
1.072
1.093
1.117
1.144
1.173
1.203
1.234
1.266
1.298
1.329
1.359
1.387
1.413
1.437
1.456
1.472
1.483
1.491
1.494
1.492
1.486
1.475
1.459
1.439
1.416
1.390
1.361
1.330
1.297
1.263
1.229
1.194
1.160
1.126
1.094
1.063
1.034
1.008
0.983
0.961
0.941
0.924
0.910
0.898
0.888
0.879
0.872
0.865
0.859
0.854
0.849
0.844
0.840
0.836
0.832
0.828
0.825
0.821
0.817
0.811
0.805
0.797
0.787
0.776
0.763
0.749
0.735
0.720
0.704
0.689
0.673
0.658
0.643
0.628
0.613
0.599
0.586
0.573
0.560
0.548
0.537
0.526
0.516
0.506
0.497
0.488
0.480
0.472
0.464
0.457
0.451
0.444
0.438
0.432
0.427
0.422
0.418
0.415
0.412
0.410
0.408
0.407
0.407
0.408
0.409
0.411
0.414
0.418
0.424
0.430
0.437
0.446
0.456
0.468
0.481
0.496
0.513
0.532
0.553
0.576
0.602
0.629
0.659
0.691
0.725
0.762
0.800
0.839
0.881
0.923
0.967
1.010
1.054
1.096
1.138
1.178
1.217
1.253
1.286
1.315
1.341
1.362
1.377
1.388
1.394
1.394
1.389
1.380
1.365
1.345
1.320
1.292
1.258
1.222
1.183
1.142
1.099
1.055
1.010
0.965
0.921
0.876
0.833
0.791
0.751
0.713
0.677
0.644
0.613
0.584
0.557
0.532
0.509
0.488
0.469
0.451
0.435
0.420
0.406
0.393
0.381
0.369
0.358
0.347
0.336
0.326
0.315
0.305
0.296
0.286
0.277
0.268
0.259
0.250
0.242
0.234
0.226
0.219
0.212
0.206
0.200
0.195
0.189
0.184
0.179
0.175
0.170
0.166
0.161
0.157
0.152
0.148
0.144
0.140
0.137
0.133
0.129
0.126
0.123
0.120
0.117
0.114
0.111
0.109
0.106
0.104
0.102
0.100
0.098
0.096
0.095
0.093
0.092
0.091
0.090
0.089
0.089
0.088
0.088
0.088
0.088
0.089
0.089
0.090
0.091
0.092
0.093
0.095
0.096
0.098
0.100
0.102
0.105
0.107
0.110
0.112
0.115
0.118
0.121
0.124
0.128
0.131
0.135
0.138
0.142
0.146
0.150
0.153
0.158
0.162
0.166
0.171
0.176
0.181
0.186
0.192
0.198
0.204
0.210
0.216
0.222
0.228
0.234
0.241
0.246
0.252
0.258
0.263
0.267
0.271
0.275
0.278
0.280
0.281
0.281
0.281
0.280
0.278
0.276
0.272
0.268
0.263
0.257
0.250
0.243
0.235
0.227
0.219
0.210
0.201
0.191
0.182
0.173
0.163
0.154
0.145
0.136
0.127
0.119
0.111
0.103
0.096
0.089
0.083
0.077
0.071
0.066
0.061
0.057
0.053
0.049
0.045
0.042
0.040
0.037
0.035
0.033
0.031
0.030
0.029
0.027
0.027
0.026
0.025
0.025
0.025
0.025
0.025
0.025
0.026
0.026
0.027
0.028
0.029
0.030
0.032
0.033
0.035
0.036
0.038
0.040
0.042
0.044
0.046
0.048
0.050
0.052
0.054
0.056
0.057
0.059
0.061
0.062
0.064
0.065
0.066
0.066
0.067
0.067
0.067
0.067
0.067
0.066
0.065
0.065
0.063
0.062
0.061
0.059
0.057
0.055
0.053
0.051
0.049
0.047
0.044
0.042
0.040
0.037
0.035
0.033
0.031
0.028
0.026
0.024
0.023
0.021
0.019
0.017
0.016
0.015
0.013
0.012
0.011
0.010
0.009
0.008
0.008
0.007
0.006
0.006
0.005
0.005
0.004
0.004
0.004
0.004
0.003
0.003
0.003
0.003
0.003
0.003
0.003
0.002
0.002
0.002
0.002
0.002
0.002
0.002
0.002
0.002
0.002
0.002
0.002
0.002
0.002
0.002
0.002
0.002
0.002
0.003
0.003
0.003
0.003
0.003
0.003
0.003
0.003
0.003
0.003
0.003
0.003
0.003
0.003
0.003
0.003
0.003
0.003
0.003
0.003
0.003
0.003
0.003
0.003
0.003
0.003
0.003
0.003
0.003
0.003
0.003
0.003
0.003
0.003
0.003
0.002
0.002
0.002
0.002
0.002
0.002
0.002
0.002
0.002
0.002
0.002
0.002
0.002
0.002
0.002
0.002
0.002
0.002
0.002
0.002
0.002
0.002
0.002
0.002
0.002
0.002
0.002
0.002
0.002
0.002
0.002
0.001
0.001
0.001
0.001
0.001
0.001
0.001
0.001
0.001
0.001
0.001
0.001
0.001
0.001
0.001
0.001
0.001
0.001
0.001
0.001
0.001
0.001
0.001
0.001
0.001
0.001
0.001
0.001
0.001
0.001
0.001
0.001
0.001
0.001
0.001
0.001
0.001
0.001
0.001
0.001
0.001
0.001
0.001
0.001
0.001
0.001
0.001
0.001
0.001
0.001
0.001
0.001
0.001
0.001
0.001
0.001
0.001
0.001
0.001
0.001
0.001
0.001
0.001
0.001
0.001
0.001
0.001
0.001
0.001
0.001
0.001
0.001
0.001
0.001
0.001
0.001
0.001
0.001
0.001
0.001
0.001
0.001
0.001
0.001
0.001
0.001
0.001
0.001
0.001
0.001
0.001
0.001
0.001
0.000
0.000
0.000
0.000
0.000
0.000
0.000
0.000
0.000
0.000
0.000
0.000
0.000
0.000
0.000
0.000
0.000
0.000
0.000
0.000
0.000
0.000
0.000
0.000
0.000
0.000
0.000
0.000
0.000
0.000
0.000
0.000
0.000
0.000
0.000
0.000
0.000
0.000
0.000
0.000
0.000
0.000
0.000
0.000
0.000
0.000
0.000
0.000
0.000
0.000
0.000
0.000
0.000
0.000
0.000
0.000
0.000
0.000
0.000
0.000
0.000
0.000
0.000
0.000
0.000
0.000
0.000
0.000
0.000
0.000
0.000
0.000
0.000
0.000
0.000
0.000
0.000
0.000
0.000
0.000
0.000
0.000
0.000
0.000
0.000
0.000
0.000
0.000
0.000
0.000
0.000
0.000
0.000
0.000
0.000
0.000
0.000
0.000
0.000
0.000
0.000
0.000
0.000
0.000
0.000
0.000
0.000
0.000
0.000
0.000
0.000
0.000
0.000
0.000
0.000
0.000
0.000
0.000
0.000
0.000
0.000
0.000
0.000
0.000
0.000
0.000
0.000
0.000
$MCA_CAL:
3
-1.4656616 2.9313233 0.00000000000000
$ENER_FIT:
-1.4656616 2.9313233 0.00000000000000
$MCA_CAL_DATA:
3
298 872
597 1749
896 2625
$CAMBIO:
Parent file specification: C:\GADRAS-DRF\Temp\parallelGUI2\226RA_150.0_300.0_iron_6.28_7.0.pcf
Successful read of spectrum: Yes
Error message: None
Warning: None
Information: None
Neutrons: 0
Number of spectral records in the parent file: 1
Record number of this spectrum in the parent file: 1
Date and time of acquisition read successfully from the original file: Yes
Live time read successfully from the original file: Yes
True time read successfully from the original file: Yes
GADRAS Tag character is:  
Version: 130122
Parent file type: Sandia GADRAS PCF
