$SPEC_ID:
226RA,1uC{13,13.16}
$MEAS_TIM:
3600.00 3600.00
$DATE_MEA:
3/9/2018 5:22:25 PM
$DATA:
0 1193
172.946
168.865
166.217
364.957
344.782
287.728
244.147
211.431
191.431
177.546
171.359
168.299
167.867
170.207
172.771
176.712
181.770
189.720
200.201
212.557
224.084
236.265
246.388
249.092
253.010
254.480
252.187
246.506
238.132
230.140
222.996
217.698
213.248
208.545
204.379
200.707
197.598
194.215
189.510
184.498
179.653
174.920
170.244
165.750
161.966
159.852
158.743
157.475
156.388
155.658
154.963
154.086
152.913
151.481
149.842
148.001
146.021
144.033
142.090
140.189
138.331
136.502
134.353
131.450
128.107
124.984
122.257
119.841
117.722
115.944
114.420
112.925
111.262
109.291
106.957
104.450
101.995
99.651
97.406
95.199
92.912
90.448
87.796
84.959
81.994
78.993
76.039
73.188
70.498
68.019
65.804
63.908
62.396
61.337
60.707
60.368
60.164
59.935
59.508
58.736
57.587
56.065
54.200
52.093
49.862
47.630
45.549
43.770
42.399
41.475
41.025
41.040
41.445
42.163
43.089
44.075
44.968
45.615
45.865
45.561
44.603
43.071
41.100
38.817
36.345
33.796
31.283
28.904
26.741
24.875
23.351
22.125
21.131
20.312
19.628
19.052
18.557
18.119
17.723
17.352
16.993
16.644
16.307
15.988
15.689
15.411
15.153
14.915
14.696
14.492
14.299
14.115
13.937
13.763
13.594
13.428
13.263
13.098
12.932
12.764
12.597
12.433
12.276
12.127
11.985
11.846
11.708
11.568
11.427
11.286
11.146
11.009
10.874
10.741
10.610
10.481
10.356
10.234
10.118
10.009
9.908
9.817
9.737
9.670
9.618
9.588
9.584
9.612
9.678
9.791
9.956
10.183
10.478
10.845
11.276
11.767
12.310
12.899
13.520
14.155
14.788
15.401
15.972
16.474
16.876
17.147
17.260
17.208
17.001
16.649
16.163
15.555
14.845
14.057
13.214
12.341
11.459
10.590
9.752
8.966
8.252
7.621
7.073
6.599
6.192
5.847
5.556
5.314
5.114
4.949
4.815
4.705
4.616
4.543
4.483
4.433
4.389
4.351
4.318
4.290
4.267
4.248
4.234
4.225
4.221
4.221
4.227
4.238
4.253
4.273
4.296
4.323
4.352
4.384
4.416
4.447
4.476
4.502
4.523
4.539
4.549
4.551
4.546
4.532
4.509
4.479
4.441
4.397
4.346
4.289
4.228
4.162
4.094
4.024
3.952
3.880
3.809
3.738
3.671
3.606
3.545
3.488
3.434
3.382
3.333
3.285
3.238
3.193
3.150
3.109
3.071
3.036
3.005
2.978
2.953
2.931
2.911
2.893
2.875
2.858
2.843
2.829
2.817
2.807
2.800
2.794
2.790
2.787
2.785
2.783
2.780
2.777
2.772
2.767
2.759
2.750
2.739
2.725
2.710
2.691
2.670
2.647
2.621
2.592
2.561
2.528
2.493
2.458
2.422
2.387
2.351
2.317
2.283
2.251
2.219
2.189
2.161
2.135
2.110
2.087
2.067
2.048
2.032
2.018
2.006
1.997
1.990
1.986
1.984
1.985
1.989
1.996
2.005
2.019
2.035
2.056
2.080
2.109
2.141
2.178
2.219
2.264
2.314
2.368
2.426
2.488
2.553
2.620
2.689
2.760
2.831
2.902
2.971
3.038
3.100
3.157
3.208
3.251
3.285
3.310
3.326
3.333
3.330
3.317
3.294
3.262
3.220
3.170
3.113
3.050
2.981
2.909
2.833
2.755
2.676
2.597
2.519
2.443
2.370
2.302
2.239
2.181
2.128
2.080
2.038
2.002
1.971
1.946
1.926
1.911
1.900
1.892
1.888
1.885
1.885
1.886
1.887
1.889
1.891
1.892
1.892
1.890
1.886
1.880
1.872
1.862
1.849
1.835
1.819
1.801
1.781
1.759
1.737
1.713
1.689
1.664
1.639
1.615
1.591
1.568
1.546
1.525
1.506
1.488
1.473
1.459
1.448
1.439
1.432
1.428
1.426
1.427
1.430
1.435
1.442
1.452
1.463
1.476
1.491
1.506
1.522
1.538
1.554
1.570
1.585
1.600
1.613
1.625
1.636
1.644
1.651
1.655
1.657
1.656
1.653
1.648
1.640
1.630
1.617
1.602
1.584
1.565
1.544
1.522
1.498
1.474
1.449
1.424
1.400
1.375
1.351
1.327
1.304
1.282
1.260
1.240
1.220
1.201
1.184
1.167
1.151
1.136
1.122
1.109
1.096
1.083
1.071
1.060
1.048
1.037
1.026
1.016
1.005
0.994
0.983
0.972
0.960
0.948
0.937
0.924
0.912
0.899
0.886
0.873
0.859
0.845
0.831
0.816
0.802
0.788
0.774
0.761
0.747
0.734
0.722
0.710
0.698
0.686
0.676
0.665
0.655
0.646
0.637
0.628
0.621
0.613
0.607
0.601
0.596
0.592
0.588
0.585
0.583
0.582
0.582
0.583
0.585
0.588
0.592
0.597
0.603
0.610
0.619
0.628
0.639
0.652
0.665
0.681
0.697
0.715
0.735
0.756
0.778
0.802
0.826
0.852
0.880
0.908
0.937
0.967
0.997
1.029
1.060
1.091
1.122
1.153
1.182
1.211
1.239
1.265
1.289
1.312
1.333
1.351
1.368
1.381
1.392
1.400
1.405
1.407
1.406
1.402
1.395
1.385
1.372
1.357
1.340
1.319
1.297
1.272
1.245
1.217
1.187
1.156
1.123
1.090
1.057
1.023
0.989
0.955
0.921
0.888
0.855
0.822
0.791
0.760
0.731
0.702
0.675
0.649
0.624
0.601
0.579
0.557
0.537
0.518
0.499
0.481
0.465
0.448
0.433
0.418
0.404
0.390
0.377
0.365
0.353
0.341
0.331
0.320
0.311
0.301
0.293
0.284
0.276
0.269
0.261
0.254
0.247
0.241
0.234
0.228
0.222
0.216
0.211
0.205
0.200
0.195
0.190
0.186
0.181
0.177
0.173
0.169
0.165
0.161
0.158
0.155
0.152
0.149
0.146
0.144
0.141
0.139
0.138
0.136
0.134
0.133
0.132
0.131
0.130
0.130
0.129
0.129
0.129
0.129
0.130
0.130
0.131
0.132
0.133
0.135
0.136
0.138
0.140
0.142
0.144
0.147
0.150
0.153
0.156
0.159
0.162
0.166
0.169
0.173
0.177
0.181
0.185
0.189
0.194
0.198
0.203
0.207
0.212
0.217
0.221
0.226
0.231
0.236
0.241
0.245
0.250
0.254
0.259
0.263
0.267
0.271
0.274
0.278
0.281
0.283
0.286
0.288
0.289
0.291
0.291
0.292
0.291
0.290
0.289
0.287
0.285
0.283
0.279
0.276
0.272
0.268
0.263
0.258
0.252
0.246
0.240
0.234
0.227
0.220
0.213
0.206
0.199
0.191
0.184
0.177
0.169
0.162
0.155
0.148
0.141
0.134
0.128
0.121
0.115
0.109
0.104
0.098
0.093
0.088
0.084
0.080
0.076
0.072
0.069
0.066
0.063
0.060
0.058
0.056
0.054
0.052
0.051
0.050
0.049
0.048
0.048
0.047
0.047
0.047
0.047
0.048
0.048
0.049
0.049
0.050
0.051
0.052
0.053
0.054
0.055
0.056
0.057
0.058
0.059
0.060
0.061
0.062
0.063
0.063
0.064
0.065
0.065
0.066
0.066
0.067
0.067
0.067
0.067
0.066
0.066
0.066
0.065
0.064
0.064
0.063
0.062
0.061
0.059
0.058
0.057
0.055
0.054
0.052
0.051
0.049
0.047
0.046
0.044
0.042
0.040
0.039
0.037
0.035
0.034
0.032
0.030
0.029
0.027
0.026
0.024
0.023
0.021
0.020
0.019
0.018
0.016
0.015
0.014
0.013
0.013
0.012
0.011
0.010
0.010
0.009
0.008
0.008
0.007
0.007
0.006
0.006
0.006
0.005
0.005
0.005
0.005
0.005
0.004
0.004
0.004
0.004
0.004
0.004
0.004
0.004
0.004
0.004
0.003
0.003
0.003
0.003
0.003
0.003
0.003
0.003
0.003
0.003
0.003
0.003
0.003
0.003
0.003
0.003
0.003
0.003
0.003
0.003
0.003
0.003
0.003
0.003
0.003
0.003
0.003
0.003
0.003
0.003
0.003
0.003
0.003
0.003
0.003
0.003
0.003
0.003
0.003
0.003
0.003
0.003
0.003
0.003
0.003
0.003
0.003
0.003
0.003
0.003
0.003
0.003
0.003
0.003
0.002
0.002
0.002
0.002
0.002
0.002
0.002
0.002
0.002
0.002
0.002
0.002
0.002
0.002
0.002
0.002
0.002
0.002
0.002
0.002
0.002
0.002
0.002
0.002
0.002
0.002
0.002
0.002
0.002
0.002
0.002
0.002
0.002
0.002
0.002
0.002
0.002
0.002
0.002
0.002
0.002
0.002
0.002
0.002
0.002
0.002
0.002
0.002
0.002
0.002
0.002
0.002
0.002
0.002
0.002
0.002
0.002
0.002
0.002
0.002
0.002
0.002
0.002
0.002
0.002
0.002
0.002
0.002
0.002
0.002
0.002
0.002
0.002
0.002
0.002
0.002
0.002
0.002
0.001
0.001
0.001
0.001
0.001
0.001
0.001
0.001
0.001
0.001
0.001
0.001
0.001
0.001
0.001
0.001
0.001
0.001
0.001
0.001
0.001
0.001
0.001
0.001
0.001
0.001
0.001
0.001
0.001
0.001
0.001
0.001
0.001
0.001
0.001
0.001
0.001
0.001
0.000
0.000
0.000
0.000
0.000
0.000
0.000
0.000
0.000
0.000
0.000
0.000
0.000
0.000
0.000
0.000
0.000
0.000
0.000
0.000
0.000
0.000
0.000
0.000
0.000
0.000
0.000
0.000
0.000
0.000
0.000
0.000
0.000
0.000
0.000
0.000
0.000
0.000
0.000
0.000
0.000
0.000
0.000
0.000
0.000
0.000
0.000
0.000
0.000
0.000
0.000
0.000
0.000
0.000
0.000
0.000
0.000
0.000
0.000
0.000
0.000
0.000
0.000
0.000
0.000
0.000
0.000
0.000
0.000
0.000
0.000
0.000
0.000
0.000
0.000
0.000
0.000
0.000
0.000
0.000
0.000
0.000
0.000
0.000
0.000
0.000
0.000
0.000
0.000
0.000
0.000
0.000
0.000
0.000
0.000
0.000
0.000
0.000
0.000
0.000
0.000
0.000
0.000
0.000
0.000
0.000
0.000
0.000
0.000
0.000
0.000
0.000
0.000
0.000
0.000
0.000
0.000
0.000
0.000
0.000
$MCA_CAL:
3
-1.4656616 2.9313233 0.00000000000000
$ENER_FIT:
-1.4656616 2.9313233 0.00000000000000
$MCA_CAL_DATA:
3
298 872
597 1749
896 2625
$CAMBIO:
Parent file specification: C:\GADRAS-DRF\Temp\parallelGUI2\226RA_50.0_237.5_alum_13.16_9.0.pcf
Successful read of spectrum: Yes
Error message: None
Warning: None
Information: None
Neutrons: 0
Number of spectral records in the parent file: 1
Record number of this spectrum in the parent file: 1
Date and time of acquisition read successfully from the original file: Yes
Live time read successfully from the original file: Yes
True time read successfully from the original file: Yes
GADRAS Tag character is:  
Version: 130122
Parent file type: Sandia GADRAS PCF
