$SPEC_ID:
226RA,1uC{13,4.18}
$MEAS_TIM:
3600.00 3600.00
$DATE_MEA:
3/9/2018 5:22:25 PM
$DATA:
0 1193
2081.029
1967.232
1793.406
2152.339
1873.667
1633.204
1444.637
1237.004
1123.627
1025.302
979.550
957.196
968.046
1041.601
1243.512
1513.236
1460.445
1340.636
1362.682
1426.307
1495.419
1617.746
1814.524
2141.697
2720.545
3220.934
3086.317
2461.783
1927.937
1705.935
1524.879
1330.682
1189.181
1122.444
1102.455
1099.503
1101.721
1104.574
1111.042
1116.277
1124.524
1133.947
1142.267
1150.889
1154.906
1153.492
1160.946
1173.322
1194.884
1224.314
1248.709
1255.639
1244.979
1224.250
1205.352
1211.303
1232.332
1259.003
1294.514
1345.166
1407.880
1470.758
1509.792
1501.564
1443.180
1351.518
1253.401
1174.354
1124.526
1100.492
1093.555
1097.052
1103.368
1106.889
1106.631
1105.288
1111.255
1138.557
1188.245
1253.165
1322.735
1375.050
1384.254
1344.446
1263.684
1163.146
1064.994
987.411
932.581
897.163
875.714
866.233
870.731
896.914
953.854
1045.938
1171.581
1318.449
1462.715
1567.047
1603.596
1556.705
1435.095
1265.029
1079.165
911.066
776.982
683.749
628.699
605.759
611.306
643.973
710.280
819.167
972.873
1168.905
1387.941
1601.130
1771.297
1856.725
1840.199
1727.213
1536.410
1302.747
1060.649
840.462
666.214
539.271
454.917
404.130
375.907
361.349
353.461
347.324
341.864
336.456
330.505
323.446
315.505
307.518
300.005
292.728
285.446
278.353
271.860
266.232
261.582
257.983
255.332
253.503
252.307
251.557
251.054
250.625
250.128
249.449
248.557
247.418
246.084
244.622
243.104
241.546
239.974
238.315
236.389
234.063
231.339
228.298
225.021
221.665
218.369
215.270
212.453
209.994
207.879
206.014
204.307
202.726
201.247
199.852
198.445
196.936
195.285
193.531
191.743
189.996
188.386
187.009
186.039
185.778
186.521
188.851
193.709
202.080
215.119
234.255
260.917
296.346
341.455
397.096
462.786
535.589
612.384
688.942
758.742
814.867
851.535
866.539
858.263
826.001
773.391
705.582
627.593
544.871
462.984
387.361
321.216
265.323
220.364
186.290
161.548
144.380
133.078
126.145
122.162
119.760
118.105
116.844
115.636
114.261
112.733
111.112
109.458
107.858
106.398
105.167
104.214
103.483
102.932
102.509
102.186
101.929
101.709
101.530
101.424
101.433
101.602
102.027
102.809
104.061
105.870
108.274
111.304
114.982
119.235
123.890
128.777
133.707
138.422
142.621
146.013
148.379
149.683
149.883
148.965
147.013
144.205
140.731
136.790
132.556
128.211
123.932
119.887
116.115
112.629
109.439
106.547
103.937
101.584
99.472
97.566
95.829
94.215
92.688
91.209
89.766
88.346
86.942
85.552
84.196
82.910
81.715
80.626
79.632
78.726
77.893
77.122
76.415
75.763
75.166
74.626
74.196
73.904
73.804
73.920
74.249
74.763
75.455
76.301
77.275
78.364
79.536
80.772
81.991
83.112
84.033
84.671
84.959
84.885
84.420
83.552
82.278
80.669
78.802
76.737
74.556
72.318
70.094
67.937
65.920
64.058
62.353
60.787
59.359
58.064
56.892
55.850
54.929
54.133
53.445
52.860
52.362
51.944
51.587
51.293
51.050
50.848
50.688
50.563
50.482
50.443
50.456
50.516
50.634
50.804
51.037
51.327
51.707
52.197
52.830
53.644
54.667
55.972
57.617
59.687
62.234
65.316
68.936
73.113
77.846
83.147
88.940
95.082
101.451
107.899
114.296
120.411
126.020
130.881
134.762
137.459
138.962
139.251
138.351
136.238
132.985
128.752
123.697
118.013
111.856
105.414
98.838
92.307
85.986
80.041
74.564
69.589
65.124
61.185
57.795
54.948
52.623
50.791
49.436
48.526
48.042
47.948
48.227
48.837
49.759
50.950
52.359
53.942
55.636
57.407
59.184
60.915
62.527
63.968
65.162
66.070
66.680
66.992
66.998
66.695
66.094
65.215
64.103
62.795
61.329
59.737
58.061
56.321
54.558
52.793
51.062
49.387
47.771
46.232
44.772
43.408
42.141
40.983
39.935
39.003
38.187
37.499
36.944
36.532
36.279
36.195
36.293
36.575
37.045
37.697
38.534
39.550
40.743
42.095
43.584
45.182
46.865
48.617
50.396
52.170
53.893
55.526
57.020
58.346
59.472
60.391
61.073
61.520
61.701
61.611
61.268
60.674
59.851
58.800
57.550
56.113
54.537
52.850
51.100
49.314
47.535
45.785
44.078
42.443
40.891
39.449
38.128
36.938
35.887
34.981
34.224
33.627
33.178
32.857
32.636
32.493
32.403
32.340
32.298
32.270
32.263
32.270
32.294
32.333
32.376
32.402
32.400
32.350
32.234
32.040
31.765
31.414
30.986
30.489
29.922
29.295
28.614
27.898
27.161
26.418
25.681
24.965
24.278
23.617
22.990
22.398
21.843
21.325
20.846
20.400
19.986
19.600
19.239
18.899
18.575
18.268
17.970
17.679
17.392
17.105
16.817
16.535
16.261
16.000
15.756
15.535
15.338
15.166
15.021
14.903
14.815
14.755
14.726
14.726
14.756
14.813
14.899
15.011
15.152
15.321
15.525
15.768
16.053
16.388
16.773
17.219
17.732
18.325
19.007
19.789
20.678
21.687
22.817
24.071
25.456
26.973
28.627
30.417
32.339
34.367
36.488
38.673
40.913
43.181
45.452
47.697
49.871
51.946
53.872
55.628
57.160
58.454
59.479
60.224
60.674
60.792
60.581
60.022
59.122
57.929
56.466
54.770
52.856
50.774
48.548
46.223
43.826
41.411
39.013
36.674
34.428
32.301
30.304
28.434
26.708
25.129
23.707
22.444
21.332
20.357
19.504
18.752
18.092
17.507
16.981
16.505
16.068
15.663
15.275
14.900
14.525
14.145
13.758
13.364
12.965
12.562
12.152
11.738
11.322
10.906
10.496
10.095
9.708
9.336
8.988
8.663
8.361
8.081
7.821
7.582
7.361
7.157
6.970
6.795
6.631
6.474
6.323
6.174
6.023
5.871
5.718
5.564
5.412
5.261
5.114
4.971
4.833
4.700
4.573
4.450
4.332
4.218
4.110
4.005
3.905
3.809
3.719
3.635
3.556
3.483
3.416
3.356
3.302
3.255
3.215
3.181
3.155
3.135
3.122
3.117
3.121
3.132
3.152
3.180
3.218
3.265
3.321
3.387
3.460
3.542
3.632
3.730
3.835
3.946
4.063
4.184
4.309
4.434
4.561
4.689
4.814
4.940
5.065
5.190
5.315
5.440
5.568
5.694
5.825
5.961
6.107
6.261
6.429
6.613
6.814
7.035
7.274
7.532
7.806
8.097
8.404
8.726
9.063
9.408
9.759
10.107
10.446
10.773
11.080
11.361
11.610
11.825
12.002
12.135
12.224
12.262
12.250
12.177
12.050
11.868
11.637
11.360
11.039
10.683
10.288
9.865
9.415
8.947
8.464
7.972
7.479
6.990
6.510
6.046
5.600
5.172
4.765
4.381
4.019
3.682
3.370
3.085
2.826
2.590
2.378
2.185
2.012
1.857
1.717
1.592
1.480
1.380
1.291
1.211
1.140
1.076
1.018
0.966
0.918
0.875
0.838
0.806
0.779
0.758
0.742
0.731
0.727
0.728
0.736
0.751
0.773
0.803
0.840
0.885
0.938
0.998
1.066
1.141
1.223
1.312
1.406
1.507
1.612
1.722
1.834
1.948
2.062
2.174
2.285
2.392
2.495
2.592
2.681
2.763
2.835
2.896
2.945
2.981
3.003
3.011
3.006
2.988
2.957
2.914
2.859
2.792
2.713
2.625
2.528
2.424
2.313
2.198
2.080
1.959
1.838
1.717
1.597
1.479
1.364
1.252
1.145
1.043
0.947
0.857
0.774
0.697
0.626
0.561
0.501
0.447
0.398
0.355
0.316
0.282
0.252
0.226
0.203
0.184
0.167
0.152
0.139
0.129
0.119
0.112
0.105
0.100
0.095
0.092
0.089
0.086
0.084
0.083
0.081
0.080
0.080
0.079
0.079
0.079
0.080
0.080
0.081
0.081
0.082
0.083
0.085
0.086
0.087
0.089
0.090
0.092
0.094
0.095
0.097
0.099
0.100
0.102
0.104
0.105
0.107
0.108
0.109
0.110
0.111
0.112
0.113
0.113
0.114
0.114
0.114
0.114
0.114
0.113
0.113
0.113
0.112
0.111
0.110
0.110
0.109
0.108
0.106
0.105
0.104
0.103
0.102
0.100
0.099
0.098
0.096
0.094
0.093
0.091
0.089
0.088
0.086
0.084
0.082
0.080
0.078
0.077
0.075
0.073
0.071
0.069
0.068
0.066
0.065
0.063
0.062
0.061
0.059
0.058
0.057
0.057
0.056
0.055
0.055
0.055
0.054
0.054
0.054
0.054
0.054
0.054
0.055
0.055
0.055
0.055
0.056
0.056
0.056
0.057
0.057
0.057
0.058
0.058
0.058
0.058
0.058
0.058
0.058
0.058
0.058
0.058
0.058
0.058
0.058
0.058
0.058
0.058
0.058
0.057
0.057
0.057
0.057
0.057
0.057
0.056
0.056
0.056
0.056
0.056
0.056
0.056
0.055
0.055
0.055
0.055
0.055
0.055
0.055
0.054
0.054
0.054
0.054
0.053
0.053
0.053
0.052
0.052
0.051
0.051
0.050
0.050
0.049
0.048
0.047
0.046
0.045
0.045
0.043
0.042
0.041
0.040
0.039
0.038
0.036
0.035
0.034
0.032
0.031
0.030
0.028
0.027
0.026
0.024
0.023
0.022
0.021
0.019
0.018
0.017
0.016
0.015
0.014
0.013
0.013
0.012
0.011
0.010
0.010
0.009
0.008
0.008
0.007
0.007
0.007
0.006
0.006
0.005
0.005
0.005
0.004
0.004
0.004
0.004
0.004
0.003
0.003
0.003
0.003
0.003
0.002
0.002
0.002
0.002
0.002
0.002
0.002
0.002
0.001
0.001
0.001
0.001
0.001
0.001
0.001
0.001
0.001
0.001
0.001
0.001
0.001
0.000
0.000
0.000
0.000
0.000
0.000
0.000
0.000
0.000
0.000
0.000
0.000
0.000
0.000
0.000
0.000
0.000
0.000
0.000
0.000
0.000
0.000
0.000
0.000
0.000
0.000
0.000
0.000
0.000
0.000
0.000
0.000
0.000
0.000
0.000
0.000
0.000
0.000
0.000
0.000
0.000
0.000
0.000
0.000
0.000
0.000
0.000
0.000
0.000
0.000
0.000
0.000
0.000
0.000
0.000
0.000
0.000
0.000
0.000
0.000
0.000
0.000
0.000
0.000
0.000
0.000
0.000
0.000
0.000
0.000
0.000
0.000
0.000
0.000
0.000
0.000
$MCA_CAL:
3
-1.4656616 2.9313233 0.00000000000000
$ENER_FIT:
-1.4656616 2.9313233 0.00000000000000
$MCA_CAL_DATA:
3
298 872
597 1749
896 2625
$CAMBIO:
Parent file specification: C:\GADRAS-DRF\Temp\parallelGUI2\226RA_100.0_50.0_alum_4.18_6.0.pcf
Successful read of spectrum: Yes
Error message: None
Warning: None
Information: None
Neutrons: 0
Number of spectral records in the parent file: 1
Record number of this spectrum in the parent file: 1
Date and time of acquisition read successfully from the original file: Yes
Live time read successfully from the original file: Yes
True time read successfully from the original file: Yes
GADRAS Tag character is:  
Version: 130122
Parent file type: Sandia GADRAS PCF
