$SPEC_ID:
226RA,1uC{82,0.22}
$MEAS_TIM:
3600.00 3600.00
$DATE_MEA:
3/9/2018 5:22:25 PM
$DATA:
0 1193
282.643
285.595
273.492
243.947
211.089
179.955
156.371
139.464
130.422
126.999
126.864
127.684
127.910
128.981
128.636
128.163
126.074
123.923
124.617
127.516
132.139
137.707
146.692
158.506
171.333
178.951
176.759
163.272
142.001
121.550
103.484
89.597
80.533
75.081
71.863
70.159
69.272
68.707
68.247
67.772
67.172
66.575
66.485
66.855
67.587
68.960
70.786
72.828
75.583
79.107
82.798
86.135
88.693
90.184
90.569
90.208
89.407
88.361
87.271
86.323
85.380
84.140
82.528
80.628
78.865
77.794
77.522
77.911
78.952
80.720
82.972
85.132
86.727
87.486
87.247
86.128
84.309
81.931
79.125
76.033
72.810
69.555
66.196
62.637
58.950
55.322
51.926
48.889
46.332
44.351
43.030
42.430
42.522
43.258
44.521
46.104
47.787
49.318
50.423
50.854
50.492
49.262
47.168
44.439
41.352
38.190
35.268
32.901
31.320
30.622
30.889
32.113
34.140
36.806
39.893
43.088
46.065
48.521
50.200
50.848
50.287
48.604
45.958
42.517
38.532
34.293
30.088
26.128
22.540
19.447
16.924
14.918
13.352
12.153
11.248
10.569
10.048
9.630
9.286
8.992
8.723
8.471
8.236
8.016
7.813
7.629
7.465
7.323
7.203
7.103
7.021
6.954
6.899
6.855
6.817
6.783
6.750
6.717
6.681
6.641
6.597
6.547
6.492
6.432
6.367
6.298
6.224
6.147
6.067
5.987
5.906
5.827
5.750
5.675
5.603
5.534
5.470
5.410
5.357
5.312
5.276
5.254
5.249
5.263
5.304
5.379
5.498
5.672
5.910
6.224
6.625
7.127
7.740
8.470
9.313
10.265
11.321
12.474
13.695
14.948
16.197
17.407
18.540
19.551
20.400
21.042
21.435
21.567
21.446
21.079
20.476
19.649
18.632
17.471
16.212
14.897
13.569
12.259
10.995
9.804
8.715
7.748
6.901
6.169
5.544
5.022
4.595
4.251
3.977
3.761
3.591
3.456
3.350
3.268
3.206
3.159
3.123
3.096
3.077
3.067
3.063
3.066
3.076
3.092
3.116
3.147
3.186
3.234
3.288
3.350
3.417
3.490
3.567
3.647
3.727
3.807
3.883
3.955
4.020
4.077
4.125
4.161
4.185
4.196
4.192
4.177
4.148
4.109
4.059
3.999
3.931
3.856
3.776
3.693
3.607
3.521
3.436
3.352
3.270
3.193
3.120
3.052
2.988
2.927
2.869
2.814
2.759
2.707
2.658
2.612
2.570
2.533
2.501
2.474
2.451
2.432
2.415
2.401
2.388
2.376
2.366
2.359
2.354
2.351
2.352
2.356
2.362
2.370
2.378
2.387
2.395
2.402
2.408
2.412
2.413
2.412
2.407
2.399
2.387
2.371
2.352
2.328
2.301
2.270
2.236
2.199
2.159
2.119
2.077
2.036
1.995
1.954
1.915
1.876
1.839
1.804
1.771
1.740
1.711
1.684
1.661
1.640
1.622
1.607
1.596
1.588
1.583
1.582
1.583
1.589
1.598
1.611
1.628
1.650
1.676
1.708
1.745
1.789
1.838
1.892
1.953
2.019
2.092
2.170
2.254
2.343
2.436
2.532
2.630
2.730
2.831
2.931
3.029
3.123
3.212
3.295
3.369
3.433
3.487
3.529
3.559
3.577
3.582
3.574
3.553
3.519
3.473
3.415
3.348
3.273
3.190
3.102
3.009
2.914
2.817
2.719
2.623
2.529
2.439
2.354
2.275
2.203
2.138
2.079
2.027
1.983
1.945
1.915
1.892
1.875
1.863
1.856
1.853
1.853
1.855
1.859
1.864
1.870
1.875
1.879
1.882
1.883
1.882
1.878
1.871
1.861
1.848
1.833
1.816
1.796
1.774
1.750
1.724
1.697
1.669
1.640
1.612
1.583
1.556
1.529
1.504
1.480
1.458
1.438
1.420
1.405
1.393
1.384
1.377
1.374
1.374
1.376
1.381
1.390
1.400
1.414
1.430
1.448
1.467
1.488
1.509
1.531
1.553
1.574
1.595
1.615
1.634
1.651
1.666
1.679
1.689
1.696
1.701
1.703
1.701
1.697
1.689
1.679
1.666
1.650
1.631
1.610
1.586
1.561
1.535
1.508
1.480
1.452
1.424
1.396
1.368
1.341
1.315
1.290
1.265
1.242
1.220
1.199
1.179
1.160
1.143
1.126
1.110
1.095
1.081
1.068
1.055
1.042
1.030
1.018
1.007
0.995
0.984
0.972
0.961
0.949
0.937
0.925
0.912
0.899
0.886
0.872
0.858
0.844
0.829
0.814
0.799
0.783
0.768
0.752
0.737
0.722
0.708
0.694
0.680
0.666
0.654
0.641
0.629
0.618
0.607
0.597
0.587
0.578
0.570
0.562
0.555
0.549
0.544
0.539
0.535
0.533
0.531
0.530
0.530
0.532
0.534
0.538
0.543
0.549
0.557
0.566
0.576
0.588
0.601
0.616
0.632
0.650
0.670
0.692
0.715
0.739
0.766
0.793
0.822
0.853
0.885
0.917
0.951
0.986
1.022
1.058
1.094
1.131
1.167
1.202
1.237
1.271
1.303
1.334
1.363
1.390
1.415
1.438
1.458
1.475
1.489
1.499
1.507
1.511
1.511
1.507
1.501
1.491
1.479
1.463
1.444
1.423
1.399
1.372
1.343
1.312
1.279
1.245
1.209
1.173
1.136
1.098
1.061
1.024
0.987
0.950
0.914
0.878
0.844
0.810
0.777
0.746
0.716
0.687
0.660
0.634
0.609
0.585
0.563
0.541
0.521
0.501
0.482
0.464
0.447
0.431
0.415
0.400
0.386
0.372
0.359
0.347
0.335
0.324
0.314
0.304
0.294
0.285
0.276
0.268
0.260
0.252
0.245
0.238
0.231
0.224
0.218
0.211
0.205
0.199
0.194
0.188
0.183
0.178
0.173
0.169
0.164
0.160
0.156
0.152
0.149
0.146
0.142
0.139
0.137
0.134
0.132
0.130
0.128
0.126
0.125
0.123
0.122
0.121
0.121
0.120
0.120
0.120
0.120
0.120
0.121
0.121
0.122
0.123
0.125
0.126
0.128
0.130
0.132
0.135
0.137
0.140
0.143
0.147
0.150
0.153
0.157
0.161
0.165
0.169
0.173
0.178
0.182
0.187
0.192
0.197
0.202
0.207
0.212
0.217
0.222
0.228
0.233
0.238
0.243
0.248
0.254
0.258
0.263
0.268
0.272
0.276
0.280
0.284
0.287
0.290
0.293
0.295
0.297
0.299
0.300
0.300
0.300
0.299
0.298
0.296
0.294
0.292
0.289
0.285
0.281
0.276
0.272
0.266
0.261
0.255
0.248
0.241
0.235
0.227
0.220
0.213
0.205
0.197
0.190
0.182
0.175
0.167
0.160
0.152
0.145
0.138
0.131
0.125
0.118
0.112
0.106
0.100
0.095
0.090
0.085
0.081
0.077
0.073
0.069
0.066
0.063
0.060
0.058
0.056
0.054
0.052
0.051
0.050
0.049
0.048
0.047
0.047
0.047
0.047
0.047
0.047
0.048
0.048
0.049
0.050
0.051
0.052
0.053
0.054
0.055
0.056
0.057
0.058
0.059
0.060
0.061
0.062
0.063
0.064
0.065
0.065
0.066
0.067
0.067
0.067
0.067
0.068
0.067
0.067
0.067
0.067
0.066
0.065
0.065
0.064
0.063
0.062
0.061
0.059
0.058
0.056
0.055
0.053
0.052
0.050
0.048
0.047
0.045
0.043
0.041
0.039
0.038
0.036
0.034
0.032
0.031
0.029
0.028
0.026
0.024
0.023
0.022
0.020
0.019
0.018
0.017
0.016
0.014
0.014
0.013
0.012
0.011
0.010
0.010
0.009
0.008
0.008
0.007
0.007
0.006
0.006
0.006
0.005
0.005
0.005
0.005
0.004
0.004
0.004
0.004
0.004
0.004
0.004
0.004
0.003
0.003
0.003
0.003
0.003
0.003
0.003
0.003
0.003
0.003
0.003
0.003
0.003
0.003
0.003
0.003
0.003
0.003
0.003
0.003
0.003
0.003
0.003
0.003
0.003
0.003
0.003
0.003
0.003
0.003
0.003
0.003
0.003
0.003
0.003
0.003
0.003
0.003
0.003
0.003
0.003
0.003
0.003
0.003
0.003
0.003
0.003
0.003
0.003
0.003
0.003
0.003
0.003
0.003
0.002
0.002
0.002
0.002
0.002
0.002
0.002
0.002
0.002
0.002
0.002
0.002
0.002
0.002
0.002
0.002
0.002
0.002
0.002
0.002
0.002
0.002
0.002
0.002
0.002
0.002
0.002
0.002
0.002
0.002
0.002
0.002
0.002
0.002
0.002
0.002
0.002
0.002
0.002
0.002
0.002
0.002
0.002
0.002
0.002
0.002
0.002
0.002
0.002
0.002
0.002
0.002
0.002
0.002
0.002
0.002
0.002
0.002
0.002
0.002
0.002
0.002
0.002
0.002
0.002
0.002
0.002
0.002
0.002
0.002
0.002
0.002
0.002
0.002
0.002
0.002
0.002
0.002
0.001
0.001
0.001
0.001
0.001
0.001
0.001
0.001
0.001
0.001
0.001
0.001
0.001
0.001
0.001
0.001
0.001
0.001
0.001
0.001
0.001
0.001
0.001
0.001
0.001
0.001
0.001
0.001
0.001
0.001
0.001
0.001
0.001
0.001
0.001
0.001
0.001
0.001
0.001
0.001
0.001
0.000
0.000
0.000
0.000
0.000
0.000
0.000
0.000
0.000
0.000
0.000
0.000
0.000
0.000
0.000
0.000
0.000
0.000
0.000
0.000
0.000
0.000
0.000
0.000
0.000
0.000
0.000
0.000
0.000
0.000
0.000
0.000
0.000
0.000
0.000
0.000
0.000
0.000
0.000
0.000
0.000
0.000
0.000
0.000
0.000
0.000
0.000
0.000
0.000
0.000
0.000
0.000
0.000
0.000
0.000
0.000
0.000
0.000
0.000
0.000
0.000
0.000
0.000
0.000
0.000
0.000
0.000
0.000
0.000
0.000
0.000
0.000
0.000
0.000
0.000
0.000
0.000
0.000
0.000
0.000
0.000
0.000
0.000
0.000
0.000
0.000
0.000
0.000
0.000
0.000
0.000
0.000
0.000
0.000
0.000
0.000
0.000
0.000
0.000
0.000
0.000
0.000
0.000
0.000
0.000
0.000
0.000
0.000
0.000
0.000
0.000
0.000
0.000
0.000
0.000
0.000
0.000
0.000
0.000
0.000
$MCA_CAL:
3
-1.4656616 2.9313233 0.00000000000000
$ENER_FIT:
-1.4656616 2.9313233 0.00000000000000
$MCA_CAL_DATA:
3
298 872
597 1749
896 2625
$CAMBIO:
Parent file specification: C:\GADRAS-DRF\Temp\parallelGUI2\226RA_150.0_300.0_lead_0.22_9.0.pcf
Successful read of spectrum: Yes
Error message: None
Warning: None
Information: None
Neutrons: 0
Number of spectral records in the parent file: 1
Record number of this spectrum in the parent file: 1
Date and time of acquisition read successfully from the original file: Yes
Live time read successfully from the original file: Yes
True time read successfully from the original file: Yes
GADRAS Tag character is:  
Version: 130122
Parent file type: Sandia GADRAS PCF
