$SPEC_ID:
226RA,1uC{13,7.49}
$MEAS_TIM:
3600.00 3600.00
$DATE_MEA:
3/9/2018 5:22:25 PM
$DATA:
0 1193
177.418
175.920
171.154
307.573
250.343
209.992
179.120
156.481
143.875
136.204
133.502
132.534
132.650
134.666
136.667
138.877
140.806
143.910
150.235
158.613
166.878
175.213
182.864
187.065
192.723
196.373
192.552
184.140
170.302
159.168
149.962
143.897
139.389
135.541
132.987
131.082
129.559
127.764
125.150
122.078
119.093
116.121
113.445
110.700
108.466
107.790
107.630
107.545
107.766
108.607
109.745
110.685
111.102
111.038
110.472
109.478
108.371
107.358
106.532
105.878
105.271
104.483
103.109
100.805
97.460
93.743
90.717
88.727
87.793
87.721
88.187
88.731
88.963
88.569
87.287
84.967
82.137
79.484
76.981
74.393
71.724
69.022
66.209
63.192
60.063
56.969
54.046
51.414
49.129
47.212
45.665
44.482
43.708
43.459
43.768
44.472
45.371
46.248
46.871
46.999
46.379
44.909
42.741
40.060
37.127
34.220
31.578
29.408
27.867
26.987
26.769
27.194
28.226
29.811
31.815
34.088
36.372
38.296
39.508
39.812
39.073
37.271
34.646
31.475
28.036
24.612
21.471
18.750
16.519
14.821
13.582
12.694
12.057
11.599
11.254
10.966
10.710
10.465
10.219
9.973
9.735
9.506
9.286
9.073
8.871
8.684
8.517
8.373
8.248
8.141
8.046
7.962
7.887
7.819
7.755
7.693
7.629
7.564
7.496
7.424
7.349
7.275
7.202
7.131
7.061
6.988
6.911
6.831
6.748
6.665
6.582
6.500
6.421
6.346
6.273
6.203
6.135
6.069
6.005
5.944
5.886
5.831
5.779
5.729
5.685
5.649
5.627
5.623
5.647
5.709
5.818
5.986
6.226
6.552
6.976
7.507
8.144
8.888
9.736
10.668
11.651
12.650
13.630
14.537
15.314
15.899
16.238
16.321
16.152
15.738
15.088
14.243
13.249
12.156
11.014
9.865
8.751
7.715
6.795
6.000
5.325
4.764
4.313
3.958
3.686
3.481
3.326
3.210
3.125
3.061
3.010
2.966
2.928
2.894
2.865
2.838
2.815
2.795
2.778
2.763
2.752
2.744
2.740
2.740
2.745
2.754
2.769
2.789
2.816
2.850
2.889
2.936
2.988
3.047
3.108
3.172
3.234
3.294
3.348
3.395
3.433
3.459
3.472
3.472
3.459
3.435
3.398
3.351
3.296
3.233
3.166
3.096
3.024
2.952
2.881
2.811
2.745
2.683
2.625
2.570
2.521
2.476
2.434
2.395
2.358
2.322
2.286
2.251
2.217
2.184
2.155
2.128
2.104
2.083
2.063
2.045
2.029
2.013
2.000
1.989
1.980
1.974
1.970
1.969
1.971
1.974
1.980
1.988
1.997
2.006
2.017
2.027
2.036
2.045
2.051
2.054
2.054
2.050
2.043
2.030
2.014
1.993
1.967
1.938
1.905
1.871
1.834
1.798
1.761
1.724
1.688
1.653
1.620
1.589
1.559
1.532
1.506
1.483
1.463
1.444
1.428
1.414
1.402
1.391
1.382
1.374
1.368
1.364
1.361
1.359
1.360
1.362
1.366
1.372
1.382
1.394
1.409
1.428
1.452
1.480
1.513
1.551
1.596
1.646
1.703
1.766
1.836
1.912
1.994
2.080
2.170
2.263
2.356
2.448
2.538
2.624
2.702
2.770
2.827
2.871
2.900
2.916
2.917
2.904
2.876
2.834
2.779
2.713
2.637
2.553
2.462
2.366
2.268
2.168
2.070
1.974
1.882
1.797
1.718
1.647
1.584
1.528
1.480
1.441
1.410
1.387
1.370
1.361
1.358
1.360
1.367
1.378
1.392
1.408
1.426
1.444
1.462
1.478
1.492
1.505
1.514
1.521
1.523
1.522
1.517
1.508
1.496
1.481
1.462
1.441
1.417
1.391
1.364
1.335
1.306
1.276
1.246
1.217
1.188
1.161
1.135
1.110
1.088
1.069
1.051
1.036
1.024
1.015
1.009
1.006
1.006
1.009
1.015
1.024
1.035
1.050
1.067
1.087
1.108
1.131
1.155
1.180
1.205
1.229
1.254
1.277
1.299
1.319
1.336
1.351
1.363
1.371
1.376
1.378
1.377
1.371
1.362
1.350
1.334
1.315
1.294
1.271
1.245
1.219
1.191
1.162
1.134
1.105
1.077
1.050
1.024
0.999
0.976
0.955
0.935
0.917
0.901
0.886
0.872
0.861
0.850
0.841
0.833
0.826
0.819
0.813
0.808
0.802
0.797
0.792
0.787
0.781
0.775
0.769
0.763
0.755
0.748
0.739
0.730
0.720
0.709
0.697
0.684
0.671
0.658
0.644
0.631
0.617
0.604
0.591
0.578
0.565
0.553
0.541
0.530
0.520
0.509
0.500
0.491
0.482
0.474
0.466
0.458
0.451
0.444
0.438
0.432
0.426
0.421
0.417
0.413
0.409
0.406
0.404
0.402
0.401
0.401
0.401
0.403
0.405
0.407
0.411
0.416
0.422
0.429
0.437
0.446
0.457
0.469
0.483
0.498
0.515
0.533
0.554
0.576
0.600
0.626
0.653
0.682
0.713
0.745
0.778
0.812
0.847
0.883
0.919
0.955
0.991
1.025
1.059
1.091
1.121
1.149
1.174
1.197
1.217
1.233
1.245
1.254
1.258
1.257
1.253
1.245
1.233
1.217
1.198
1.175
1.150
1.121
1.090
1.057
1.022
0.986
0.949
0.912
0.875
0.838
0.802
0.766
0.731
0.697
0.664
0.633
0.604
0.576
0.550
0.526
0.503
0.482
0.463
0.445
0.428
0.412
0.397
0.384
0.371
0.359
0.347
0.336
0.326
0.315
0.305
0.295
0.286
0.276
0.267
0.258
0.250
0.242
0.234
0.227
0.220
0.213
0.207
0.201
0.195
0.189
0.184
0.179
0.174
0.169
0.165
0.160
0.156
0.152
0.148
0.144
0.140
0.137
0.133
0.130
0.126
0.123
0.120
0.117
0.114
0.111
0.109
0.106
0.104
0.102
0.100
0.098
0.096
0.095
0.093
0.092
0.091
0.090
0.089
0.089
0.088
0.088
0.088
0.088
0.088
0.088
0.089
0.089
0.090
0.091
0.092
0.094
0.095
0.097
0.099
0.101
0.103
0.105
0.107
0.110
0.112
0.115
0.118
0.121
0.124
0.128
0.131
0.134
0.138
0.142
0.145
0.149
0.153
0.158
0.162
0.166
0.171
0.175
0.180
0.185
0.190
0.195
0.201
0.206
0.211
0.216
0.221
0.226
0.231
0.235
0.239
0.243
0.246
0.249
0.251
0.253
0.255
0.255
0.256
0.255
0.254
0.252
0.249
0.246
0.243
0.238
0.234
0.228
0.223
0.216
0.210
0.203
0.195
0.188
0.180
0.172
0.164
0.156
0.148
0.141
0.133
0.125
0.118
0.111
0.104
0.098
0.091
0.085
0.079
0.074
0.069
0.064
0.060
0.056
0.052
0.049
0.046
0.043
0.040
0.038
0.036
0.034
0.032
0.031
0.030
0.029
0.028
0.028
0.027
0.027
0.027
0.027
0.027
0.027
0.028
0.029
0.029
0.030
0.031
0.032
0.034
0.035
0.036
0.038
0.039
0.041
0.042
0.044
0.046
0.047
0.049
0.050
0.052
0.053
0.054
0.056
0.057
0.058
0.059
0.059
0.060
0.060
0.060
0.060
0.060
0.060
0.059
0.059
0.058
0.057
0.056
0.055
0.054
0.052
0.051
0.049
0.047
0.045
0.044
0.042
0.040
0.038
0.036
0.034
0.032
0.030
0.028
0.027
0.025
0.023
0.022
0.020
0.018
0.017
0.016
0.015
0.013
0.012
0.011
0.010
0.009
0.009
0.008
0.007
0.007
0.006
0.006
0.005
0.005
0.004
0.004
0.004
0.004
0.003
0.003
0.003
0.003
0.003
0.003
0.003
0.003
0.002
0.002
0.002
0.002
0.002
0.002
0.002
0.002
0.002
0.002
0.002
0.002
0.002
0.002
0.002
0.002
0.002
0.002
0.002
0.003
0.003
0.003
0.003
0.003
0.003
0.003
0.003
0.003
0.003
0.003
0.003
0.003
0.003
0.003
0.003
0.003
0.003
0.003
0.003
0.003
0.003
0.003
0.003
0.003
0.003
0.002
0.002
0.002
0.002
0.002
0.002
0.002
0.002
0.002
0.002
0.002
0.002
0.002
0.002
0.002
0.002
0.002
0.002
0.002
0.002
0.002
0.002
0.002
0.002
0.002
0.002
0.002
0.002
0.002
0.002
0.002
0.002
0.002
0.002
0.002
0.001
0.001
0.001
0.001
0.001
0.001
0.001
0.001
0.001
0.001
0.001
0.001
0.001
0.001
0.001
0.001
0.001
0.001
0.001
0.001
0.001
0.001
0.001
0.001
0.001
0.001
0.001
0.001
0.001
0.001
0.001
0.001
0.001
0.001
0.001
0.001
0.001
0.001
0.001
0.001
0.001
0.001
0.001
0.001
0.001
0.001
0.001
0.001
0.001
0.001
0.001
0.001
0.001
0.001
0.001
0.001
0.001
0.001
0.001
0.001
0.001
0.001
0.001
0.001
0.001
0.001
0.001
0.001
0.001
0.001
0.001
0.001
0.001
0.001
0.001
0.001
0.001
0.001
0.001
0.001
0.001
0.001
0.001
0.001
0.001
0.001
0.001
0.001
0.001
0.001
0.001
0.001
0.001
0.001
0.000
0.000
0.000
0.000
0.000
0.000
0.000
0.000
0.000
0.000
0.000
0.000
0.000
0.000
0.000
0.000
0.000
0.000
0.000
0.000
0.000
0.000
0.000
0.000
0.000
0.000
0.000
0.000
0.000
0.000
0.000
0.000
0.000
0.000
0.000
0.000
0.000
0.000
0.000
0.000
0.000
0.000
0.000
0.000
0.000
0.000
0.000
0.000
0.000
0.000
0.000
0.000
0.000
0.000
0.000
0.000
0.000
0.000
0.000
0.000
0.000
0.000
0.000
0.000
0.000
0.000
0.000
0.000
0.000
0.000
0.000
0.000
0.000
0.000
0.000
0.000
0.000
0.000
0.000
0.000
0.000
0.000
0.000
0.000
0.000
0.000
0.000
0.000
0.000
0.000
0.000
0.000
0.000
0.000
0.000
0.000
0.000
0.000
0.000
0.000
0.000
0.000
0.000
0.000
0.000
0.000
0.000
0.000
0.000
0.000
0.000
0.000
0.000
0.000
0.000
0.000
0.000
0.000
0.000
0.000
0.000
0.000
0.000
0.000
0.000
0.000
0.000
0.000
$MCA_CAL:
3
-1.4656616 2.9313233 0.00000000000000
$ENER_FIT:
-1.4656616 2.9313233 0.00000000000000
$MCA_CAL_DATA:
3
298 872
597 1749
896 2625
$CAMBIO:
Parent file specification: C:\GADRAS-DRF\Temp\parallelGUI2\226RA_100.0_300.0_alum_7.49_7.5.pcf
Successful read of spectrum: Yes
Error message: None
Warning: None
Information: None
Neutrons: 0
Number of spectral records in the parent file: 1
Record number of this spectrum in the parent file: 1
Date and time of acquisition read successfully from the original file: Yes
Live time read successfully from the original file: Yes
True time read successfully from the original file: Yes
GADRAS Tag character is:  
Version: 130122
Parent file type: Sandia GADRAS PCF
