$SPEC_ID:
226RA,1uC{82,0.51}
$MEAS_TIM:
3600.00 3600.00
$DATE_MEA:
3/9/2018 5:22:25 PM
$DATA:
0 1193
371.772
365.785
346.011
315.185
271.884
230.418
199.701
178.383
166.745
162.566
162.411
162.698
161.180
160.071
156.184
153.034
149.691
146.439
147.174
150.548
156.139
161.656
169.948
181.682
198.894
218.366
218.646
204.660
174.760
150.317
127.262
111.754
101.978
97.149
95.023
93.948
93.662
93.319
93.003
92.400
91.874
91.353
90.665
90.461
90.764
91.970
94.081
96.720
100.387
105.866
112.729
119.283
124.076
126.425
126.101
124.159
121.639
119.229
117.417
116.482
116.192
115.907
114.920
112.486
108.618
104.779
102.235
101.803
103.734
107.899
113.581
119.090
123.117
124.847
123.856
120.425
115.722
110.773
106.370
102.844
100.060
97.275
93.714
88.753
82.750
76.477
70.592
65.581
61.602
58.674
56.691
55.615
55.510
56.604
59.240
63.468
69.070
75.324
81.148
85.209
86.086
83.385
77.459
69.263
60.214
51.529
44.208
38.819
35.367
33.814
34.101
36.225
40.346
46.613
54.871
64.808
75.401
85.153
92.594
96.304
95.321
90.037
81.190
70.090
58.341
47.231
37.630
30.195
24.820
21.207
18.968
17.645
16.838
16.327
15.930
15.553
15.169
14.757
14.327
13.896
13.469
13.048
12.633
12.238
11.875
11.557
11.289
11.077
10.918
10.806
10.732
10.689
10.665
10.650
10.639
10.622
10.597
10.563
10.519
10.467
10.408
10.342
10.269
10.183
10.082
9.965
9.833
9.686
9.531
9.372
9.214
9.064
8.928
8.808
8.704
8.610
8.525
8.445
8.369
8.295
8.221
8.144
8.063
7.979
7.896
7.820
7.758
7.721
7.720
7.776
7.923
8.193
8.629
9.295
10.251
11.561
13.275
15.444
18.106
21.215
24.682
28.413
32.243
35.913
39.162
41.745
43.498
44.275
43.938
42.526
40.203
37.138
33.515
29.582
25.594
21.794
18.324
15.259
12.674
10.609
9.012
7.817
6.956
6.363
5.973
5.722
5.550
5.429
5.338
5.260
5.181
5.102
5.025
4.954
4.889
4.832
4.784
4.746
4.717
4.696
4.681
4.670
4.665
4.666
4.675
4.694
4.725
4.774
4.843
4.937
5.056
5.203
5.379
5.581
5.805
6.042
6.287
6.530
6.759
6.964
7.130
7.252
7.327
7.352
7.326
7.251
7.135
6.984
6.807
6.612
6.406
6.197
5.991
5.795
5.610
5.437
5.278
5.133
5.001
4.882
4.775
4.678
4.590
4.507
4.428
4.349
4.270
4.192
4.116
4.044
3.976
3.914
3.858
3.809
3.766
3.730
3.697
3.666
3.636
3.606
3.580
3.560
3.550
3.553
3.566
3.589
3.621
3.659
3.703
3.752
3.804
3.859
3.915
3.969
4.018
4.057
4.084
4.094
4.089
4.067
4.027
3.970
3.897
3.811
3.715
3.613
3.507
3.400
3.294
3.192
3.096
3.008
2.927
2.852
2.784
2.720
2.662
2.610
2.563
2.523
2.489
2.461
2.439
2.420
2.404
2.391
2.380
2.372
2.366
2.363
2.363
2.366
2.372
2.382
2.397
2.416
2.440
2.472
2.512
2.562
2.623
2.698
2.789
2.898
3.030
3.184
3.363
3.565
3.790
4.038
4.309
4.596
4.893
5.196
5.496
5.789
6.065
6.316
6.533
6.708
6.832
6.902
6.918
6.883
6.796
6.659
6.476
6.254
6.000
5.722
5.428
5.125
4.819
4.516
4.224
3.947
3.692
3.461
3.255
3.073
2.917
2.787
2.682
2.601
2.544
2.509
2.494
2.499
2.522
2.559
2.610
2.670
2.739
2.814
2.891
2.969
3.044
3.113
3.175
3.227
3.269
3.298
3.315
3.318
3.307
3.282
3.246
3.198
3.141
3.076
3.003
2.926
2.844
2.760
2.674
2.590
2.507
2.426
2.348
2.274
2.204
2.140
2.082
2.030
1.984
1.944
1.912
1.886
1.869
1.859
1.858
1.865
1.882
1.908
1.943
1.987
2.038
2.097
2.163
2.235
2.311
2.391
2.472
2.554
2.635
2.713
2.787
2.855
2.917
2.969
3.012
3.044
3.065
3.074
3.072
3.058
3.032
2.995
2.947
2.890
2.826
2.756
2.680
2.601
2.520
2.437
2.354
2.273
2.194
2.118
2.047
1.981
1.921
1.868
1.822
1.784
1.753
1.729
1.709
1.694
1.681
1.669
1.659
1.650
1.642
1.635
1.630
1.626
1.624
1.622
1.620
1.616
1.611
1.604
1.593
1.579
1.561
1.541
1.517
1.491
1.463
1.432
1.399
1.365
1.331
1.296
1.261
1.228
1.195
1.163
1.133
1.104
1.076
1.050
1.026
1.003
0.982
0.962
0.943
0.924
0.907
0.890
0.874
0.859
0.844
0.830
0.817
0.804
0.792
0.781
0.770
0.761
0.753
0.747
0.741
0.737
0.735
0.734
0.735
0.737
0.741
0.746
0.753
0.762
0.774
0.787
0.803
0.822
0.843
0.868
0.896
0.928
0.965
1.006
1.052
1.103
1.159
1.221
1.288
1.361
1.440
1.525
1.615
1.709
1.807
1.908
2.011
2.115
2.219
2.322
2.423
2.519
2.610
2.694
2.769
2.835
2.889
2.932
2.963
2.981
2.986
2.977
2.955
2.917
2.867
2.806
2.734
2.652
2.564
2.468
2.368
2.263
2.156
2.049
1.942
1.837
1.735
1.639
1.547
1.461
1.380
1.305
1.236
1.173
1.115
1.064
1.017
0.976
0.938
0.904
0.873
0.845
0.819
0.794
0.771
0.749
0.727
0.706
0.686
0.665
0.644
0.623
0.602
0.581
0.560
0.540
0.521
0.502
0.484
0.467
0.450
0.434
0.420
0.406
0.393
0.382
0.371
0.361
0.351
0.342
0.333
0.324
0.316
0.307
0.298
0.290
0.282
0.274
0.266
0.258
0.251
0.244
0.237
0.231
0.224
0.218
0.213
0.207
0.202
0.197
0.192
0.188
0.183
0.180
0.176
0.173
0.170
0.167
0.165
0.163
0.162
0.160
0.160
0.159
0.159
0.160
0.160
0.161
0.163
0.165
0.167
0.170
0.173
0.177
0.181
0.185
0.190
0.195
0.201
0.206
0.212
0.218
0.225
0.231
0.238
0.244
0.251
0.258
0.265
0.271
0.278
0.286
0.293
0.301
0.310
0.318
0.328
0.338
0.348
0.359
0.370
0.383
0.396
0.409
0.423
0.438
0.453
0.468
0.482
0.497
0.511
0.525
0.538
0.550
0.561
0.571
0.579
0.585
0.590
0.593
0.593
0.591
0.587
0.582
0.574
0.564
0.552
0.539
0.524
0.507
0.488
0.469
0.449
0.428
0.406
0.385
0.363
0.342
0.321
0.300
0.280
0.260
0.241
0.223
0.206
0.190
0.176
0.162
0.149
0.137
0.126
0.116
0.107
0.099
0.092
0.085
0.079
0.073
0.069
0.064
0.060
0.057
0.054
0.051
0.049
0.047
0.045
0.044
0.043
0.042
0.042
0.042
0.042
0.043
0.044
0.045
0.047
0.049
0.051
0.054
0.056
0.060
0.063
0.067
0.071
0.076
0.080
0.085
0.089
0.094
0.099
0.104
0.109
0.113
0.118
0.122
0.126
0.130
0.133
0.136
0.138
0.140
0.142
0.142
0.143
0.143
0.142
0.141
0.139
0.137
0.134
0.131
0.127
0.123
0.119
0.114
0.109
0.104
0.099
0.094
0.088
0.083
0.078
0.072
0.067
0.062
0.058
0.053
0.049
0.045
0.041
0.037
0.034
0.030
0.027
0.025
0.022
0.020
0.018
0.016
0.015
0.013
0.012
0.011
0.010
0.009
0.008
0.007
0.007
0.006
0.006
0.006
0.005
0.005
0.005
0.005
0.005
0.004
0.004
0.004
0.004
0.004
0.004
0.004
0.004
0.004
0.004
0.004
0.004
0.004
0.004
0.004
0.005
0.005
0.005
0.005
0.005
0.005
0.005
0.005
0.005
0.005
0.005
0.005
0.005
0.005
0.005
0.005
0.006
0.006
0.006
0.006
0.006
0.006
0.006
0.006
0.006
0.006
0.006
0.006
0.006
0.005
0.005
0.005
0.005
0.005
0.005
0.005
0.005
0.005
0.005
0.005
0.005
0.005
0.005
0.005
0.005
0.004
0.004
0.004
0.004
0.004
0.004
0.004
0.004
0.004
0.004
0.004
0.004
0.003
0.003
0.003
0.003
0.003
0.003
0.003
0.003
0.003
0.003
0.003
0.003
0.003
0.003
0.003
0.003
0.003
0.003
0.003
0.003
0.003
0.003
0.003
0.003
0.003
0.003
0.003
0.003
0.003
0.003
0.003
0.003
0.003
0.003
0.003
0.003
0.003
0.003
0.003
0.003
0.003
0.003
0.003
0.003
0.003
0.003
0.003
0.003
0.003
0.003
0.003
0.003
0.003
0.003
0.003
0.003
0.003
0.003
0.003
0.003
0.003
0.003
0.003
0.003
0.003
0.003
0.003
0.003
0.003
0.003
0.003
0.003
0.003
0.003
0.003
0.003
0.003
0.003
0.002
0.002
0.002
0.002
0.002
0.002
0.002
0.002
0.002
0.002
0.002
0.002
0.002
0.002
0.002
0.002
0.002
0.002
0.002
0.001
0.001
0.001
0.001
0.001
0.001
0.001
0.001
0.001
0.001
0.001
0.001
0.001
0.001
0.001
0.001
0.001
0.001
0.001
0.001
0.001
0.000
0.000
0.000
0.000
0.000
0.000
0.000
0.000
0.000
0.000
0.000
0.000
0.000
0.000
0.000
0.000
0.000
0.000
0.000
0.000
0.000
0.000
0.000
0.000
0.000
0.000
0.000
0.000
0.000
0.000
0.000
0.000
0.000
0.000
0.000
0.000
0.000
0.000
0.000
0.000
0.000
0.000
0.000
0.000
0.000
0.000
0.000
0.000
0.000
0.000
0.000
0.000
0.000
0.000
0.000
0.000
0.000
0.000
0.000
0.000
0.000
0.000
0.000
0.000
0.000
0.000
0.000
0.000
0.000
0.000
0.000
0.000
0.000
0.000
0.000
0.000
0.000
0.000
0.000
0.000
0.000
0.000
0.000
0.000
0.000
0.000
0.000
0.000
0.000
0.000
0.000
0.000
0.000
0.000
0.000
0.000
0.000
0.000
0.000
0.000
0.000
0.000
0.000
0.000
0.000
0.000
0.000
0.000
0.000
0.000
0.000
0.000
0.000
0.000
0.000
0.000
0.000
$MCA_CAL:
3
-1.4656616 2.9313233 0.00000000000000
$ENER_FIT:
-1.4656616 2.9313233 0.00000000000000
$MCA_CAL_DATA:
3
298 872
597 1749
896 2625
$CAMBIO:
Parent file specification: C:\GADRAS-DRF\Temp\parallelGUI2\226RA_125.0_237.5_lead_0.51_6.5.pcf
Successful read of spectrum: Yes
Error message: None
Warning: None
Information: None
Neutrons: 0
Number of spectral records in the parent file: 1
Record number of this spectrum in the parent file: 1
Date and time of acquisition read successfully from the original file: Yes
Live time read successfully from the original file: Yes
True time read successfully from the original file: Yes
GADRAS Tag character is:  
Version: 130122
Parent file type: Sandia GADRAS PCF
