$SPEC_ID:
226RA,1uC{26,11.02}
$MEAS_TIM:
3600.00 3600.00
$DATE_MEA:
3/9/2018 5:22:25 PM
$DATA:
0 1193
220.053
211.235
197.615
354.539
305.180
257.896
221.483
194.543
178.220
167.828
162.420
157.971
153.498
149.810
145.037
141.105
138.256
137.637
139.638
143.586
152.014
162.115
170.305
171.083
172.323
176.816
180.581
182.757
173.789
165.973
159.901
158.393
158.238
157.341
157.027
157.248
157.774
158.224
156.418
154.298
152.285
150.236
148.135
145.876
144.028
145.056
147.167
149.296
152.382
156.469
161.458
166.140
169.093
169.688
168.041
165.519
162.977
160.750
159.220
158.715
158.786
159.232
159.291
157.733
153.925
149.180
144.822
141.469
139.514
138.907
139.196
139.605
139.289
137.630
134.461
129.975
125.092
121.498
119.048
117.027
115.644
114.241
111.601
107.501
102.290
96.755
91.586
87.261
83.779
80.986
78.700
76.844
75.486
75.117
76.262
78.840
82.560
87.023
91.364
94.128
94.256
91.200
85.345
77.735
69.640
62.343
56.456
52.223
49.536
48.161
47.928
48.755
50.933
54.872
60.661
68.187
76.676
84.977
91.450
94.188
92.509
86.873
78.159
67.750
57.041
47.362
39.767
34.256
30.554
28.271
26.958
26.239
25.801
25.427
25.078
24.737
24.374
23.959
23.503
23.043
22.606
22.179
21.750
21.330
20.941
20.598
20.306
20.066
19.874
19.722
19.601
19.504
19.422
19.345
19.266
19.178
19.082
18.974
18.857
18.733
18.607
18.481
18.358
18.235
18.101
17.949
17.779
17.595
17.401
17.206
17.013
16.830
16.660
16.505
16.365
16.234
16.106
15.981
15.860
15.744
15.627
15.506
15.379
15.248
15.116
14.987
14.865
14.757
14.668
14.614
14.606
14.676
14.871
15.246
15.851
16.745
17.983
19.624
21.723
24.335
27.446
30.912
34.580
38.238
41.559
44.190
45.842
46.417
45.846
44.107
41.381
37.923
33.980
29.821
25.720
21.942
18.643
15.858
13.614
11.908
10.662
9.795
9.221
8.867
8.659
8.528
8.430
8.350
8.274
8.190
8.099
8.004
7.907
7.813
7.727
7.652
7.592
7.544
7.505
7.473
7.445
7.421
7.400
7.380
7.365
7.355
7.353
7.362
7.390
7.441
7.519
7.628
7.768
7.942
8.145
8.369
8.604
8.842
9.067
9.266
9.421
9.523
9.570
9.560
9.494
9.376
9.214
9.019
8.799
8.564
8.324
8.089
7.867
7.660
7.468
7.292
7.130
6.982
6.848
6.727
6.617
6.517
6.424
6.336
6.250
6.166
6.084
6.002
5.921
5.841
5.765
5.695
5.630
5.570
5.515
5.464
5.416
5.372
5.330
5.291
5.255
5.226
5.203
5.191
5.190
5.201
5.222
5.252
5.291
5.335
5.386
5.442
5.500
5.558
5.611
5.653
5.680
5.688
5.677
5.645
5.592
5.516
5.423
5.315
5.197
5.073
4.946
4.820
4.698
4.583
4.478
4.381
4.292
4.210
4.135
4.067
4.007
3.953
3.905
3.864
3.829
3.798
3.772
3.748
3.729
3.712
3.697
3.685
3.675
3.666
3.661
3.658
3.658
3.661
3.668
3.677
3.690
3.707
3.730
3.761
3.803
3.855
3.923
4.010
4.121
4.259
4.427
4.625
4.855
5.115
5.407
5.727
6.067
6.419
6.776
7.130
7.468
7.777
8.043
8.254
8.396
8.470
8.476
8.415
8.287
8.095
7.850
7.559
7.232
6.880
6.511
6.135
5.762
5.401
5.062
4.750
4.467
4.212
3.988
3.794
3.630
3.496
3.390
3.311
3.257
3.227
3.220
3.234
3.266
3.317
3.383
3.461
3.550
3.644
3.743
3.842
3.938
4.028
4.107
4.173
4.222
4.254
4.269
4.266
4.246
4.209
4.156
4.090
4.013
3.926
3.833
3.734
3.632
3.528
3.424
3.322
3.224
3.129
3.038
2.952
2.871
2.796
2.727
2.664
2.609
2.560
2.518
2.484
2.459
2.443
2.436
2.441
2.455
2.481
2.518
2.565
2.623
2.691
2.768
2.853
2.944
3.041
3.141
3.243
3.345
3.443
3.537
3.622
3.697
3.760
3.811
3.849
3.873
3.881
3.874
3.852
3.815
3.765
3.701
3.626
3.540
3.445
3.344
3.240
3.133
3.027
2.923
2.821
2.724
2.632
2.546
2.467
2.396
2.333
2.278
2.232
2.196
2.169
2.149
2.135
2.126
2.120
2.115
2.111
2.108
2.106
2.105
2.105
2.106
2.107
2.108
2.106
2.102
2.094
2.081
2.063
2.041
2.014
1.983
1.947
1.909
1.867
1.823
1.778
1.732
1.687
1.643
1.601
1.561
1.523
1.486
1.452
1.421
1.391
1.364
1.339
1.315
1.293
1.272
1.252
1.233
1.214
1.196
1.179
1.161
1.143
1.126
1.109
1.093
1.077
1.064
1.051
1.040
1.031
1.024
1.018
1.014
1.012
1.011
1.013
1.016
1.021
1.027
1.035
1.044
1.056
1.070
1.086
1.106
1.129
1.155
1.185
1.221
1.261
1.308
1.361
1.422
1.490
1.565
1.649
1.740
1.839
1.947
2.063
2.184
2.312
2.443
2.577
2.713
2.849
2.983
3.113
3.237
3.352
3.457
3.547
3.624
3.684
3.727
3.753
3.758
3.743
3.707
3.651
3.577
3.486
3.382
3.264
3.136
3.000
2.858
2.711
2.564
2.418
2.275
2.138
2.008
1.886
1.772
1.667
1.570
1.483
1.406
1.338
1.278
1.226
1.180
1.139
1.104
1.071
1.042
1.015
0.990
0.966
0.943
0.920
0.896
0.872
0.848
0.824
0.799
0.773
0.748
0.722
0.697
0.671
0.647
0.623
0.600
0.578
0.558
0.540
0.522
0.507
0.492
0.478
0.466
0.454
0.443
0.433
0.423
0.414
0.405
0.395
0.386
0.376
0.367
0.357
0.348
0.339
0.330
0.321
0.313
0.305
0.297
0.289
0.282
0.275
0.269
0.262
0.256
0.251
0.245
0.240
0.236
0.231
0.228
0.224
0.221
0.219
0.216
0.215
0.213
0.212
0.212
0.212
0.213
0.214
0.216
0.218
0.221
0.224
0.228
0.232
0.237
0.243
0.249
0.255
0.262
0.269
0.277
0.284
0.292
0.300
0.307
0.315
0.323
0.330
0.338
0.345
0.353
0.361
0.369
0.376
0.385
0.394
0.403
0.413
0.425
0.437
0.451
0.465
0.481
0.498
0.516
0.535
0.555
0.576
0.597
0.619
0.641
0.662
0.682
0.701
0.718
0.733
0.747
0.758
0.766
0.771
0.773
0.772
0.768
0.759
0.748
0.733
0.715
0.695
0.673
0.648
0.621
0.593
0.564
0.533
0.502
0.472
0.441
0.411
0.382
0.354
0.327
0.301
0.277
0.255
0.234
0.214
0.196
0.180
0.165
0.152
0.140
0.129
0.119
0.111
0.103
0.096
0.089
0.084
0.079
0.074
0.070
0.067
0.063
0.060
0.058
0.055
0.053
0.051
0.050
0.049
0.048
0.048
0.048
0.049
0.050
0.051
0.053
0.055
0.058
0.061
0.065
0.069
0.074
0.079
0.085
0.091
0.097
0.104
0.111
0.118
0.125
0.132
0.139
0.146
0.153
0.159
0.165
0.171
0.176
0.180
0.184
0.187
0.189
0.191
0.191
0.191
0.190
0.188
0.185
0.181
0.177
0.172
0.166
0.160
0.154
0.147
0.139
0.132
0.124
0.116
0.109
0.101
0.094
0.086
0.079
0.073
0.066
0.060
0.054
0.049
0.044
0.040
0.036
0.032
0.029
0.025
0.023
0.020
0.018
0.016
0.015
0.013
0.012
0.011
0.010
0.009
0.008
0.008
0.007
0.007
0.007
0.006
0.006
0.006
0.006
0.006
0.005
0.005
0.005
0.005
0.005
0.005
0.005
0.005
0.005
0.005
0.005
0.005
0.006
0.006
0.006
0.006
0.006
0.006
0.006
0.006
0.006
0.006
0.006
0.007
0.007
0.007
0.007
0.007
0.007
0.007
0.007
0.007
0.007
0.007
0.007
0.007
0.007
0.007
0.007
0.007
0.007
0.007
0.007
0.007
0.007
0.007
0.007
0.007
0.007
0.007
0.007
0.007
0.007
0.007
0.007
0.006
0.006
0.006
0.006
0.006
0.006
0.006
0.006
0.006
0.005
0.005
0.005
0.005
0.005
0.005
0.005
0.005
0.005
0.004
0.004
0.004
0.004
0.004
0.004
0.004
0.004
0.004
0.004
0.004
0.004
0.004
0.004
0.004
0.004
0.004
0.004
0.004
0.004
0.004
0.004
0.004
0.004
0.004
0.004
0.004
0.004
0.004
0.004
0.004
0.004
0.004
0.004
0.004
0.004
0.004
0.004
0.004
0.004
0.004
0.004
0.004
0.004
0.004
0.004
0.004
0.004
0.004
0.004
0.004
0.004
0.004
0.004
0.004
0.004
0.004
0.004
0.004
0.004
0.004
0.004
0.004
0.004
0.004
0.004
0.004
0.004
0.004
0.003
0.003
0.003
0.003
0.003
0.003
0.003
0.003
0.003
0.003
0.003
0.003
0.003
0.003
0.003
0.003
0.003
0.003
0.003
0.003
0.003
0.003
0.002
0.002
0.002
0.002
0.002
0.002
0.002
0.002
0.002
0.002
0.002
0.001
0.001
0.001
0.001
0.001
0.001
0.001
0.001
0.001
0.001
0.001
0.001
0.001
0.001
0.001
0.001
0.001
0.001
0.000
0.000
0.000
0.000
0.000
0.000
0.000
0.000
0.000
0.000
0.000
0.000
0.000
0.000
0.000
0.000
0.000
0.000
0.000
0.000
0.000
0.000
0.000
0.000
0.000
0.000
0.000
0.000
0.000
0.000
0.000
0.000
0.000
0.000
0.000
0.000
0.000
0.000
0.000
0.000
0.000
0.000
0.000
0.000
0.000
0.000
0.000
0.000
0.000
0.000
0.000
0.000
0.000
0.000
0.000
0.000
0.000
0.000
0.000
0.000
0.000
0.000
0.000
0.000
0.000
0.000
0.000
0.000
0.000
0.000
0.000
0.000
0.000
0.000
0.000
0.000
0.000
0.000
0.000
0.000
0.000
0.000
0.000
0.000
0.000
0.000
0.000
0.000
0.000
0.000
0.000
0.000
0.000
0.000
0.000
0.000
0.000
0.000
0.000
0.000
0.000
0.000
0.000
0.000
0.000
0.000
0.000
0.000
0.000
0.000
0.000
0.000
0.000
0.000
0.000
$MCA_CAL:
3
-1.4656616 2.9313233 0.00000000000000
$ENER_FIT:
-1.4656616 2.9313233 0.00000000000000
$MCA_CAL_DATA:
3
298 872
597 1749
896 2625
$CAMBIO:
Parent file specification: C:\GADRAS-DRF\Temp\parallelGUI2\226RA_125.0_175.0_iron_11.02_6.0.pcf
Successful read of spectrum: Yes
Error message: None
Warning: None
Information: None
Neutrons: 0
Number of spectral records in the parent file: 1
Record number of this spectrum in the parent file: 1
Date and time of acquisition read successfully from the original file: Yes
Live time read successfully from the original file: Yes
True time read successfully from the original file: Yes
GADRAS Tag character is:  
Version: 130122
Parent file type: Sandia GADRAS PCF
