$SPEC_ID:
226RA,1uC{26,6.28}
$MEAS_TIM:
3600.00 3600.00
$DATE_MEA:
3/9/2018 5:22:25 PM
$DATA:
0 1193
222.925
216.927
206.548
303.485
252.499
213.175
183.178
161.573
149.368
142.507
139.545
137.316
134.273
131.833
127.849
124.397
121.709
120.389
121.466
124.465
130.438
137.803
144.263
147.180
150.071
154.860
157.435
156.098
147.278
137.974
129.399
124.907
122.087
120.239
119.152
118.716
118.784
118.833
117.225
115.332
113.541
111.733
109.808
107.990
107.146
107.925
109.605
111.451
113.844
117.491
121.677
125.619
128.539
129.804
129.333
127.830
125.988
124.046
122.463
121.437
120.737
120.100
119.012
116.807
113.869
110.891
108.378
106.726
106.203
106.812
108.152
109.324
109.699
108.896
106.740
103.385
99.674
96.217
93.136
90.472
88.195
85.896
83.015
79.467
75.409
71.169
67.106
63.453
60.378
57.915
56.064
54.820
54.212
54.440
55.704
57.829
60.476
63.211
65.534
66.877
66.620
64.531
60.883
56.078
50.753
45.543
40.952
37.419
35.088
33.919
33.897
35.062
37.430
40.918
45.400
50.537
55.824
60.645
64.127
65.422
64.364
61.165
56.176
50.017
43.349
36.787
30.925
26.202
22.586
19.963
18.167
16.984
16.204
15.690
15.327
15.023
14.738
14.441
14.122
13.798
13.487
13.191
12.904
12.624
12.359
12.120
11.918
11.752
11.617
11.508
11.421
11.351
11.293
11.243
11.196
11.148
11.097
11.042
10.981
10.914
10.845
10.772
10.696
10.616
10.529
10.437
10.337
10.230
10.117
10.002
9.885
9.771
9.661
9.557
9.461
9.370
9.284
9.202
9.123
9.047
8.974
8.903
8.832
8.763
8.696
8.640
8.599
8.582
8.604
8.678
8.821
9.059
9.423
9.947
10.659
11.580
12.730
14.126
15.754
17.578
19.566
21.661
23.745
25.688
27.366
28.670
29.516
29.823
29.520
28.649
27.292
25.536
23.471
21.215
18.890
16.614
14.480
12.536
10.825
9.389
8.230
7.317
6.614
6.088
5.705
5.434
5.244
5.105
5.000
4.918
4.851
4.789
4.730
4.675
4.626
4.583
4.546
4.514
4.488
4.465
4.448
4.435
4.428
4.427
4.433
4.447
4.471
4.505
4.551
4.610
4.683
4.772
4.877
4.993
5.119
5.251
5.385
5.516
5.637
5.742
5.824
5.882
5.915
5.920
5.897
5.846
5.772
5.678
5.568
5.445
5.314
5.178
5.041
4.907
4.778
4.656
4.541
4.434
4.335
4.244
4.161
4.084
4.013
3.947
3.884
3.825
3.767
3.710
3.654
3.600
3.549
3.503
3.462
3.425
3.391
3.360
3.331
3.304
3.279
3.258
3.241
3.230
3.223
3.223
3.227
3.237
3.251
3.270
3.291
3.315
3.341
3.367
3.393
3.416
3.435
3.449
3.456
3.455
3.445
3.426
3.397
3.357
3.308
3.251
3.189
3.122
3.052
2.981
2.910
2.841
2.774
2.712
2.653
2.598
2.548
2.501
2.457
2.418
2.382
2.350
2.322
2.298
2.279
2.262
2.248
2.237
2.228
2.220
2.214
2.211
2.210
2.212
2.216
2.225
2.237
2.254
2.276
2.304
2.338
2.380
2.430
2.491
2.564
2.649
2.747
2.858
2.983
3.122
3.275
3.440
3.614
3.796
3.981
4.168
4.352
4.529
4.693
4.839
4.962
5.057
5.122
5.158
5.163
5.138
5.081
4.995
4.882
4.745
4.589
4.417
4.233
4.040
3.843
3.646
3.454
3.269
3.096
2.937
2.792
2.662
2.548
2.451
2.370
2.306
2.257
2.222
2.202
2.195
2.200
2.215
2.240
2.271
2.308
2.349
2.391
2.434
2.477
2.516
2.551
2.580
2.601
2.616
2.623
2.622
2.614
2.598
2.574
2.543
2.506
2.464
2.417
2.366
2.312
2.256
2.198
2.140
2.083
2.026
1.972
1.921
1.872
1.827
1.786
1.749
1.716
1.688
1.666
1.648
1.636
1.629
1.629
1.635
1.646
1.664
1.686
1.715
1.748
1.787
1.829
1.876
1.924
1.974
2.025
2.076
2.126
2.174
2.220
2.261
2.298
2.330
2.355
2.373
2.385
2.390
2.387
2.377
2.359
2.334
2.303
2.266
2.223
2.177
2.127
2.075
2.021
1.966
1.910
1.855
1.802
1.750
1.701
1.655
1.612
1.572
1.537
1.505
1.478
1.455
1.436
1.420
1.406
1.394
1.384
1.375
1.366
1.358
1.350
1.343
1.337
1.331
1.325
1.319
1.313
1.306
1.298
1.288
1.275
1.259
1.241
1.221
1.199
1.175
1.151
1.126
1.101
1.076
1.052
1.028
1.004
0.981
0.958
0.937
0.916
0.896
0.877
0.859
0.841
0.825
0.809
0.794
0.780
0.767
0.754
0.743
0.731
0.720
0.710
0.700
0.691
0.683
0.675
0.669
0.663
0.658
0.655
0.652
0.651
0.651
0.652
0.654
0.657
0.662
0.669
0.677
0.687
0.699
0.713
0.730
0.748
0.770
0.794
0.821
0.851
0.884
0.922
0.962
1.007
1.054
1.106
1.160
1.218
1.279
1.343
1.409
1.477
1.546
1.616
1.685
1.754
1.821
1.885
1.947
2.004
2.057
2.104
2.145
2.178
2.204
2.221
2.230
2.230
2.223
2.207
2.183
2.152
2.113
2.066
2.013
1.956
1.893
1.827
1.758
1.688
1.616
1.544
1.473
1.402
1.333
1.266
1.202
1.141
1.084
1.030
0.980
0.934
0.891
0.851
0.815
0.781
0.750
0.722
0.696
0.672
0.650
0.629
0.609
0.591
0.572
0.555
0.537
0.521
0.504
0.488
0.473
0.458
0.443
0.428
0.414
0.400
0.387
0.374
0.362
0.350
0.340
0.330
0.320
0.311
0.303
0.295
0.287
0.279
0.272
0.265
0.258
0.251
0.244
0.237
0.231
0.224
0.218
0.213
0.207
0.202
0.196
0.191
0.187
0.182
0.178
0.174
0.170
0.166
0.163
0.159
0.156
0.154
0.151
0.149
0.147
0.145
0.144
0.143
0.142
0.141
0.141
0.141
0.141
0.142
0.143
0.144
0.145
0.147
0.149
0.151
0.154
0.157
0.160
0.164
0.167
0.171
0.175
0.180
0.184
0.189
0.194
0.199
0.204
0.210
0.215
0.221
0.227
0.233
0.239
0.245
0.252
0.259
0.266
0.273
0.281
0.289
0.298
0.307
0.316
0.326
0.335
0.345
0.355
0.365
0.375
0.385
0.394
0.403
0.412
0.420
0.427
0.434
0.440
0.444
0.447
0.449
0.450
0.450
0.448
0.445
0.441
0.435
0.428
0.420
0.411
0.400
0.389
0.377
0.363
0.350
0.336
0.321
0.306
0.291
0.276
0.261
0.246
0.232
0.217
0.203
0.190
0.177
0.165
0.154
0.143
0.132
0.123
0.114
0.105
0.098
0.091
0.084
0.078
0.073
0.068
0.063
0.060
0.056
0.053
0.050
0.048
0.046
0.044
0.042
0.041
0.040
0.040
0.040
0.040
0.040
0.040
0.041
0.042
0.043
0.045
0.046
0.048
0.051
0.053
0.055
0.058
0.061
0.064
0.067
0.070
0.073
0.077
0.080
0.083
0.086
0.089
0.092
0.095
0.097
0.100
0.102
0.103
0.105
0.106
0.107
0.107
0.107
0.107
0.107
0.106
0.105
0.103
0.101
0.099
0.097
0.094
0.091
0.088
0.085
0.081
0.078
0.074
0.071
0.067
0.063
0.060
0.056
0.052
0.049
0.046
0.042
0.039
0.036
0.033
0.031
0.028
0.026
0.023
0.021
0.019
0.018
0.016
0.015
0.013
0.012
0.011
0.010
0.009
0.008
0.008
0.007
0.007
0.006
0.006
0.005
0.005
0.005
0.004
0.004
0.004
0.004
0.004
0.004
0.004
0.004
0.004
0.004
0.004
0.004
0.004
0.004
0.004
0.004
0.004
0.004
0.004
0.004
0.004
0.004
0.004
0.004
0.004
0.004
0.004
0.004
0.004
0.004
0.004
0.004
0.004
0.004
0.004
0.004
0.005
0.005
0.005
0.005
0.005
0.005
0.004
0.004
0.004
0.004
0.004
0.004
0.004
0.004
0.004
0.004
0.004
0.004
0.004
0.004
0.004
0.004
0.004
0.004
0.004
0.004
0.004
0.004
0.004
0.003
0.003
0.003
0.003
0.003
0.003
0.003
0.003
0.003
0.003
0.003
0.003
0.003
0.003
0.003
0.003
0.003
0.003
0.003
0.002
0.002
0.002
0.002
0.002
0.002
0.002
0.002
0.002
0.002
0.002
0.002
0.002
0.002
0.002
0.002
0.002
0.002
0.002
0.002
0.002
0.002
0.002
0.002
0.002
0.002
0.002
0.002
0.002
0.002
0.002
0.002
0.002
0.002
0.002
0.002
0.002
0.002
0.002
0.002
0.002
0.002
0.002
0.002
0.002
0.002
0.002
0.002
0.002
0.002
0.002
0.002
0.002
0.002
0.002
0.002
0.002
0.002
0.002
0.002
0.002
0.002
0.002
0.002
0.002
0.002
0.002
0.002
0.002
0.002
0.002
0.002
0.002
0.002
0.002
0.002
0.002
0.002
0.002
0.002
0.002
0.002
0.001
0.001
0.001
0.001
0.001
0.001
0.001
0.001
0.001
0.001
0.001
0.001
0.001
0.001
0.001
0.001
0.001
0.001
0.001
0.001
0.001
0.001
0.001
0.001
0.000
0.000
0.000
0.000
0.000
0.000
0.000
0.000
0.000
0.000
0.000
0.000
0.000
0.000
0.000
0.000
0.000
0.000
0.000
0.000
0.000
0.000
0.000
0.000
0.000
0.000
0.000
0.000
0.000
0.000
0.000
0.000
0.000
0.000
0.000
0.000
0.000
0.000
0.000
0.000
0.000
0.000
0.000
0.000
0.000
0.000
0.000
0.000
0.000
0.000
0.000
0.000
0.000
0.000
0.000
0.000
0.000
0.000
0.000
0.000
0.000
0.000
0.000
0.000
0.000
0.000
0.000
0.000
0.000
0.000
0.000
0.000
0.000
0.000
0.000
0.000
0.000
0.000
0.000
0.000
0.000
0.000
0.000
0.000
0.000
0.000
0.000
0.000
0.000
0.000
0.000
0.000
0.000
0.000
0.000
0.000
0.000
0.000
0.000
0.000
0.000
0.000
0.000
0.000
0.000
0.000
0.000
0.000
0.000
0.000
0.000
0.000
0.000
0.000
0.000
0.000
0.000
0.000
0.000
$MCA_CAL:
3
-1.4656616 2.9313233 0.00000000000000
$ENER_FIT:
-1.4656616 2.9313233 0.00000000000000
$MCA_CAL_DATA:
3
298 872
597 1749
896 2625
$CAMBIO:
Parent file specification: C:\GADRAS-DRF\Temp\parallelGUI2\226RA_150.0_237.5_iron_6.28_7.0.pcf
Successful read of spectrum: Yes
Error message: None
Warning: None
Information: None
Neutrons: 0
Number of spectral records in the parent file: 1
Record number of this spectrum in the parent file: 1
Date and time of acquisition read successfully from the original file: Yes
Live time read successfully from the original file: Yes
True time read successfully from the original file: Yes
GADRAS Tag character is:  
Version: 130122
Parent file type: Sandia GADRAS PCF
