$SPEC_ID:
226RA,1uC{13,4.18}
$MEAS_TIM:
3600.00 3600.00
$DATE_MEA:
3/9/2018 5:22:25 PM
$DATA:
0 1193
260.111
260.490
248.953
320.286
284.931
239.275
205.309
179.894
166.340
158.814
157.037
157.239
158.592
162.297
166.271
169.480
169.142
169.081
173.064
180.182
187.916
196.133
205.104
212.303
221.041
225.868
219.586
203.953
184.051
166.195
152.524
142.168
135.372
130.775
127.731
125.901
124.734
123.420
121.436
119.060
116.912
114.992
113.220
111.532
110.168
109.787
109.987
110.425
111.335
112.770
114.481
115.986
116.942
117.182
116.750
115.911
114.963
114.078
113.381
112.931
112.532
111.870
110.557
108.302
105.015
101.323
98.390
96.717
96.367
97.093
98.501
100.062
101.243
101.656
101.058
99.626
97.634
95.263
92.657
89.861
86.877
83.632
80.032
76.120
72.041
67.963
64.084
60.571
57.541
55.082
53.218
51.949
51.296
51.300
51.921
52.978
54.258
55.473
56.305
56.494
55.851
54.244
51.802
48.740
45.328
41.905
38.804
36.245
34.395
33.380
33.218
33.912
35.383
37.484
40.046
42.807
45.455
47.676
49.141
49.512
48.604
46.565
43.601
39.951
35.919
31.814
27.896
24.357
21.382
19.033
17.222
15.853
14.835
14.083
13.515
13.063
12.686
12.346
12.016
11.695
11.384
11.085
10.799
10.528
10.273
10.037
9.823
9.634
9.468
9.323
9.195
9.080
8.977
8.882
8.792
8.706
8.620
8.533
8.443
8.351
8.257
8.162
8.066
7.968
7.867
7.764
7.658
7.550
7.440
7.328
7.218
7.109
7.003
6.901
6.802
6.707
6.616
6.529
6.447
6.371
6.300
6.235
6.176
6.123
6.083
6.059
6.059
6.090
6.162
6.289
6.483
6.757
7.121
7.589
8.173
8.879
9.701
10.631
11.658
12.766
13.914
15.057
16.145
17.133
17.972
18.615
19.013
19.124
18.946
18.505
17.824
16.931
15.861
14.667
13.402
12.116
10.856
9.651
8.531
7.522
6.649
5.912
5.297
4.794
4.390
4.071
3.825
3.637
3.493
3.381
3.294
3.226
3.172
3.128
3.089
3.056
3.028
3.004
2.984
2.969
2.957
2.951
2.949
2.953
2.963
2.979
3.001
3.031
3.069
3.113
3.164
3.222
3.285
3.354
3.425
3.497
3.568
3.634
3.695
3.748
3.791
3.822
3.839
3.842
3.832
3.808
3.773
3.726
3.668
3.603
3.531
3.454
3.375
3.294
3.213
3.134
3.057
2.984
2.915
2.850
2.789
2.732
2.678
2.628
2.581
2.536
2.494
2.454
2.415
2.378
2.343
2.312
2.283
2.259
2.237
2.219
2.203
2.189
2.176
2.165
2.155
2.147
2.142
2.140
2.142
2.147
2.154
2.163
2.173
2.184
2.195
2.204
2.213
2.220
2.225
2.227
2.226
2.222
2.214
2.201
2.183
2.160
2.132
2.100
2.065
2.028
1.990
1.950
1.910
1.870
1.830
1.792
1.754
1.718
1.685
1.653
1.623
1.596
1.571
1.550
1.530
1.513
1.499
1.486
1.476
1.467
1.461
1.457
1.455
1.455
1.458
1.463
1.471
1.483
1.498
1.517
1.541
1.569
1.602
1.641
1.685
1.736
1.793
1.856
1.927
2.003
2.085
2.172
2.264
2.360
2.459
2.560
2.659
2.756
2.849
2.936
3.015
3.085
3.144
3.192
3.225
3.243
3.246
3.233
3.206
3.165
3.111
3.046
2.969
2.883
2.790
2.692
2.590
2.486
2.384
2.283
2.186
2.093
2.006
1.925
1.852
1.787
1.730
1.683
1.643
1.612
1.587
1.571
1.562
1.558
1.560
1.567
1.577
1.589
1.603
1.618
1.633
1.647
1.661
1.672
1.680
1.686
1.687
1.686
1.680
1.671
1.659
1.644
1.625
1.603
1.579
1.553
1.524
1.495
1.464
1.434
1.403
1.372
1.342
1.313
1.285
1.260
1.236
1.215
1.197
1.181
1.168
1.159
1.152
1.149
1.149
1.153
1.159
1.169
1.181
1.197
1.214
1.234
1.256
1.280
1.304
1.330
1.355
1.380
1.404
1.427
1.449
1.469
1.486
1.501
1.513
1.522
1.527
1.529
1.527
1.522
1.514
1.502
1.487
1.469
1.448
1.425
1.399
1.371
1.343
1.313
1.284
1.254
1.224
1.195
1.167
1.140
1.115
1.091
1.069
1.049
1.032
1.015
1.001
0.987
0.974
0.962
0.951
0.940
0.930
0.920
0.910
0.901
0.893
0.885
0.878
0.871
0.864
0.857
0.850
0.842
0.833
0.824
0.813
0.802
0.789
0.776
0.762
0.747
0.733
0.718
0.703
0.688
0.674
0.659
0.645
0.632
0.618
0.605
0.593
0.581
0.569
0.558
0.548
0.538
0.528
0.519
0.510
0.502
0.494
0.487
0.481
0.475
0.469
0.464
0.460
0.457
0.454
0.452
0.451
0.450
0.451
0.452
0.455
0.458
0.462
0.468
0.474
0.482
0.492
0.502
0.514
0.528
0.544
0.561
0.579
0.600
0.622
0.645
0.671
0.699
0.728
0.759
0.791
0.825
0.860
0.895
0.932
0.969
1.006
1.044
1.081
1.117
1.153
1.187
1.220
1.250
1.278
1.303
1.325
1.344
1.359
1.371
1.380
1.385
1.385
1.382
1.374
1.362
1.347
1.328
1.306
1.281
1.253
1.223
1.190
1.156
1.120
1.083
1.045
1.007
0.968
0.929
0.891
0.853
0.817
0.782
0.748
0.715
0.683
0.653
0.625
0.598
0.572
0.549
0.526
0.506
0.486
0.468
0.450
0.434
0.419
0.404
0.390
0.376
0.364
0.351
0.339
0.328
0.317
0.307
0.297
0.287
0.278
0.269
0.260
0.252
0.244
0.237
0.230
0.223
0.216
0.210
0.204
0.198
0.193
0.188
0.183
0.178
0.173
0.168
0.164
0.159
0.155
0.151
0.147
0.143
0.139
0.135
0.132
0.129
0.126
0.123
0.120
0.117
0.115
0.113
0.111
0.109
0.107
0.106
0.104
0.103
0.102
0.101
0.101
0.100
0.100
0.100
0.100
0.100
0.100
0.101
0.102
0.103
0.104
0.105
0.107
0.108
0.110
0.112
0.115
0.117
0.120
0.122
0.125
0.128
0.131
0.135
0.138
0.142
0.146
0.149
0.153
0.158
0.162
0.166
0.171
0.175
0.180
0.185
0.190
0.195
0.200
0.206
0.211
0.216
0.221
0.227
0.232
0.237
0.242
0.247
0.252
0.257
0.261
0.265
0.268
0.271
0.274
0.276
0.277
0.278
0.278
0.278
0.277
0.276
0.274
0.272
0.268
0.265
0.260
0.255
0.250
0.244
0.238
0.231
0.224
0.217
0.210
0.202
0.194
0.186
0.178
0.170
0.162
0.154
0.146
0.138
0.131
0.123
0.116
0.110
0.103
0.097
0.091
0.085
0.080
0.075
0.070
0.066
0.062
0.058
0.054
0.051
0.048
0.046
0.044
0.042
0.040
0.038
0.037
0.036
0.035
0.034
0.034
0.034
0.034
0.034
0.034
0.034
0.035
0.036
0.037
0.038
0.039
0.040
0.041
0.042
0.044
0.045
0.047
0.048
0.050
0.051
0.053
0.054
0.055
0.057
0.058
0.059
0.060
0.061
0.062
0.063
0.063
0.064
0.064
0.064
0.064
0.064
0.064
0.064
0.063
0.062
0.061
0.060
0.059
0.058
0.057
0.055
0.054
0.052
0.050
0.048
0.046
0.045
0.043
0.041
0.039
0.037
0.035
0.033
0.031
0.029
0.028
0.026
0.024
0.023
0.021
0.020
0.018
0.017
0.016
0.015
0.013
0.012
0.011
0.011
0.010
0.009
0.008
0.008
0.007
0.006
0.006
0.006
0.005
0.005
0.005
0.004
0.004
0.004
0.004
0.003
0.003
0.003
0.003
0.003
0.003
0.003
0.003
0.003
0.003
0.003
0.003
0.003
0.003
0.003
0.003
0.003
0.003
0.003
0.003
0.003
0.003
0.003
0.003
0.003
0.003
0.003
0.003
0.003
0.003
0.003
0.003
0.003
0.003
0.003
0.003
0.003
0.003
0.003
0.003
0.003
0.003
0.003
0.003
0.003
0.003
0.003
0.003
0.003
0.003
0.003
0.003
0.003
0.003
0.003
0.003
0.003
0.002
0.002
0.002
0.002
0.002
0.002
0.002
0.002
0.002
0.002
0.002
0.002
0.002
0.002
0.002
0.002
0.002
0.002
0.002
0.002
0.002
0.002
0.002
0.002
0.002
0.002
0.002
0.002
0.002
0.002
0.002
0.002
0.002
0.002
0.002
0.002
0.002
0.002
0.002
0.002
0.002
0.002
0.002
0.002
0.002
0.002
0.002
0.002
0.002
0.002
0.002
0.002
0.002
0.002
0.002
0.002
0.002
0.002
0.002
0.002
0.002
0.002
0.002
0.002
0.002
0.002
0.002
0.002
0.002
0.002
0.002
0.002
0.002
0.002
0.002
0.001
0.001
0.001
0.001
0.001
0.001
0.001
0.001
0.001
0.001
0.001
0.001
0.001
0.001
0.001
0.001
0.001
0.001
0.001
0.001
0.001
0.001
0.001
0.001
0.001
0.001
0.001
0.001
0.001
0.001
0.001
0.001
0.001
0.001
0.001
0.001
0.001
0.001
0.001
0.001
0.001
0.001
0.001
0.001
0.001
0.001
0.001
0.001
0.000
0.000
0.000
0.000
0.000
0.000
0.000
0.000
0.000
0.000
0.000
0.000
0.000
0.000
0.000
0.000
0.000
0.000
0.000
0.000
0.000
0.000
0.000
0.000
0.000
0.000
0.000
0.000
0.000
0.000
0.000
0.000
0.000
0.000
0.000
0.000
0.000
0.000
0.000
0.000
0.000
0.000
0.000
0.000
0.000
0.000
0.000
0.000
0.000
0.000
0.000
0.000
0.000
0.000
0.000
0.000
0.000
0.000
0.000
0.000
0.000
0.000
0.000
0.000
0.000
0.000
0.000
0.000
0.000
0.000
0.000
0.000
0.000
0.000
0.000
0.000
0.000
0.000
0.000
0.000
0.000
0.000
0.000
0.000
0.000
0.000
0.000
0.000
0.000
0.000
0.000
0.000
0.000
0.000
0.000
0.000
0.000
0.000
0.000
0.000
0.000
0.000
0.000
0.000
0.000
0.000
0.000
0.000
0.000
0.000
0.000
0.000
0.000
0.000
0.000
0.000
0.000
0.000
0.000
0.000
0.000
0.000
0.000
0.000
0.000
$MCA_CAL:
3
-1.4656616 2.9313233 0.00000000000000
$ENER_FIT:
-1.4656616 2.9313233 0.00000000000000
$MCA_CAL_DATA:
3
298 872
597 1749
896 2625
$CAMBIO:
Parent file specification: C:\GADRAS-DRF\Temp\parallelGUI2\226RA_75.0_300.0_alum_4.18_8.0.pcf
Successful read of spectrum: Yes
Error message: None
Warning: None
Information: None
Neutrons: 0
Number of spectral records in the parent file: 1
Record number of this spectrum in the parent file: 1
Date and time of acquisition read successfully from the original file: Yes
Live time read successfully from the original file: Yes
True time read successfully from the original file: Yes
GADRAS Tag character is:  
Version: 130122
Parent file type: Sandia GADRAS PCF
