$SPEC_ID:
226RA,1uC{13,4.18}
$MEAS_TIM:
3600.00 3600.00
$DATE_MEA:
3/9/2018 5:22:25 PM
$DATA:
0 1193
453.314
453.411
433.185
554.084
494.928
419.228
362.160
317.440
293.105
278.572
274.695
275.235
279.336
289.056
301.205
311.194
309.629
306.957
314.597
329.390
344.601
361.274
383.384
407.676
439.742
460.945
450.768
414.422
367.544
326.562
295.549
271.655
255.239
243.865
236.584
232.604
230.198
227.839
224.563
220.636
216.876
213.113
208.972
205.376
203.840
204.766
207.031
209.943
213.936
219.060
224.677
229.590
232.776
233.699
232.507
230.143
227.600
225.274
223.514
222.586
221.959
220.860
218.689
215.174
210.513
205.300
200.419
196.640
194.561
194.218
195.279
196.656
197.173
196.265
193.712
190.009
185.804
181.500
177.382
173.433
169.487
165.073
159.623
153.088
145.788
138.119
130.554
123.543
117.499
112.775
109.509
107.766
107.634
109.219
112.427
116.796
121.773
126.553
130.223
132.019
131.342
127.761
121.652
113.645
104.537
95.329
87.004
80.238
75.560
73.360
73.667
76.456
81.508
88.431
96.771
105.749
114.412
121.811
126.980
128.946
127.153
121.998
114.029
103.929
92.623
81.047
69.980
59.991
51.618
45.050
40.043
36.334
33.661
31.773
30.421
29.403
28.599
27.890
27.198
26.524
25.875
25.258
24.676
24.127
23.613
23.142
22.723
22.365
22.067
21.823
21.621
21.455
21.316
21.197
21.089
20.986
20.883
20.772
20.652
20.522
20.382
20.232
20.071
19.899
19.714
19.518
19.311
19.095
18.872
18.645
18.418
18.196
17.981
17.774
17.574
17.384
17.203
17.032
16.871
16.723
16.588
16.467
16.362
16.276
16.222
16.219
16.283
16.437
16.713
17.150
17.785
18.655
19.795
21.242
23.029
25.181
27.674
30.483
33.576
36.905
40.352
43.776
47.041
50.005
52.531
54.473
55.688
56.049
55.552
54.270
52.277
49.651
46.498
42.975
39.239
35.441
31.719
28.162
24.854
21.876
19.301
17.127
15.318
13.838
12.651
11.718
11.000
10.454
10.039
9.717
9.468
9.276
9.126
9.004
8.899
8.810
8.735
8.672
8.622
8.583
8.557
8.545
8.547
8.566
8.601
8.655
8.728
8.822
8.937
9.073
9.229
9.404
9.598
9.805
10.021
10.239
10.452
10.653
10.837
10.998
11.129
11.225
11.280
11.293
11.265
11.199
11.097
10.960
10.793
10.601
10.389
10.164
9.930
9.693
9.455
9.221
8.995
8.779
8.576
8.386
8.207
8.039
7.882
7.734
7.596
7.465
7.341
7.222
7.108
7.000
6.899
6.806
6.723
6.650
6.588
6.535
6.488
6.447
6.410
6.377
6.348
6.326
6.311
6.306
6.312
6.327
6.349
6.377
6.408
6.440
6.472
6.501
6.528
6.549
6.564
6.571
6.569
6.556
6.531
6.493
6.440
6.372
6.290
6.197
6.094
5.985
5.870
5.753
5.635
5.516
5.399
5.285
5.174
5.068
4.968
4.874
4.786
4.706
4.634
4.569
4.512
4.461
4.418
4.381
4.350
4.325
4.306
4.294
4.288
4.289
4.297
4.314
4.338
4.373
4.418
4.475
4.544
4.627
4.726
4.840
4.971
5.121
5.290
5.478
5.687
5.912
6.154
6.412
6.685
6.970
7.264
7.560
7.855
8.142
8.416
8.674
8.908
9.116
9.292
9.432
9.531
9.586
9.593
9.555
9.474
9.354
9.196
9.002
8.775
8.521
8.246
7.954
7.652
7.347
7.043
6.745
6.458
6.183
5.925
5.685
5.468
5.276
5.110
4.969
4.851
4.758
4.687
4.638
4.610
4.600
4.606
4.625
4.655
4.691
4.734
4.777
4.822
4.864
4.903
4.936
4.962
4.978
4.983
4.977
4.961
4.935
4.899
4.853
4.798
4.734
4.662
4.584
4.501
4.414
4.324
4.232
4.141
4.050
3.961
3.875
3.794
3.718
3.648
3.586
3.532
3.486
3.448
3.420
3.400
3.391
3.392
3.402
3.421
3.450
3.486
3.531
3.583
3.643
3.708
3.778
3.850
3.925
4.000
4.074
4.146
4.214
4.278
4.336
4.388
4.432
4.468
4.494
4.510
4.515
4.510
4.496
4.471
4.436
4.392
4.338
4.276
4.206
4.130
4.049
3.965
3.878
3.790
3.701
3.614
3.529
3.446
3.366
3.291
3.220
3.156
3.098
3.045
2.997
2.953
2.913
2.876
2.841
2.807
2.775
2.744
2.715
2.686
2.660
2.635
2.612
2.590
2.570
2.549
2.529
2.507
2.484
2.459
2.431
2.400
2.365
2.328
2.289
2.247
2.205
2.162
2.118
2.074
2.031
1.988
1.946
1.904
1.864
1.824
1.786
1.749
1.714
1.680
1.647
1.616
1.586
1.558
1.531
1.505
1.481
1.458
1.437
1.417
1.400
1.384
1.369
1.357
1.347
1.338
1.333
1.329
1.328
1.329
1.333
1.340
1.350
1.363
1.379
1.399
1.422
1.450
1.481
1.517
1.558
1.603
1.653
1.708
1.768
1.834
1.904
1.980
2.061
2.148
2.239
2.335
2.434
2.537
2.643
2.751
2.860
2.970
3.081
3.191
3.299
3.404
3.504
3.600
3.690
3.772
3.846
3.912
3.967
4.014
4.049
4.074
4.088
4.089
4.079
4.057
4.022
3.977
3.921
3.856
3.782
3.700
3.610
3.515
3.414
3.308
3.198
3.086
2.972
2.857
2.744
2.630
2.520
2.412
2.308
2.208
2.111
2.018
1.929
1.845
1.765
1.690
1.619
1.554
1.492
1.435
1.380
1.329
1.281
1.236
1.192
1.151
1.111
1.073
1.036
1.001
0.968
0.936
0.905
0.876
0.847
0.820
0.794
0.768
0.744
0.721
0.699
0.678
0.658
0.638
0.620
0.602
0.585
0.569
0.554
0.539
0.524
0.510
0.496
0.483
0.469
0.457
0.444
0.432
0.421
0.410
0.399
0.389
0.379
0.370
0.362
0.354
0.346
0.339
0.333
0.327
0.321
0.316
0.312
0.308
0.304
0.301
0.299
0.297
0.295
0.294
0.294
0.294
0.294
0.296
0.297
0.300
0.303
0.306
0.310
0.314
0.319
0.325
0.331
0.338
0.345
0.353
0.361
0.369
0.378
0.388
0.398
0.408
0.418
0.430
0.441
0.453
0.465
0.477
0.490
0.504
0.517
0.531
0.546
0.561
0.576
0.591
0.606
0.622
0.637
0.653
0.669
0.684
0.700
0.715
0.730
0.743
0.757
0.769
0.781
0.791
0.800
0.807
0.813
0.817
0.820
0.821
0.821
0.818
0.814
0.809
0.801
0.792
0.781
0.768
0.753
0.738
0.720
0.702
0.682
0.662
0.641
0.619
0.596
0.573
0.549
0.526
0.502
0.478
0.454
0.431
0.408
0.386
0.364
0.343
0.323
0.304
0.286
0.268
0.251
0.235
0.221
0.207
0.194
0.182
0.170
0.160
0.151
0.143
0.135
0.128
0.122
0.117
0.113
0.109
0.106
0.103
0.102
0.100
0.099
0.099
0.100
0.100
0.102
0.103
0.105
0.108
0.111
0.114
0.117
0.121
0.125
0.129
0.133
0.137
0.142
0.146
0.151
0.155
0.159
0.163
0.167
0.171
0.175
0.178
0.181
0.183
0.186
0.187
0.189
0.190
0.190
0.190
0.190
0.189
0.188
0.186
0.184
0.181
0.178
0.175
0.171
0.167
0.163
0.158
0.153
0.148
0.143
0.137
0.132
0.126
0.120
0.115
0.109
0.103
0.098
0.092
0.087
0.081
0.076
0.071
0.067
0.062
0.058
0.054
0.050
0.046
0.043
0.040
0.036
0.034
0.031
0.029
0.026
0.024
0.022
0.021
0.019
0.018
0.016
0.015
0.014
0.013
0.013
0.012
0.011
0.011
0.010
0.010
0.009
0.009
0.009
0.009
0.008
0.008
0.008
0.008
0.008
0.008
0.008
0.008
0.008
0.008
0.008
0.008
0.008
0.008
0.008
0.008
0.008
0.008
0.008
0.008
0.008
0.008
0.008
0.009
0.009
0.009
0.009
0.009
0.009
0.009
0.009
0.009
0.009
0.009
0.009
0.008
0.008
0.008
0.008
0.008
0.008
0.008
0.008
0.008
0.008
0.008
0.008
0.008
0.008
0.007
0.007
0.007
0.007
0.007
0.007
0.007
0.007
0.007
0.007
0.006
0.006
0.006
0.006
0.006
0.006
0.006
0.006
0.006
0.006
0.006
0.005
0.005
0.005
0.005
0.005
0.005
0.005
0.005
0.005
0.005
0.005
0.005
0.005
0.005
0.005
0.005
0.005
0.005
0.005
0.005
0.005
0.005
0.005
0.005
0.005
0.005
0.005
0.005
0.005
0.005
0.005
0.005
0.005
0.005
0.005
0.005
0.005
0.005
0.005
0.005
0.005
0.005
0.005
0.005
0.005
0.005
0.005
0.005
0.005
0.005
0.005
0.005
0.004
0.004
0.004
0.004
0.004
0.004
0.004
0.004
0.004
0.004
0.004
0.004
0.004
0.004
0.004
0.004
0.004
0.004
0.004
0.004
0.004
0.004
0.004
0.004
0.004
0.003
0.003
0.003
0.003
0.003
0.003
0.003
0.003
0.003
0.003
0.003
0.003
0.003
0.003
0.002
0.002
0.002
0.002
0.002
0.002
0.002
0.002
0.002
0.002
0.002
0.002
0.002
0.001
0.001
0.001
0.001
0.001
0.001
0.001
0.001
0.001
0.001
0.001
0.001
0.001
0.001
0.001
0.001
0.001
0.001
0.001
0.001
0.000
0.000
0.000
0.000
0.000
0.000
0.000
0.000
0.000
0.000
0.000
0.000
0.000
0.000
0.000
0.000
0.000
0.000
0.000
0.000
0.000
0.000
0.000
0.000
0.000
0.000
0.000
0.000
0.000
0.000
0.000
0.000
0.000
0.000
0.000
0.000
0.000
0.000
0.000
0.000
0.000
0.000
0.000
0.000
0.000
0.000
0.000
0.000
0.000
0.000
0.000
0.000
0.000
0.000
0.000
0.000
0.000
0.000
0.000
0.000
0.000
0.000
0.000
0.000
0.000
0.000
0.000
0.000
0.000
0.000
0.000
0.000
0.000
0.000
0.000
0.000
0.000
0.000
0.000
0.000
0.000
0.000
0.000
0.000
0.000
0.000
0.000
0.000
0.000
0.000
0.000
0.000
0.000
0.000
0.000
0.000
0.000
0.000
0.000
0.000
0.000
0.000
0.000
0.000
0.000
$MCA_CAL:
3
-1.4656616 2.9313233 0.00000000000000
$ENER_FIT:
-1.4656616 2.9313233 0.00000000000000
$MCA_CAL_DATA:
3
298 872
597 1749
896 2625
$CAMBIO:
Parent file specification: C:\GADRAS-DRF\Temp\parallelGUI2\226RA_100.0_175.0_alum_4.18_8.0.pcf
Successful read of spectrum: Yes
Error message: None
Warning: None
Information: None
Neutrons: 0
Number of spectral records in the parent file: 1
Record number of this spectrum in the parent file: 1
Date and time of acquisition read successfully from the original file: Yes
Live time read successfully from the original file: Yes
True time read successfully from the original file: Yes
GADRAS Tag character is:  
Version: 130122
Parent file type: Sandia GADRAS PCF
