$SPEC_ID:
238U,1uC{0,0}
$MEAS_TIM:
3600.00 3600.00
$DATE_MEA:
3/9/2018 5:22:25 PM
$DATA:
0 1193
8.915
18.331
45.189
469.014
1558.630
1989.842
920.969
158.668
6.643
0.216
0.180
0.251
0.717
2.412
6.782
14.111
19.259
15.944
7.816
2.475
0.871
0.757
0.874
1.022
1.269
1.689
2.376
3.484
5.096
6.955
8.377
8.647
7.646
6.003
4.557
3.698
3.278
2.967
2.543
1.979
1.375
0.848
0.470
0.243
0.130
0.084
0.068
0.064
0.063
0.062
0.062
0.062
0.062
0.062
0.062
0.063
0.063
0.063
0.064
0.065
0.066
0.067
0.069
0.070
0.072
0.074
0.075
0.075
0.075
0.075
0.073
0.072
0.070
0.067
0.065
0.063
0.061
0.060
0.059
0.058
0.057
0.056
0.055
0.055
0.055
0.055
0.055
0.055
0.055
0.055
0.055
0.055
0.056
0.056
0.056
0.056
0.056
0.057
0.057
0.057
0.057
0.057
0.057
0.057
0.057
0.057
0.057
0.057
0.057
0.057
0.057
0.057
0.057
0.057
0.057
0.056
0.056
0.056
0.056
0.056
0.055
0.055
0.055
0.055
0.054
0.054
0.054
0.054
0.053
0.053
0.053
0.053
0.052
0.052
0.052
0.052
0.051
0.051
0.051
0.051
0.050
0.050
0.050
0.050
0.049
0.049
0.049
0.049
0.049
0.048
0.048
0.048
0.048
0.048
0.048
0.047
0.047
0.047
0.047
0.047
0.047
0.047
0.047
0.047
0.047
0.047
0.047
0.047
0.047
0.047
0.047
0.047
0.047
0.047
0.047
0.047
0.047
0.047
0.047
0.047
0.047
0.047
0.046
0.046
0.046
0.046
0.046
0.046
0.046
0.046
0.045
0.045
0.045
0.044
0.044
0.044
0.043
0.043
0.043
0.042
0.042
0.041
0.041
0.040
0.040
0.040
0.039
0.039
0.039
0.038
0.038
0.038
0.038
0.037
0.037
0.037
0.037
0.037
0.037
0.037
0.037
0.037
0.037
0.037
0.036
0.036
0.036
0.036
0.036
0.036
0.036
0.036
0.036
0.036
0.036
0.036
0.036
0.036
0.036
0.035
0.035
0.035
0.035
0.035
0.035
0.035
0.035
0.036
0.036
0.036
0.037
0.037
0.038
0.039
0.041
0.043
0.044
0.047
0.049
0.052
0.054
0.057
0.060
0.063
0.066
0.068
0.071
0.073
0.074
0.075
0.076
0.076
0.075
0.074
0.072
0.070
0.068
0.065
0.061
0.058
0.054
0.051
0.047
0.044
0.040
0.037
0.035
0.032
0.030
0.027
0.026
0.024
0.023
0.022
0.021
0.020
0.019
0.019
0.019
0.018
0.018
0.019
0.019
0.019
0.019
0.020
0.021
0.021
0.022
0.023
0.025
0.026
0.027
0.029
0.030
0.032
0.034
0.035
0.037
0.039
0.040
0.042
0.044
0.045
0.047
0.048
0.049
0.051
0.052
0.053
0.053
0.054
0.055
0.055
0.055
0.055
0.055
0.054
0.054
0.053
0.051
0.050
0.048
0.047
0.045
0.043
0.041
0.039
0.037
0.035
0.033
0.031
0.029
0.027
0.026
0.025
0.023
0.023
0.022
0.021
0.021
0.021
0.021
0.022
0.022
0.023
0.023
0.024
0.025
0.026
0.027
0.028
0.028
0.029
0.030
0.031
0.032
0.032
0.033
0.033
0.033
0.033
0.033
0.033
0.032
0.032
0.031
0.030
0.029
0.028
0.027
0.026
0.025
0.024
0.022
0.021
0.020
0.018
0.017
0.016
0.015
0.014
0.013
0.012
0.011
0.011
0.010
0.010
0.009
0.009
0.008
0.008
0.008
0.008
0.007
0.007
0.007
0.007
0.007
0.007
0.007
0.007
0.007
0.007
0.007
0.007
0.007
0.007
0.007
0.007
0.007
0.007
0.007
0.007
0.007
0.006
0.006
0.006
0.006
0.006
0.006
0.006
0.006
0.006
0.006
0.006
0.006
0.006
0.006
0.006
0.006
0.006
0.006
0.006
0.006
0.005
0.005
0.005
0.005
0.005
0.005
0.005
0.005
0.005
0.005
0.005
0.005
0.005
0.005
0.004
0.004
0.004
0.004
0.004
0.004
0.004
0.004
0.004
0.004
0.004
0.004
0.004
0.004
0.004
0.004
0.004
0.004
0.003
0.003
0.003
0.003
0.003
0.003
0.003
0.003
0.003
0.004
0.004
0.004
0.004
0.004
0.004
0.004
0.004
0.004
0.005
0.005
0.005
0.005
0.005
0.006
0.006
0.006
0.006
0.007
0.007
0.007
0.008
0.008
0.008
0.009
0.009
0.009
0.010
0.010
0.010
0.010
0.011
0.011
0.011
0.011
0.011
0.012
0.012
0.012
0.012
0.012
0.012
0.012
0.012
0.012
0.012
0.011
0.011
0.011
0.011
0.010
0.010
0.010
0.010
0.009
0.009
0.009
0.008
0.008
0.008
0.008
0.007
0.007
0.007
0.006
0.006
0.006
0.006
0.005
0.005
0.005
0.005
0.004
0.004
0.004
0.004
0.004
0.004
0.003
0.003
0.003
0.003
0.003
0.003
0.003
0.002
0.002
0.002
0.002
0.002
0.002
0.002
0.002
0.002
0.002
0.002
0.001
0.001
0.001
0.001
0.001
0.001
0.001
0.001
0.001
0.001
0.001
0.001
0.001
0.001
0.001
0.001
0.001
0.001
0.001
0.001
0.002
0.002
0.002
0.002
0.002
0.002
0.002
0.002
0.002
0.002
0.003
0.003
0.003
0.003
0.003
0.003
0.003
0.003
0.004
0.004
0.004
0.004
0.004
0.004
0.004
0.004
0.004
0.004
0.004
0.004
0.004
0.004
0.004
0.004
0.004
0.004
0.004
0.004
0.003
0.003
0.003
0.003
0.003
0.003
0.003
0.003
0.003
0.002
0.002
0.002
0.002
0.002
0.002
0.002
0.002
0.002
0.001
0.001
0.001
0.001
0.001
0.001
0.001
0.001
0.001
0.001
0.001
0.001
0.001
0.001
0.001
0.001
0.001
0.001
0.001
0.001
0.001
0.001
0.001
0.001
0.001
0.001
0.001
0.001
0.001
0.001
0.001
0.001
0.001
0.001
0.001
0.001
0.001
0.001
0.001
0.001
0.001
0.001
0.001
0.001
0.001
0.001
0.001
0.001
0.000
0.000
0.000
0.000
0.000
0.000
0.000
0.000
0.000
0.000
0.000
0.000
0.000
0.000
0.000
0.000
0.000
0.000
0.000
0.000
0.000
0.000
0.000
0.000
0.000
0.000
0.000
0.000
0.000
0.000
0.000
0.000
0.000
0.000
0.000
0.000
0.000
0.000
0.000
0.000
0.000
0.000
0.000
0.000
0.000
0.000
0.000
0.000
0.000
0.000
0.000
0.000
0.000
0.000
0.000
0.000
0.000
0.000
0.000
0.000
0.000
0.000
0.000
0.000
0.000
0.000
0.000
0.000
0.000
0.000
0.000
0.000
0.000
0.000
0.000
0.000
0.000
0.000
0.000
0.000
0.000
0.000
0.000
0.000
0.000
0.000
0.000
0.000
0.000
0.000
0.000
0.000
0.000
-0.000
-0.000
-0.000
-0.000
-0.000
-0.000
-0.000
-0.000
-0.000
-0.000
-0.000
-0.000
0.000
0.000
0.000
0.000
0.000
0.000
0.000
0.000
0.000
0.000
0.000
0.000
0.000
0.000
0.000
0.000
0.000
0.000
0
0
0
0
0
0
0
0
0
0
0
0
0
0
0
0
0
0
0
0
0
0
0
0
0
0
0
0
0
0
0
0
0
0
0
0
0
0
0
0
0
0
0
0
0
0
0
0
0
0
0
0
0
0
0
0
0
0
0
0
0
0
0
0
0
0
0
0
0
0
0
0
0
0
0
0
0
0
0
0
0
0
0
0
0
0
0
0
0
0
0
0
0
0
0
0
0
0
0
0
0
0
0
0
0
0
0
0
0
0
0
0
0
0
0
0
0
0
0
0
0
0
0
0
0
0
0
0
0
0
0
0
0
0
0
0
0
0
0
0
0
0
0
0
0
0
0
0
0
0
0
0
0
0
0
0
0
0
0
0
0
0
0
0
0
0
0
0
0
0
0
0
0
0
0
0
0
0
0
0
0
0
0
0
0
0
0
0
0
0
0
0
0
0
0
0
0
0
0
0
0
0
0
0
0
0
0
0
0
0
0
0
0
0
0
0
0
0
0
0
0
0
0
0
0
0
0
0
0
0
0
0
0
0
0
0
0
0
0
0
0
0
0
0
0
0
0
0
0
0
0
0
0
0
0
0
0
0
0
0
0
0
0
0
0
0
0
0
0
0
0
0
0
0
0
0
0
0
0
0
0
0
0
0
0
0
0
0
0
0
0
0
0
0
0
0
0
0
0
0
0
0
0
0
0
0
0
0
0
0
0
0
0
0
0
0
0
0
0
0
0
0
0
0
0
0
0
0
0
0
0
0
0
0
0
0
0
0
0
0
0
0
0
0
0
0
0
0
0
0
0
0
0
0
0
$MCA_CAL:
3
-1.4656616 2.9313233 0.00000000000000
$ENER_FIT:
-1.4656616 2.9313233 0.00000000000000
$MCA_CAL_DATA:
3
298 872
597 1749
896 2625
$CAMBIO:
Parent file specification: C:\GADRAS-DRF\Temp\parallelGUI4\238U_125.0_50.0_none_0_8.5.pcf
Successful read of spectrum: Yes
Error message: None
Warning: None
Information: None
Neutrons: 0
Number of spectral records in the parent file: 1
Record number of this spectrum in the parent file: 1
Date and time of acquisition read successfully from the original file: Yes
Live time read successfully from the original file: Yes
True time read successfully from the original file: Yes
GADRAS Tag character is:  
Version: 130122
Parent file type: Sandia GADRAS PCF
