$SPEC_ID:
238U,1uC{0,0}
$MEAS_TIM:
3600.00 3600.00
$DATE_MEA:
3/9/2018 5:22:25 PM
$DATA:
0 1193
9.119
18.723
37.835
441.096
1577.228
2051.357
901.923
141.437
4.521
0.317
0.319
0.447
1.104
2.984
7.155
14.599
20.379
16.506
7.456
2.096
0.847
0.911
1.092
1.238
1.444
1.806
2.423
3.477
5.126
7.151
8.763
9.059
7.870
5.983
4.430
3.627
3.309
3.051
2.619
2.013
1.364
0.812
0.430
0.217
0.122
0.087
0.077
0.075
0.074
0.074
0.074
0.074
0.074
0.074
0.074
0.075
0.075
0.076
0.077
0.078
0.080
0.081
0.083
0.085
0.088
0.090
0.092
0.094
0.095
0.095
0.094
0.092
0.090
0.087
0.083
0.080
0.077
0.075
0.072
0.070
0.068
0.066
0.065
0.063
0.062
0.061
0.060
0.060
0.059
0.059
0.059
0.058
0.058
0.058
0.058
0.058
0.058
0.058
0.058
0.058
0.058
0.058
0.058
0.058
0.058
0.058
0.058
0.058
0.058
0.058
0.058
0.057
0.057
0.057
0.057
0.057
0.056
0.056
0.056
0.056
0.056
0.055
0.055
0.055
0.055
0.054
0.054
0.054
0.053
0.053
0.053
0.053
0.052
0.052
0.052
0.052
0.051
0.051
0.051
0.051
0.050
0.050
0.050
0.050
0.050
0.049
0.049
0.049
0.049
0.048
0.048
0.048
0.048
0.048
0.048
0.048
0.047
0.047
0.047
0.047
0.047
0.047
0.047
0.047
0.047
0.047
0.047
0.047
0.047
0.047
0.047
0.047
0.047
0.047
0.047
0.047
0.047
0.047
0.047
0.047
0.047
0.047
0.046
0.046
0.046
0.046
0.046
0.046
0.046
0.046
0.046
0.045
0.045
0.045
0.044
0.044
0.043
0.043
0.043
0.042
0.042
0.041
0.041
0.040
0.040
0.040
0.039
0.039
0.038
0.038
0.038
0.038
0.038
0.037
0.037
0.037
0.037
0.037
0.037
0.037
0.037
0.037
0.037
0.037
0.036
0.036
0.036
0.036
0.036
0.036
0.036
0.036
0.036
0.036
0.036
0.036
0.036
0.036
0.036
0.035
0.035
0.035
0.035
0.035
0.035
0.035
0.035
0.035
0.035
0.035
0.036
0.036
0.037
0.038
0.040
0.041
0.043
0.045
0.048
0.051
0.054
0.057
0.060
0.063
0.067
0.070
0.073
0.075
0.077
0.078
0.079
0.079
0.078
0.077
0.075
0.073
0.070
0.066
0.062
0.058
0.054
0.050
0.046
0.043
0.039
0.036
0.033
0.031
0.028
0.026
0.024
0.023
0.022
0.021
0.020
0.019
0.019
0.018
0.018
0.018
0.018
0.018
0.018
0.018
0.019
0.019
0.020
0.021
0.022
0.023
0.024
0.025
0.027
0.028
0.030
0.032
0.033
0.035
0.037
0.039
0.041
0.042
0.044
0.046
0.047
0.049
0.050
0.051
0.052
0.054
0.054
0.055
0.056
0.056
0.057
0.057
0.056
0.056
0.055
0.054
0.053
0.051
0.050
0.048
0.046
0.043
0.041
0.039
0.036
0.034
0.032
0.030
0.028
0.026
0.024
0.023
0.022
0.021
0.020
0.020
0.020
0.020
0.020
0.020
0.021
0.022
0.023
0.023
0.024
0.026
0.027
0.028
0.029
0.030
0.031
0.032
0.033
0.033
0.034
0.034
0.034
0.034
0.034
0.034
0.034
0.033
0.032
0.031
0.030
0.029
0.028
0.026
0.025
0.024
0.022
0.021
0.019
0.018
0.017
0.016
0.014
0.013
0.012
0.012
0.011
0.010
0.010
0.009
0.009
0.008
0.008
0.008
0.007
0.007
0.007
0.007
0.007
0.007
0.007
0.007
0.007
0.007
0.007
0.007
0.007
0.007
0.007
0.007
0.007
0.007
0.007
0.007
0.007
0.007
0.007
0.006
0.006
0.006
0.006
0.006
0.006
0.006
0.006
0.006
0.006
0.006
0.006
0.006
0.006
0.006
0.006
0.006
0.006
0.006
0.006
0.005
0.005
0.005
0.005
0.005
0.005
0.005
0.005
0.005
0.005
0.005
0.005
0.005
0.005
0.004
0.004
0.004
0.004
0.004
0.004
0.004
0.004
0.004
0.004
0.004
0.004
0.004
0.004
0.004
0.004
0.003
0.003
0.003
0.003
0.003
0.003
0.003
0.003
0.003
0.003
0.003
0.003
0.003
0.003
0.004
0.004
0.004
0.004
0.004
0.004
0.004
0.004
0.005
0.005
0.005
0.005
0.006
0.006
0.006
0.007
0.007
0.007
0.008
0.008
0.008
0.009
0.009
0.009
0.010
0.010
0.010
0.011
0.011
0.011
0.011
0.012
0.012
0.012
0.012
0.012
0.012
0.012
0.012
0.012
0.012
0.012
0.012
0.012
0.011
0.011
0.011
0.011
0.010
0.010
0.010
0.010
0.009
0.009
0.008
0.008
0.008
0.007
0.007
0.007
0.007
0.006
0.006
0.006
0.005
0.005
0.005
0.005
0.004
0.004
0.004
0.004
0.004
0.004
0.003
0.003
0.003
0.003
0.003
0.003
0.003
0.003
0.002
0.002
0.002
0.002
0.002
0.002
0.002
0.002
0.002
0.002
0.001
0.001
0.001
0.001
0.001
0.001
0.001
0.001
0.001
0.001
0.001
0.001
0.001
0.001
0.001
0.001
0.001
0.001
0.001
0.001
0.001
0.001
0.001
0.002
0.002
0.002
0.002
0.002
0.002
0.002
0.002
0.003
0.003
0.003
0.003
0.003
0.003
0.003
0.004
0.004
0.004
0.004
0.004
0.004
0.004
0.004
0.004
0.004
0.004
0.004
0.004
0.004
0.004
0.004
0.004
0.004
0.004
0.004
0.004
0.004
0.003
0.003
0.003
0.003
0.003
0.003
0.003
0.002
0.002
0.002
0.002
0.002
0.002
0.002
0.002
0.002
0.001
0.001
0.001
0.001
0.001
0.001
0.001
0.001
0.001
0.001
0.001
0.001
0.001
0.001
0.001
0.001
0.001
0.001
0.001
0.001
0.001
0.001
0.001
0.001
0.001
0.001
0.001
0.001
0.001
0.001
0.001
0.001
0.001
0.001
0.001
0.001
0.001
0.001
0.001
0.001
0.001
0.001
0.001
0.001
0.001
0.001
0.001
0.001
0.001
0.000
0.000
0.000
0.000
0.000
0.000
0.000
0.000
0.000
0.000
0.000
0.000
0.000
0.000
0.000
0.000
0.000
0.000
0.000
0.000
0.000
0.000
0.000
0.000
0.000
0.000
0.000
0.000
0.000
0.000
0.000
0.000
0.000
0.000
0.000
0.000
0.000
0.000
0.000
0.000
0.000
0.000
0.000
0.000
0.000
0.000
0.000
0.000
0.000
0.000
0.000
0.000
0.000
0.000
0.000
0.000
0.000
0.000
0.000
0.000
0.000
0.000
0.000
0.000
0.000
0.000
0.000
0.000
0.000
0.000
0.000
0.000
0.000
0.000
0.000
0.000
0.000
0.000
0.000
0.000
0.000
0.000
0.000
0.000
0.000
0.000
0.000
0.000
0.000
0.000
0.000
-0.000
-0.000
-0.000
-0.000
-0.000
-0.000
-0.000
-0.000
-0.000
-0.000
-0.000
0.000
0.000
0.000
0.000
0.000
0.000
0.000
0.000
0.000
0.000
0.000
0.000
0.000
0.000
0.000
0.000
0.000
0
0
0
0
0
0
0
0
0
0
0
0
0
0
0
0
0
0
0
0
0
0
0
0
0
0
0
0
0
0
0
0
0
0
0
0
0
0
0
0
0
0
0
0
0
0
0
0
0
0
0
0
0
0
0
0
0
0
0
0
0
0
0
0
0
0
0
0
0
0
0
0
0
0
0
0
0
0
0
0
0
0
0
0
0
0
0
0
0
0
0
0
0
0
0
0
0
0
0
0
0
0
0
0
0
0
0
0
0
0
0
0
0
0
0
0
0
0
0
0
0
0
0
0
0
0
0
0
0
0
0
0
0
0
0
0
0
0
0
0
0
0
0
0
0
0
0
0
0
0
0
0
0
0
0
0
0
0
0
0
0
0
0
0
0
0
0
0
0
0
0
0
0
0
0
0
0
0
0
0
0
0
0
0
0
0
0
0
0
0
0
0
0
0
0
0
0
0
0
0
0
0
0
0
0
0
0
0
0
0
0
0
0
0
0
0
0
0
0
0
0
0
0
0
0
0
0
0
0
0
0
0
0
0
0
0
0
0
0
0
0
0
0
0
0
0
0
0
0
0
0
0
0
0
0
0
0
0
0
0
0
0
0
0
0
0
0
0
0
0
0
0
0
0
0
0
0
0
0
0
0
0
0
0
0
0
0
0
0
0
0
0
0
0
0
0
0
0
0
0
0
0
0
0
0
0
0
0
0
0
0
0
0
0
0
0
0
0
0
0
0
0
0
0
0
0
0
0
0
0
0
0
0
0
0
0
0
0
0
0
0
0
0
0
0
0
0
0
0
0
0
0
0
0
0
0
0
0
0
$MCA_CAL:
3
-1.4656616 2.9313233 0.00000000000000
$ENER_FIT:
-1.4656616 2.9313233 0.00000000000000
$MCA_CAL_DATA:
3
298 872
597 1749
896 2625
$CAMBIO:
Parent file specification: C:\GADRAS-DRF\Temp\parallelGUI4\238U_75.0_50.0_none_0_8.0.pcf
Successful read of spectrum: Yes
Error message: None
Warning: None
Information: None
Neutrons: 0
Number of spectral records in the parent file: 1
Record number of this spectrum in the parent file: 1
Date and time of acquisition read successfully from the original file: Yes
Live time read successfully from the original file: Yes
True time read successfully from the original file: Yes
GADRAS Tag character is:  
Version: 130122
Parent file type: Sandia GADRAS PCF
