$SPEC_ID:
238U,1uC{0,0}
$MEAS_TIM:
3600.00 3600.00
$DATE_MEA:
3/9/2018 5:22:25 PM
$DATA:
0 1193
9.029
18.963
27.165
375.562
1613.493
2192.746
852.502
107.276
1.695
0.314
0.310
0.388
0.925
2.627
6.323
14.581
22.772
17.600
6.395
1.326
0.679
0.916
1.104
1.206
1.385
1.717
2.240
3.168
4.847
7.254
9.440
9.895
8.195
5.710
3.995
3.423
3.365
3.212
2.758
2.056
1.302
0.694
0.322
0.152
0.093
0.078
0.075
0.074
0.074
0.074
0.074
0.074
0.074
0.074
0.074
0.075
0.075
0.076
0.076
0.078
0.079
0.081
0.083
0.085
0.088
0.091
0.093
0.095
0.096
0.096
0.095
0.093
0.091
0.088
0.084
0.080
0.077
0.075
0.072
0.070
0.067
0.066
0.064
0.063
0.062
0.061
0.060
0.059
0.059
0.059
0.058
0.058
0.058
0.058
0.058
0.058
0.058
0.058
0.058
0.058
0.058
0.058
0.058
0.058
0.058
0.058
0.058
0.058
0.058
0.058
0.058
0.057
0.057
0.057
0.057
0.057
0.056
0.056
0.056
0.056
0.056
0.055
0.055
0.055
0.055
0.054
0.054
0.054
0.053
0.053
0.053
0.053
0.052
0.052
0.052
0.052
0.051
0.051
0.051
0.051
0.050
0.050
0.050
0.050
0.049
0.049
0.049
0.049
0.049
0.048
0.048
0.048
0.048
0.048
0.048
0.047
0.047
0.047
0.047
0.047
0.047
0.047
0.047
0.047
0.047
0.047
0.047
0.047
0.047
0.047
0.047
0.047
0.047
0.047
0.047
0.047
0.047
0.047
0.047
0.047
0.047
0.047
0.046
0.046
0.046
0.046
0.046
0.046
0.046
0.046
0.046
0.045
0.045
0.045
0.044
0.044
0.044
0.043
0.043
0.042
0.042
0.041
0.041
0.040
0.040
0.039
0.039
0.039
0.038
0.038
0.038
0.038
0.037
0.037
0.037
0.037
0.037
0.037
0.037
0.037
0.037
0.037
0.037
0.036
0.036
0.036
0.036
0.036
0.036
0.036
0.036
0.036
0.036
0.036
0.036
0.036
0.036
0.036
0.036
0.036
0.035
0.035
0.035
0.035
0.035
0.035
0.035
0.034
0.034
0.034
0.034
0.035
0.035
0.036
0.037
0.038
0.040
0.042
0.044
0.048
0.051
0.055
0.059
0.064
0.068
0.072
0.076
0.080
0.083
0.085
0.087
0.087
0.086
0.084
0.082
0.078
0.074
0.069
0.064
0.059
0.054
0.049
0.044
0.040
0.036
0.033
0.030
0.027
0.025
0.023
0.022
0.021
0.020
0.019
0.018
0.018
0.018
0.017
0.017
0.017
0.017
0.017
0.017
0.017
0.017
0.018
0.018
0.019
0.020
0.021
0.022
0.024
0.025
0.027
0.029
0.031
0.033
0.035
0.037
0.039
0.041
0.043
0.045
0.046
0.048
0.049
0.051
0.052
0.054
0.055
0.056
0.057
0.058
0.059
0.060
0.060
0.060
0.060
0.059
0.058
0.057
0.055
0.053
0.051
0.048
0.045
0.042
0.039
0.036
0.033
0.030
0.027
0.025
0.023
0.021
0.019
0.018
0.017
0.017
0.017
0.017
0.017
0.017
0.018
0.019
0.020
0.021
0.022
0.024
0.025
0.026
0.028
0.029
0.031
0.032
0.033
0.034
0.035
0.036
0.037
0.037
0.038
0.037
0.037
0.037
0.036
0.035
0.034
0.032
0.031
0.029
0.027
0.025
0.024
0.022
0.020
0.018
0.017
0.015
0.014
0.013
0.012
0.011
0.010
0.009
0.009
0.008
0.008
0.008
0.007
0.007
0.007
0.007
0.007
0.007
0.007
0.007
0.007
0.007
0.007
0.007
0.007
0.007
0.007
0.007
0.007
0.007
0.007
0.007
0.007
0.007
0.007
0.007
0.007
0.007
0.007
0.007
0.006
0.006
0.006
0.006
0.006
0.006
0.006
0.006
0.006
0.006
0.006
0.006
0.006
0.006
0.006
0.006
0.006
0.005
0.005
0.005
0.005
0.005
0.005
0.005
0.005
0.005
0.005
0.005
0.005
0.005
0.005
0.005
0.004
0.004
0.004
0.004
0.004
0.004
0.004
0.004
0.004
0.004
0.004
0.004
0.004
0.004
0.004
0.003
0.003
0.003
0.003
0.003
0.003
0.003
0.003
0.003
0.003
0.003
0.003
0.003
0.003
0.003
0.003
0.003
0.003
0.003
0.004
0.004
0.004
0.004
0.004
0.004
0.005
0.005
0.005
0.006
0.006
0.006
0.007
0.007
0.007
0.008
0.008
0.009
0.009
0.009
0.010
0.010
0.011
0.011
0.011
0.012
0.012
0.012
0.013
0.013
0.013
0.013
0.013
0.013
0.013
0.013
0.013
0.013
0.013
0.012
0.012
0.012
0.012
0.011
0.011
0.010
0.010
0.010
0.009
0.009
0.008
0.008
0.008
0.007
0.007
0.007
0.006
0.006
0.006
0.005
0.005
0.005
0.005
0.004
0.004
0.004
0.004
0.004
0.004
0.003
0.003
0.003
0.003
0.003
0.003
0.003
0.003
0.002
0.002
0.002
0.002
0.002
0.002
0.002
0.002
0.002
0.002
0.001
0.001
0.001
0.001
0.001
0.001
0.001
0.001
0.001
0.001
0.001
0.001
0.001
0.001
0.001
0.001
0.001
0.001
0.001
0.001
0.001
0.001
0.001
0.001
0.001
0.001
0.001
0.002
0.002
0.002
0.002
0.002
0.002
0.003
0.003
0.003
0.003
0.003
0.004
0.004
0.004
0.004
0.004
0.004
0.005
0.005
0.005
0.005
0.005
0.005
0.005
0.005
0.005
0.005
0.005
0.005
0.004
0.004
0.004
0.004
0.004
0.004
0.003
0.003
0.003
0.003
0.003
0.002
0.002
0.002
0.002
0.002
0.002
0.002
0.001
0.001
0.001
0.001
0.001
0.001
0.001
0.001
0.001
0.001
0.001
0.001
0.001
0.001
0.001
0.001
0.001
0.001
0.001
0.001
0.001
0.001
0.001
0.001
0.001
0.001
0.001
0.001
0.001
0.001
0.001
0.001
0.001
0.001
0.001
0.001
0.001
0.001
0.001
0.001
0.001
0.001
0.001
0.001
0.001
0.001
0.001
0.001
0.001
0.001
0.001
0.000
0.000
0.000
0.000
0.000
0.000
0.000
0.000
0.000
0.000
0.000
0.000
0.000
0.000
0.000
0.000
0.000
0.000
0.000
0.000
0.000
0.000
0.000
0.000
0.000
0.000
0.000
0.000
0.000
0.000
0.000
0.000
0.000
0.000
0.000
0.000
0.000
0.000
0.000
0.000
0.000
0.000
0.000
0.000
0.000
0.000
0.000
0.000
0.000
0.000
0.000
0.000
0.000
0.000
0.000
0.000
0.000
0.000
0.000
0.000
0.000
0.000
0.000
0.000
0.000
0.000
0.000
0.000
0.000
0.000
0.000
0.000
0.000
0.000
0.000
0.000
0.000
0.000
-0.000
-0.000
-0.000
-0.000
-0.000
-0.000
-0.000
-0.000
-0.000
0.000
0.000
0.000
0.000
0.000
0.000
0.000
0.000
0.000
-0.000
-0.000
-0.000
-0.000
-0.000
-0.000
-0.000
-0.000
-0.000
-0.000
0.000
0.000
0.000
0.000
0.000
0.000
0.000
0.000
0.000
0.000
0.000
0.000
0.000
0.000
0.000
0
0
0
0
0
0
0
0
0
0
0
0
0
0
0
0
0
0
0
0
0
0
0
0
0
0
0
0
0
0
0
0
0
0
0
0
0
0
0
0
0
0
0
0
0
0
0
0
0
0
0
0
0
0
0
0
0
0
0
0
0
0
0
0
0
0
0
0
0
0
0
0
0
0
0
0
0
0
0
0
0
0
0
0
0
0
0
0
0
0
0
0
0
0
0
0
0
0
0
0
0
0
0
0
0
0
0
0
0
0
0
0
0
0
0
0
0
0
0
0
0
0
0
0
0
0
0
0
0
0
0
0
0
0
0
0
0
0
0
0
0
0
0
0
0
0
0
0
0
0
0
0
0
0
0
0
0
0
0
0
0
0
0
0
0
0
0
0
0
0
0
0
0
0
0
0
0
0
0
0
0
0
0
0
0
0
0
0
0
0
0
0
0
0
0
0
0
0
0
0
0
0
0
0
0
0
0
0
0
0
0
0
0
0
0
0
0
0
0
0
0
0
0
0
0
0
0
0
0
0
0
0
0
0
0
0
0
0
0
0
0
0
0
0
0
0
0
0
0
0
0
0
0
0
0
0
0
0
0
0
0
0
0
0
0
0
0
0
0
0
0
0
0
0
0
0
0
0
0
0
0
0
0
0
0
0
0
0
0
0
0
0
0
0
0
0
0
0
0
0
0
0
0
0
0
0
0
0
0
0
0
0
0
0
0
0
0
0
0
0
0
0
0
0
0
0
0
0
0
0
0
0
0
0
0
0
0
0
0
0
0
0
0
0
0
0
0
0
0
0
0
0
0
0
0
0
0
0
$MCA_CAL:
3
-1.4656616 2.9313233 0.00000000000000
$ENER_FIT:
-1.4656616 2.9313233 0.00000000000000
$MCA_CAL_DATA:
3
298 872
597 1749
896 2625
$CAMBIO:
Parent file specification: C:\GADRAS-DRF\Temp\parallelGUI4\238U_75.0_50.0_none_0_7.0.pcf
Successful read of spectrum: Yes
Error message: None
Warning: None
Information: None
Neutrons: 0
Number of spectral records in the parent file: 1
Record number of this spectrum in the parent file: 1
Date and time of acquisition read successfully from the original file: Yes
Live time read successfully from the original file: Yes
True time read successfully from the original file: Yes
GADRAS Tag character is:  
Version: 130122
Parent file type: Sandia GADRAS PCF
