$SPEC_ID:
57CO,1uC{82,0.22}
$MEAS_TIM:
3600.00 3600.00
$DATE_MEA:
3/9/2018 5:22:25 PM
$DATA:
0 1193
128.175
237.014
237.084
199.373
155.894
119.671
93.377
72.603
57.251
47.211
41.329
38.921
39.073
41.032
45.401
51.610
59.521
68.441
77.526
86.181
94.448
102.656
112.078
126.192
149.099
181.066
213.875
233.274
231.800
220.301
213.809
216.321
223.858
233.100
242.995
253.525
268.055
298.987
364.095
465.182
563.778
595.989
528.578
392.147
254.033
159.272
106.525
75.374
50.714
29.657
14.598
5.967
2.128
0.756
0.359
0.262
0.237
0.233
0.232
0.231
0.230
0.232
0.234
0.237
0.238
0.239
0.237
0.233
0.228
0.222
0.216
0.211
0.205
0.199
0.194
0.189
0.185
0.180
0.176
0.171
0.166
0.162
0.158
0.154
0.151
0.148
0.146
0.143
0.141
0.139
0.137
0.135
0.133
0.131
0.130
0.128
0.127
0.125
0.123
0.122
0.120
0.118
0.117
0.116
0.115
0.114
0.114
0.116
0.119
0.123
0.130
0.138
0.147
0.157
0.165
0.172
0.176
0.177
0.175
0.169
0.160
0.149
0.136
0.124
0.112
0.100
0.091
0.083
0.076
0.071
0.067
0.063
0.061
0.059
0.058
0.057
0.056
0.055
0.055
0.054
0.054
0.054
0.053
0.053
0.053
0.053
0.052
0.052
0.052
0.052
0.052
0.051
0.051
0.051
0.051
0.050
0.050
0.049
0.049
0.048
0.048
0.046
0.045
0.044
0.043
0.041
0.040
0.038
0.036
0.035
0.033
0.031
0.030
0.029
0.027
0.026
0.025
0.025
0.024
0.024
0.024
0.024
0.025
0.026
0.027
0.029
0.031
0.033
0.035
0.038
0.040
0.042
0.043
0.044
0.044
0.043
0.041
0.039
0.037
0.034
0.031
0.028
0.025
0.022
0.020
0.018
0.016
0.015
0.014
0.013
0.012
0.012
0.012
0.012
0.012
0.013
0.014
0.016
0.018
0.022
0.026
0.032
0.039
0.048
0.059
0.072
0.086
0.102
0.119
0.137
0.154
0.171
0.186
0.199
0.208
0.214
0.216
0.214
0.208
0.198
0.185
0.170
0.154
0.136
0.119
0.101
0.085
0.070
0.056
0.045
0.035
0.027
0.020
0.015
0.011
0.008
0.006
0.004
0.003
0.002
0.001
0.001
0.000
0.000
0.000
0.000
0.000
0.000
0.000
0.000
0.000
0.000
0.000
0.000
-0.000
-0.000
-0.000
0.000
0.000
0.000
0.000
0.000
-0.000
-0.000
-0.000
-0.000
-0.000
0.000
0.000
0
0
0
0
0
0
0
0
0
0
0
0
0
0
0
0
0
0
0
0
0
0
0
0
0
0
0
0
0
0
0
0
0
0
0
0
0
0
0
0
0
0
0
0
0
0
0
0
0
0
0
0
0
0
0
0
0
0
0
0
0
0
0
0
0
0
0
0
0
0
0
0
0
0
0
0
0
0
0
0
0
0
0
0
0
0
0
0
0
0
0
0
0
0
0
0
0
0
0
0
0
0
0
0
0
0
0
0
0
0
0
0
0
0
0
0
0
0
0
0
0
0
0
0
0
0
0
0
0
0
0
0
0
0
0
0
0
0
0
0
0
0
0
0
0
0
0
0
0
0
0
0
0
0
0
0
0
0
0
0
0
0
0
0
0
0
0
0
0
0
0
0
0
0
0
0
0
0
0
0
0
0
0
0
0
0
0
0
0
0
0
0
0
0
0
0
0
0
0
0
0
0
0
0
0
0
0
0
0
0
0
0
0
0
0
0
0
0
0
0
0
0
0
0
0
0
0
0
0
0
0
0
0
0
0
0
0
0
0
0
0
0
0
0
0
0
0
0
0
0
0
0
0
0
0
0
0
0
0
0
0
0
0
0
0
0
0
0
0
0
0
0
0
0
0
0
0
0
0
0
0
0
0
0
0
0
0
0
0
0
0
0
0
0
0
0
0
0
0
0
0
0
0
0
0
0
0
0
0
0
0
0
0
0
0
0
0
0
0
0
0
0
0
0
0
0
0
0
0
0
0
0
0
0
0
0
0
0
0
0
0
0
0
0
0
0
0
0
0
0
0
0
0
0
0
0
0
0
0
0
0
0
0
0
0
0
0
0
0
0
0
0
0
0
0
0
0
0
0
0
0
0
0
0
0
0
0
0
0
0
0
0
0
0
0
0
0
0
0
0
0
0
0
0
0
0
0
0
0
0
0
0
0
0
0
0
0
0
0
0
0
0
0
0
0
0
0
0
0
0
0
0
0
0
0
0
0
0
0
0
0
0
0
0
0
0
0
0
0
0
0
0
0
0
0
0
0
0
0
0
0
0
0
0
0
0
0
0
0
0
0
0
0
0
0
0
0
0
0
0
0
0
0
0
0
0
0
0
0
0
0
0
0
0
0
0
0
0
0
0
0
0
0
0
0
0
0
0
0
0
0
0
0
0
0
0
0
0
0
0
0
0
0
0
0
0
0
0
0
0
0
0
0
0
0
0
0
0
0
0
0
0
0
0
0
0
0
0
0
0
0
0
0
0
0
0
0
0
0
0
0
0
0
0
0
0
0
0
0
0
0
0
0
0
0
0
0
0
0
0
0
0
0
0
0
0
0
0
0
0
0
0
0
0
0
0
0
0
0
0
0
0
0
0
0
0
0
0
0
0
0
0
0
0
0
0
0
0
0
0
0
0
0
0
0
0
0
0
0
0
0
0
0
0
0
0
0
0
0
0
0
0
0
0
0
0
0
0
0
0
0
0
0
0
0
0
0
0
0
0
0
0
0
0
0
0
0
0
0
0
0
0
0
0
0
0
0
0
0
0
0
0
0
0
0
0
0
0
0
0
0
0
0
0
0
0
0
0
0
0
0
0
0
0
0
0
0
0
0
0
0
0
0
0
0
0
0
0
0
0
0
0
0
0
0
0
0
0
0
0
0
0
0
0
0
0
0
0
0
0
0
0
0
0
0
0
0
0
0
0
0
0
0
0
0
0
0
0
0
0
0
0
0
0
0
0
0
0
0
0
0
0
0
0
0
0
0
0
0
0
0
0
0
0
0
0
0
0
0
0
0
0
0
0
0
0
0
0
0
0
0
0
0
0
0
0
0
0
0
0
0
0
0
0
0
0
0
0
0
0
0
0
0
0
0
0
0
0
0
0
0
0
0
0
0
0
0
0
0
0
0
0
0
0
0
0
0
0
0
0
0
0
0
0
0
0
0
0
0
0
0
0
0
0
0
0
0
0
0
0
0
0
0
0
0
0
0
0
0
0
0
0
0
0
0
0
0
0
0
0
0
0
0
0
0
0
0
0
0
0
0
0
0
0
0
$MCA_CAL:
3
-1.4656616 2.9313233 0.00000000000000
$ENER_FIT:
-1.4656616 2.9313233 0.00000000000000
$MCA_CAL_DATA:
3
298 872
597 1749
896 2625
$CAMBIO:
Parent file specification: C:\GADRAS-DRF\Temp\parallelGUI3\57CO_50.0_175.0_lead_0.22_7.0.pcf
Successful read of spectrum: Yes
Error message: None
Warning: None
Information: None
Neutrons: 0
Number of spectral records in the parent file: 1
Record number of this spectrum in the parent file: 1
Date and time of acquisition read successfully from the original file: Yes
Live time read successfully from the original file: Yes
True time read successfully from the original file: Yes
GADRAS Tag character is:  
Version: 130122
Parent file type: Sandia GADRAS PCF
