$SPEC_ID:
57CO,1uC{82,1.61}
$MEAS_TIM:
3600.00 3600.00
$DATE_MEA:
3/9/2018 5:22:25 PM
$DATA:
0 1193
5.819
7.695
7.357
6.901
5.716
4.793
4.100
3.506
3.090
2.870
2.783
2.762
2.782
2.836
2.916
2.977
3.096
3.267
3.428
3.556
3.627
3.674
3.820
4.293
5.324
6.929
8.630
9.739
10.195
10.701
11.898
13.520
14.968
16.032
17.075
18.546
21.340
27.353
38.875
55.920
73.066
81.280
76.229
62.492
48.974
40.607
35.105
28.867
20.854
12.762
6.707
3.181
1.588
1.013
0.850
0.817
0.818
0.839
0.870
0.906
0.938
0.973
1.008
1.026
1.022
0.992
0.942
0.885
0.838
0.793
0.751
0.729
0.723
0.717
0.709
0.703
0.700
0.703
0.707
0.711
0.713
0.715
0.717
0.719
0.721
0.723
0.727
0.729
0.732
0.733
0.735
0.736
0.738
0.738
0.738
0.738
0.737
0.736
0.734
0.731
0.728
0.725
0.722
0.721
0.722
0.727
0.739
0.760
0.794
0.842
0.905
0.981
1.068
1.156
1.238
1.305
1.351
1.370
1.361
1.322
1.257
1.176
1.083
0.987
0.895
0.809
0.735
0.674
0.625
0.588
0.560
0.540
0.526
0.517
0.511
0.507
0.505
0.505
0.505
0.506
0.507
0.509
0.511
0.514
0.516
0.519
0.522
0.524
0.527
0.529
0.531
0.533
0.535
0.537
0.537
0.536
0.533
0.530
0.528
0.524
0.518
0.508
0.496
0.483
0.470
0.457
0.443
0.427
0.410
0.392
0.375
0.358
0.343
0.329
0.316
0.305
0.296
0.288
0.283
0.280
0.280
0.283
0.289
0.299
0.313
0.331
0.352
0.375
0.400
0.424
0.446
0.465
0.478
0.485
0.484
0.475
0.459
0.437
0.410
0.379
0.348
0.316
0.286
0.258
0.233
0.213
0.196
0.182
0.171
0.163
0.157
0.154
0.152
0.153
0.157
0.164
0.175
0.193
0.219
0.254
0.301
0.363
0.441
0.538
0.654
0.789
0.942
1.112
1.294
1.480
1.665
1.842
2.002
2.138
2.240
2.301
2.319
2.295
2.231
2.127
1.990
1.828
1.650
1.462
1.272
1.086
0.909
0.748
0.606
0.481
0.376
0.288
0.217
0.161
0.117
0.084
0.059
0.041
0.028
0.019
0.012
0.008
0.005
0.003
0.002
0.001
0.001
0.000
0.000
0.000
0.000
0.000
0.000
0.000
0.000
-0.000
-0.000
0.000
0.000
0.000
0.000
0.000
-0.000
-0.000
-0.000
-0.000
-0.000
0.000
0.000
0
0
0
0
0
0
0
0
0
0
0
0
0
0
0
0
0
0
0
0
0
0
0
0
0
0
0
0
0
0
0
0
0
0
0
0
0
0
0
0
0
0
0
0
0
0
0
0
0
0
0
0
0
0
0
0
0
0
0
0
0
0
0
0
0
0
0
0
0
0
0
0
0
0
0
0
0
0
0
0
0
0
0
0
0
0
0
0
0
0
0
0
0
0
0
0
0
0
0
0
0
0
0
0
0
0
0
0
0
0
0
0
0
0
0
0
0
0
0
0
0
0
0
0
0
0
0
0
0
0
0
0
0
0
0
0
0
0
0
0
0
0
0
0
0
0
0
0
0
0
0
0
0
0
0
0
0
0
0
0
0
0
0
0
0
0
0
0
0
0
0
0
0
0
0
0
0
0
0
0
0
0
0
0
0
0
0
0
0
0
0
0
0
0
0
0
0
0
0
0
0
0
0
0
0
0
0
0
0
0
0
0
0
0
0
0
0
0
0
0
0
0
0
0
0
0
0
0
0
0
0
0
0
0
0
0
0
0
0
0
0
0
0
0
0
0
0
0
0
0
0
0
0
0
0
0
0
0
0
0
0
0
0
0
0
0
0
0
0
0
0
0
0
0
0
0
0
0
0
0
0
0
0
0
0
0
0
0
0
0
0
0
0
0
0
0
0
0
0
0
0
0
0
0
0
0
0
0
0
0
0
0
0
0
0
0
0
0
0
0
0
0
0
0
0
0
0
0
0
0
0
0
0
0
0
0
0
0
0
0
0
0
0
0
0
0
0
0
0
0
0
0
0
0
0
0
0
0
0
0
0
0
0
0
0
0
0
0
0
0
0
0
0
0
0
0
0
0
0
0
0
0
0
0
0
0
0
0
0
0
0
0
0
0
0
0
0
0
0
0
0
0
0
0
0
0
0
0
0
0
0
0
0
0
0
0
0
0
0
0
0
0
0
0
0
0
0
0
0
0
0
0
0
0
0
0
0
0
0
0
0
0
0
0
0
0
0
0
0
0
0
0
0
0
0
0
0
0
0
0
0
0
0
0
0
0
0
0
0
0
0
0
0
0
0
0
0
0
0
0
0
0
0
0
0
0
0
0
0
0
0
0
0
0
0
0
0
0
0
0
0
0
0
0
0
0
0
0
0
0
0
0
0
0
0
0
0
0
0
0
0
0
0
0
0
0
0
0
0
0
0
0
0
0
0
0
0
0
0
0
0
0
0
0
0
0
0
0
0
0
0
0
0
0
0
0
0
0
0
0
0
0
0
0
0
0
0
0
0
0
0
0
0
0
0
0
0
0
0
0
0
0
0
0
0
0
0
0
0
0
0
0
0
0
0
0
0
0
0
0
0
0
0
0
0
0
0
0
0
0
0
0
0
0
0
0
0
0
0
0
0
0
0
0
0
0
0
0
0
0
0
0
0
0
0
0
0
0
0
0
0
0
0
0
0
0
0
0
0
0
0
0
0
0
0
0
0
0
0
0
0
0
0
0
0
0
0
0
0
0
0
0
0
0
0
0
0
0
0
0
0
0
0
0
0
0
0
0
0
0
0
0
0
0
0
0
0
0
0
0
0
0
0
0
0
0
0
0
0
0
0
0
0
0
0
0
0
0
0
0
0
0
0
0
0
0
0
0
0
0
0
0
0
0
0
0
0
0
0
0
0
0
0
0
0
0
0
0
0
0
0
0
0
0
0
0
0
0
0
0
0
0
0
0
0
0
0
0
0
0
0
0
0
0
0
0
0
0
0
0
0
0
0
0
0
0
0
0
0
0
0
0
0
0
0
0
0
0
0
0
0
0
0
0
0
0
0
0
0
0
0
0
0
0
0
0
0
0
0
0
0
0
0
0
0
0
0
0
0
0
0
0
0
0
0
0
0
0
0
0
0
0
0
0
0
0
0
0
0
0
0
0
0
0
0
0
0
0
0
0
0
0
0
0
0
0
0
0
0
0
0
0
0
0
0
0
0
0
0
0
0
0
0
0
0
0
0
0
0
0
0
0
0
0
0
0
0
0
0
0
0
0
0
0
0
$MCA_CAL:
3
-1.4656616 2.9313233 0.00000000000000
$ENER_FIT:
-1.4656616 2.9313233 0.00000000000000
$MCA_CAL_DATA:
3
298 872
597 1749
896 2625
$CAMBIO:
Parent file specification: C:\GADRAS-DRF\Temp\parallelGUI3\57CO_100.0_50.0_lead_1.61_7.0.pcf
Successful read of spectrum: Yes
Error message: None
Warning: None
Information: None
Neutrons: 0
Number of spectral records in the parent file: 1
Record number of this spectrum in the parent file: 1
Date and time of acquisition read successfully from the original file: Yes
Live time read successfully from the original file: Yes
True time read successfully from the original file: Yes
GADRAS Tag character is:  
Version: 130122
Parent file type: Sandia GADRAS PCF
