$SPEC_ID:
57CO,1uC{0,0}
$MEAS_TIM:
3600.00 3600.00
$DATE_MEA:
3/9/2018 5:22:25 PM
$DATA:
0 1193
158.266
288.029
291.790
267.330
360.079
286.431
125.523
85.867
66.405
54.213
47.042
44.127
43.908
46.110
51.098
58.483
67.119
75.574
82.743
88.408
93.904
102.442
119.482
150.115
196.869
253.547
305.366
334.859
334.118
312.384
286.965
270.599
267.323
276.505
299.042
338.949
405.290
509.452
654.232
818.021
948.000
988.038
908.647
738.639
536.777
360.006
232.174
149.623
96.526
60.547
35.250
18.508
8.597
3.636
1.437
0.582
0.289
0.212
0.190
0.186
0.188
0.192
0.197
0.201
0.204
0.206
0.206
0.202
0.196
0.190
0.183
0.176
0.167
0.159
0.151
0.143
0.136
0.129
0.123
0.118
0.112
0.106
0.101
0.098
0.095
0.092
0.090
0.088
0.086
0.084
0.083
0.082
0.081
0.079
0.078
0.078
0.077
0.076
0.075
0.074
0.074
0.073
0.073
0.074
0.074
0.076
0.079
0.082
0.087
0.093
0.100
0.108
0.116
0.124
0.131
0.136
0.140
0.141
0.140
0.136
0.130
0.123
0.114
0.105
0.095
0.086
0.078
0.071
0.065
0.059
0.055
0.052
0.050
0.048
0.047
0.046
0.045
0.045
0.045
0.045
0.045
0.045
0.045
0.045
0.046
0.046
0.046
0.046
0.046
0.047
0.047
0.047
0.047
0.047
0.047
0.047
0.047
0.046
0.046
0.045
0.045
0.044
0.043
0.042
0.041
0.040
0.038
0.037
0.036
0.034
0.033
0.031
0.030
0.029
0.028
0.027
0.026
0.026
0.026
0.026
0.026
0.026
0.027
0.028
0.029
0.031
0.032
0.034
0.035
0.037
0.038
0.039
0.039
0.040
0.039
0.039
0.038
0.036
0.035
0.033
0.031
0.028
0.026
0.024
0.022
0.020
0.019
0.017
0.016
0.016
0.015
0.015
0.016
0.016
0.018
0.019
0.022
0.025
0.029
0.035
0.041
0.048
0.056
0.065
0.075
0.086
0.098
0.110
0.123
0.135
0.146
0.157
0.166
0.173
0.179
0.183
0.184
0.182
0.179
0.173
0.165
0.156
0.145
0.133
0.121
0.108
0.096
0.084
0.072
0.062
0.052
0.043
0.035
0.028
0.023
0.018
0.014
0.011
0.008
0.006
0.005
0.003
0.002
0.002
0.001
0.001
0.001
0.000
0.000
0.000
0.000
0.000
0.000
0.000
0.000
0.000
-0.000
-0.000
0.000
0.000
0.000
0.000
0.000
0.000
-0.000
-0.000
-0.000
-0.000
-0.000
0.000
0.000
0.000
0.000
0.000
0.000
0.000
0.000
0.000
0
0
0
0
0
0
0
0
0
0
0
0
0
0
0
0
0
0
0
0
0
0
0
0
0
0
0
0
0
0
0
0
0
0
0
0
0
0
0
0
0
0
0
0
0
0
0
0
0
0
0
0
0
0
0
0
0
0
0
0
0
0
0
0
0
0
0
0
0
0
0
0
0
0
0
0
0
0
0
0
0
0
0
0
0
0
0
0
0
0
0
0
0
0
0
0
0
0
0
0
0
0
0
0
0
0
0
0
0
0
0
0
0
0
0
0
0
0
0
0
0
0
0
0
0
0
0
0
0
0
0
0
0
0
0
0
0
0
0
0
0
0
0
0
0
0
0
0
0
0
0
0
0
0
0
0
0
0
0
0
0
0
0
0
0
0
0
0
0
0
0
0
0
0
0
0
0
0
0
0
0
0
0
0
0
0
0
0
0
0
0
0
0
0
0
0
0
0
0
0
0
0
0
0
0
0
0
0
0
0
0
0
0
0
0
0
0
0
0
0
0
0
0
0
0
0
0
0
0
0
0
0
0
0
0
0
0
0
0
0
0
0
0
0
0
0
0
0
0
0
0
0
0
0
0
0
0
0
0
0
0
0
0
0
0
0
0
0
0
0
0
0
0
0
0
0
0
0
0
0
0
0
0
0
0
0
0
0
0
0
0
0
0
0
0
0
0
0
0
0
0
0
0
0
0
0
0
0
0
0
0
0
0
0
0
0
0
0
0
0
0
0
0
0
0
0
0
0
0
0
0
0
0
0
0
0
0
0
0
0
0
0
0
0
0
0
0
0
0
0
0
0
0
0
0
0
0
0
0
0
0
0
0
0
0
0
0
0
0
0
0
0
0
0
0
0
0
0
0
0
0
0
0
0
0
0
0
0
0
0
0
0
0
0
0
0
0
0
0
0
0
0
0
0
0
0
0
0
0
0
0
0
0
0
0
0
0
0
0
0
0
0
0
0
0
0
0
0
0
0
0
0
0
0
0
0
0
0
0
0
0
0
0
0
0
0
0
0
0
0
0
0
0
0
0
0
0
0
0
0
0
0
0
0
0
0
0
0
0
0
0
0
0
0
0
0
0
0
0
0
0
0
0
0
0
0
0
0
0
0
0
0
0
0
0
0
0
0
0
0
0
0
0
0
0
0
0
0
0
0
0
0
0
0
0
0
0
0
0
0
0
0
0
0
0
0
0
0
0
0
0
0
0
0
0
0
0
0
0
0
0
0
0
0
0
0
0
0
0
0
0
0
0
0
0
0
0
0
0
0
0
0
0
0
0
0
0
0
0
0
0
0
0
0
0
0
0
0
0
0
0
0
0
0
0
0
0
0
0
0
0
0
0
0
0
0
0
0
0
0
0
0
0
0
0
0
0
0
0
0
0
0
0
0
0
0
0
0
0
0
0
0
0
0
0
0
0
0
0
0
0
0
0
0
0
0
0
0
0
0
0
0
0
0
0
0
0
0
0
0
0
0
0
0
0
0
0
0
0
0
0
0
0
0
0
0
0
0
0
0
0
0
0
0
0
0
0
0
0
0
0
0
0
0
0
0
0
0
0
0
0
0
0
0
0
0
0
0
0
0
0
0
0
0
0
0
0
0
0
0
0
0
0
0
0
0
0
0
0
0
0
0
0
0
0
0
0
0
0
0
0
0
0
0
0
0
0
0
0
0
0
0
0
0
0
0
0
0
0
0
0
0
0
0
0
0
0
0
0
0
0
0
0
0
0
0
0
0
0
0
0
0
0
0
0
0
0
0
0
0
0
0
0
0
0
0
0
0
0
0
0
0
0
0
0
0
0
0
0
0
0
0
0
0
0
0
0
0
0
0
0
0
0
0
0
0
0
0
0
0
0
0
0
0
0
0
0
0
0
0
0
0
0
0
0
0
0
0
0
0
0
0
0
0
0
0
0
0
0
0
0
0
0
0
0
0
0
0
0
0
0
0
0
0
0
0
0
0
0
0
0
0
0
0
0
0
0
0
0
0
0
0
0
0
0
0
0
0
0
0
0
0
0
0
0
0
$MCA_CAL:
3
-1.4656616 2.9313233 0.00000000000000
$ENER_FIT:
-1.4656616 2.9313233 0.00000000000000
$MCA_CAL_DATA:
3
298 872
597 1749
896 2625
$CAMBIO:
Parent file specification: C:\GADRAS-DRF\Temp\parallelGUI3\57CO_150.0_175.0_none_0_8.5.pcf
Successful read of spectrum: Yes
Error message: None
Warning: None
Information: None
Neutrons: 0
Number of spectral records in the parent file: 1
Record number of this spectrum in the parent file: 1
Date and time of acquisition read successfully from the original file: Yes
Live time read successfully from the original file: Yes
True time read successfully from the original file: Yes
GADRAS Tag character is:  
Version: 130122
Parent file type: Sandia GADRAS PCF
