$SPEC_ID:
57CO,1uC{0,0}
$MEAS_TIM:
3600.00 3600.00
$DATE_MEA:
3/9/2018 5:22:25 PM
$DATA:
0 1193
135.283
254.520
253.545
217.392
258.613
198.451
102.571
78.395
62.167
51.565
45.382
42.875
43.032
45.118
49.944
56.790
65.159
74.008
82.276
89.469
96.556
105.741
119.607
140.884
171.970
212.511
254.397
281.331
280.691
260.500
236.705
218.629
208.274
206.878
215.517
232.752
258.411
301.957
380.467
495.689
606.447
643.319
569.944
419.703
266.540
160.917
102.814
70.479
46.770
27.197
13.326
5.394
1.872
0.614
0.250
0.163
0.141
0.137
0.136
0.134
0.133
0.134
0.135
0.137
0.139
0.140
0.140
0.139
0.137
0.134
0.132
0.128
0.124
0.119
0.115
0.112
0.108
0.104
0.100
0.095
0.091
0.087
0.083
0.080
0.077
0.074
0.072
0.069
0.067
0.065
0.063
0.062
0.060
0.058
0.057
0.055
0.054
0.052
0.051
0.050
0.049
0.048
0.047
0.046
0.045
0.045
0.046
0.047
0.049
0.052
0.056
0.061
0.066
0.072
0.078
0.082
0.084
0.085
0.084
0.081
0.077
0.071
0.064
0.057
0.051
0.045
0.040
0.036
0.032
0.030
0.028
0.027
0.026
0.025
0.025
0.024
0.024
0.024
0.024
0.024
0.024
0.024
0.024
0.025
0.025
0.025
0.025
0.025
0.025
0.025
0.026
0.026
0.026
0.026
0.026
0.026
0.026
0.026
0.025
0.025
0.025
0.024
0.024
0.023
0.022
0.022
0.021
0.020
0.019
0.018
0.018
0.017
0.016
0.015
0.015
0.014
0.013
0.013
0.013
0.013
0.013
0.013
0.013
0.014
0.015
0.016
0.017
0.018
0.019
0.021
0.022
0.023
0.024
0.024
0.024
0.024
0.023
0.022
0.020
0.019
0.017
0.015
0.014
0.012
0.011
0.010
0.009
0.008
0.007
0.007
0.007
0.006
0.006
0.006
0.007
0.007
0.008
0.009
0.010
0.012
0.014
0.017
0.021
0.027
0.033
0.040
0.047
0.056
0.066
0.075
0.085
0.094
0.103
0.110
0.115
0.118
0.119
0.118
0.115
0.109
0.102
0.094
0.085
0.075
0.065
0.056
0.047
0.039
0.031
0.025
0.019
0.015
0.011
0.008
0.006
0.004
0.003
0.002
0.001
0.001
0.001
0.000
0.000
0.000
0.000
0.000
0.000
0.000
0.000
0.000
0.000
0.000
0.000
0.000
-0.000
-0.000
-0.000
0.000
0.000
0.000
0.000
0.000
-0.000
-0.000
-0.000
-0.000
-0.000
0.000
0.000
0
0
0
0
0
0
0
0
0
0
0
0
0
0
0
0
0
0
0
0
0
0
0
0
0
0
0
0
0
0
0
0
0
0
0
0
0
0
0
0
0
0
0
0
0
0
0
0
0
0
0
0
0
0
0
0
0
0
0
0
0
0
0
0
0
0
0
0
0
0
0
0
0
0
0
0
0
0
0
0
0
0
0
0
0
0
0
0
0
0
0
0
0
0
0
0
0
0
0
0
0
0
0
0
0
0
0
0
0
0
0
0
0
0
0
0
0
0
0
0
0
0
0
0
0
0
0
0
0
0
0
0
0
0
0
0
0
0
0
0
0
0
0
0
0
0
0
0
0
0
0
0
0
0
0
0
0
0
0
0
0
0
0
0
0
0
0
0
0
0
0
0
0
0
0
0
0
0
0
0
0
0
0
0
0
0
0
0
0
0
0
0
0
0
0
0
0
0
0
0
0
0
0
0
0
0
0
0
0
0
0
0
0
0
0
0
0
0
0
0
0
0
0
0
0
0
0
0
0
0
0
0
0
0
0
0
0
0
0
0
0
0
0
0
0
0
0
0
0
0
0
0
0
0
0
0
0
0
0
0
0
0
0
0
0
0
0
0
0
0
0
0
0
0
0
0
0
0
0
0
0
0
0
0
0
0
0
0
0
0
0
0
0
0
0
0
0
0
0
0
0
0
0
0
0
0
0
0
0
0
0
0
0
0
0
0
0
0
0
0
0
0
0
0
0
0
0
0
0
0
0
0
0
0
0
0
0
0
0
0
0
0
0
0
0
0
0
0
0
0
0
0
0
0
0
0
0
0
0
0
0
0
0
0
0
0
0
0
0
0
0
0
0
0
0
0
0
0
0
0
0
0
0
0
0
0
0
0
0
0
0
0
0
0
0
0
0
0
0
0
0
0
0
0
0
0
0
0
0
0
0
0
0
0
0
0
0
0
0
0
0
0
0
0
0
0
0
0
0
0
0
0
0
0
0
0
0
0
0
0
0
0
0
0
0
0
0
0
0
0
0
0
0
0
0
0
0
0
0
0
0
0
0
0
0
0
0
0
0
0
0
0
0
0
0
0
0
0
0
0
0
0
0
0
0
0
0
0
0
0
0
0
0
0
0
0
0
0
0
0
0
0
0
0
0
0
0
0
0
0
0
0
0
0
0
0
0
0
0
0
0
0
0
0
0
0
0
0
0
0
0
0
0
0
0
0
0
0
0
0
0
0
0
0
0
0
0
0
0
0
0
0
0
0
0
0
0
0
0
0
0
0
0
0
0
0
0
0
0
0
0
0
0
0
0
0
0
0
0
0
0
0
0
0
0
0
0
0
0
0
0
0
0
0
0
0
0
0
0
0
0
0
0
0
0
0
0
0
0
0
0
0
0
0
0
0
0
0
0
0
0
0
0
0
0
0
0
0
0
0
0
0
0
0
0
0
0
0
0
0
0
0
0
0
0
0
0
0
0
0
0
0
0
0
0
0
0
0
0
0
0
0
0
0
0
0
0
0
0
0
0
0
0
0
0
0
0
0
0
0
0
0
0
0
0
0
0
0
0
0
0
0
0
0
0
0
0
0
0
0
0
0
0
0
0
0
0
0
0
0
0
0
0
0
0
0
0
0
0
0
0
0
0
0
0
0
0
0
0
0
0
0
0
0
0
0
0
0
0
0
0
0
0
0
0
0
0
0
0
0
0
0
0
0
0
0
0
0
0
0
0
0
0
0
0
0
0
0
0
0
0
0
0
0
0
0
0
0
0
0
0
0
0
0
0
0
0
0
0
0
0
0
0
0
0
0
0
0
0
0
0
0
0
0
0
0
0
0
0
0
0
0
0
0
0
0
0
0
0
0
0
0
0
0
0
0
0
0
0
0
0
0
0
0
0
0
0
0
0
0
0
0
0
0
0
0
0
0
0
0
0
0
0
0
0
0
0
0
0
0
0
0
0
0
0
0
0
0
0
0
0
0
0
0
0
0
0
0
0
0
0
0
0
0
0
0
0
0
0
0
0
0
0
0
0
0
0
0
0
0
0
0
0
0
0
$MCA_CAL:
3
-1.4656616 2.9313233 0.00000000000000
$ENER_FIT:
-1.4656616 2.9313233 0.00000000000000
$MCA_CAL_DATA:
3
298 872
597 1749
896 2625
$CAMBIO:
Parent file specification: C:\GADRAS-DRF\Temp\parallelGUI3\57CO_125.0_237.5_none_0_7.0.pcf
Successful read of spectrum: Yes
Error message: None
Warning: None
Information: None
Neutrons: 0
Number of spectral records in the parent file: 1
Record number of this spectrum in the parent file: 1
Date and time of acquisition read successfully from the original file: Yes
Live time read successfully from the original file: Yes
True time read successfully from the original file: Yes
GADRAS Tag character is:  
Version: 130122
Parent file type: Sandia GADRAS PCF
