$SPEC_ID:
57CO,1uC{0,0}
$MEAS_TIM:
3600.00 3600.00
$DATE_MEA:
3/9/2018 5:22:25 PM
$DATA:
0 1193
280.621
533.493
525.330
551.161
3585.883
2623.305
236.226
147.664
116.411
96.660
87.227
83.142
77.532
73.147
75.526
82.473
92.257
101.619
108.954
113.649
115.842
117.715
129.881
176.760
285.113
457.471
629.298
724.726
786.637
966.809
1294.082
1633.849
1855.698
1964.203
2053.303
2207.000
2564.272
3492.453
5576.544
9026.540
12745.030
14520.367
12953.849
9173.675
5482.516
3200.143
2141.954
1555.008
1029.938
564.709
248.807
87.004
24.458
6.041
1.691
0.890
0.799
0.826
0.865
0.900
0.934
0.969
1.001
1.016
0.999
0.959
0.901
0.840
0.797
0.765
0.732
0.719
0.723
0.728
0.733
0.741
0.752
0.763
0.773
0.779
0.782
0.783
0.783
0.784
0.785
0.789
0.793
0.798
0.802
0.805
0.808
0.812
0.814
0.816
0.817
0.817
0.816
0.815
0.813
0.810
0.806
0.801
0.797
0.794
0.794
0.799
0.814
0.844
0.895
0.971
1.077
1.211
1.364
1.526
1.680
1.806
1.892
1.928
1.910
1.842
1.729
1.586
1.426
1.263
1.108
0.971
0.855
0.762
0.691
0.639
0.602
0.577
0.559
0.548
0.542
0.538
0.536
0.536
0.536
0.538
0.540
0.543
0.545
0.548
0.552
0.555
0.559
0.563
0.566
0.570
0.572
0.575
0.578
0.581
0.584
0.583
0.580
0.576
0.573
0.571
0.565
0.555
0.540
0.523
0.508
0.492
0.475
0.456
0.435
0.413
0.392
0.372
0.354
0.337
0.322
0.309
0.298
0.289
0.282
0.278
0.277
0.280
0.287
0.299
0.316
0.339
0.368
0.401
0.436
0.473
0.508
0.537
0.558
0.570
0.571
0.559
0.536
0.505
0.466
0.422
0.378
0.334
0.294
0.258
0.228
0.203
0.183
0.167
0.156
0.147
0.141
0.137
0.135
0.134
0.136
0.140
0.148
0.162
0.184
0.215
0.260
0.322
0.405
0.512
0.645
0.806
0.997
1.213
1.449
1.700
1.957
2.206
2.433
2.624
2.769
2.861
2.894
2.861
2.768
2.622
2.432
2.208
1.962
1.706
1.453
1.214
0.993
0.795
0.623
0.480
0.362
0.268
0.194
0.138
0.096
0.066
0.044
0.029
0.019
0.012
0.007
0.004
0.002
0.001
0.001
0.000
0.000
0.000
0.000
0.000
0.000
0.000
-0.000
-0.000
-0.000
-0.000
0.000
0.000
0.000
0
0
0
0
0
0
0
0
0
0
0
0
0
0
0
0
0
0
0
0
0
0
0
0
0
0
0
0
0
0
0
0
0
0
0
0
0
0
0
0
0
0
0
0
0
0
0
0
0
0
0
0
0
0
0
0
0
0
0
0
0
0
0
0
0
0
0
0
0
0
0
0
0
0
0
0
0
0
0
0
0
0
0
0
0
0
0
0
0
0
0
0
0
0
0
0
0
0
0
0
0
0
0
0
0
0
0
0
0
0
0
0
0
0
0
0
0
0
0
0
0
0
0
0
0
0
0
0
0
0
0
0
0
0
0
0
0
0
0
0
0
0
0
0
0
0
0
0
0
0
0
0
0
0
0
0
0
0
0
0
0
0
0
0
0
0
0
0
0
0
0
0
0
0
0
0
0
0
0
0
0
0
0
0
0
0
0
0
0
0
0
0
0
0
0
0
0
0
0
0
0
0
0
0
0
0
0
0
0
0
0
0
0
0
0
0
0
0
0
0
0
0
0
0
0
0
0
0
0
0
0
0
0
0
0
0
0
0
0
0
0
0
0
0
0
0
0
0
0
0
0
0
0
0
0
0
0
0
0
0
0
0
0
0
0
0
0
0
0
0
0
0
0
0
0
0
0
0
0
0
0
0
0
0
0
0
0
0
0
0
0
0
0
0
0
0
0
0
0
0
0
0
0
0
0
0
0
0
0
0
0
0
0
0
0
0
0
0
0
0
0
0
0
0
0
0
0
0
0
0
0
0
0
0
0
0
0
0
0
0
0
0
0
0
0
0
0
0
0
0
0
0
0
0
0
0
0
0
0
0
0
0
0
0
0
0
0
0
0
0
0
0
0
0
0
0
0
0
0
0
0
0
0
0
0
0
0
0
0
0
0
0
0
0
0
0
0
0
0
0
0
0
0
0
0
0
0
0
0
0
0
0
0
0
0
0
0
0
0
0
0
0
0
0
0
0
0
0
0
0
0
0
0
0
0
0
0
0
0
0
0
0
0
0
0
0
0
0
0
0
0
0
0
0
0
0
0
0
0
0
0
0
0
0
0
0
0
0
0
0
0
0
0
0
0
0
0
0
0
0
0
0
0
0
0
0
0
0
0
0
0
0
0
0
0
0
0
0
0
0
0
0
0
0
0
0
0
0
0
0
0
0
0
0
0
0
0
0
0
0
0
0
0
0
0
0
0
0
0
0
0
0
0
0
0
0
0
0
0
0
0
0
0
0
0
0
0
0
0
0
0
0
0
0
0
0
0
0
0
0
0
0
0
0
0
0
0
0
0
0
0
0
0
0
0
0
0
0
0
0
0
0
0
0
0
0
0
0
0
0
0
0
0
0
0
0
0
0
0
0
0
0
0
0
0
0
0
0
0
0
0
0
0
0
0
0
0
0
0
0
0
0
0
0
0
0
0
0
0
0
0
0
0
0
0
0
0
0
0
0
0
0
0
0
0
0
0
0
0
0
0
0
0
0
0
0
0
0
0
0
0
0
0
0
0
0
0
0
0
0
0
0
0
0
0
0
0
0
0
0
0
0
0
0
0
0
0
0
0
0
0
0
0
0
0
0
0
0
0
0
0
0
0
0
0
0
0
0
0
0
0
0
0
0
0
0
0
0
0
0
0
0
0
0
0
0
0
0
0
0
0
0
0
0
0
0
0
0
0
0
0
0
0
0
0
0
0
0
0
0
0
0
0
0
0
0
0
0
0
0
0
0
0
0
0
0
0
0
0
0
0
0
0
0
0
0
0
0
0
0
0
0
0
0
0
0
0
0
0
0
0
0
0
0
0
0
0
0
0
0
0
0
0
0
0
0
0
0
0
0
0
0
0
0
0
0
0
0
0
0
0
0
0
0
0
0
0
0
0
0
0
0
0
0
0
0
0
0
0
0
0
0
0
0
0
0
0
0
0
0
0
0
0
0
0
0
0
0
0
0
0
0
0
0
0
0
0
0
0
0
0
0
0
0
0
0
0
0
0
0
0
0
0
0
0
0
0
0
0
0
0
0
0
0
0
0
0
0
0
0
0
0
0
0
0
0
0
0
0
0
0
0
0
0
0
$MCA_CAL:
3
-1.4656616 2.9313233 0.00000000000000
$ENER_FIT:
-1.4656616 2.9313233 0.00000000000000
$MCA_CAL_DATA:
3
298 872
597 1749
896 2625
$CAMBIO:
Parent file specification: C:\GADRAS-DRF\Temp\parallelGUI3\57CO_150.0_50.0_none_0_6.5.pcf
Successful read of spectrum: Yes
Error message: None
Warning: None
Information: None
Neutrons: 0
Number of spectral records in the parent file: 1
Record number of this spectrum in the parent file: 1
Date and time of acquisition read successfully from the original file: Yes
Live time read successfully from the original file: Yes
True time read successfully from the original file: Yes
GADRAS Tag character is:  
Version: 130122
Parent file type: Sandia GADRAS PCF
