$SPEC_ID:
57CO,1uC{0,0}
$MEAS_TIM:
3600.00 3600.00
$DATE_MEA:
3/9/2018 5:22:25 PM
$DATA:
0 1193
387.480
700.577
715.479
989.953
3286.784
2692.849
482.647
192.150
144.056
116.183
100.825
93.236
87.913
86.073
91.136
102.442
116.450
128.975
137.250
140.280
139.909
144.418
175.277
259.260
412.751
611.250
799.115
936.060
1042.954
1183.177
1386.808
1621.919
1837.625
2025.271
2251.475
2648.678
3411.563
4737.080
6674.663
8930.792
10809.740
11567.972
10800.448
8857.499
6469.823
4351.037
2811.201
1815.569
1174.518
738.634
430.609
225.888
104.282
43.273
16.202
5.708
2.152
1.254
1.018
0.990
1.024
1.065
1.089
1.097
1.087
1.059
1.017
0.969
0.920
0.872
0.832
0.809
0.799
0.793
0.786
0.779
0.777
0.778
0.783
0.788
0.791
0.792
0.793
0.793
0.795
0.797
0.800
0.803
0.806
0.808
0.811
0.813
0.815
0.817
0.817
0.817
0.816
0.815
0.814
0.813
0.811
0.812
0.815
0.823
0.839
0.862
0.897
0.944
1.007
1.084
1.174
1.273
1.376
1.475
1.563
1.634
1.681
1.700
1.689
1.647
1.578
1.489
1.385
1.272
1.159
1.050
0.949
0.860
0.783
0.721
0.670
0.631
0.602
0.581
0.566
0.556
0.549
0.545
0.543
0.543
0.544
0.546
0.548
0.550
0.553
0.556
0.559
0.562
0.565
0.567
0.569
0.571
0.572
0.573
0.574
0.573
0.570
0.566
0.559
0.552
0.543
0.533
0.522
0.510
0.497
0.482
0.467
0.450
0.433
0.415
0.398
0.382
0.366
0.352
0.340
0.330
0.322
0.316
0.313
0.312
0.315
0.321
0.330
0.341
0.356
0.372
0.390
0.409
0.428
0.445
0.460
0.472
0.479
0.482
0.480
0.473
0.460
0.443
0.422
0.399
0.373
0.346
0.319
0.293
0.269
0.246
0.227
0.211
0.198
0.188
0.183
0.183
0.187
0.197
0.212
0.235
0.266
0.307
0.358
0.420
0.494
0.581
0.681
0.796
0.921
1.056
1.200
1.349
1.500
1.649
1.790
1.919
2.032
2.124
2.193
2.237
2.251
2.235
2.190
2.119
2.025
1.911
1.780
1.636
1.484
1.329
1.175
1.027
0.886
0.755
0.634
0.525
0.431
0.349
0.279
0.221
0.172
0.132
0.100
0.076
0.056
0.041
0.030
0.021
0.015
0.011
0.007
0.005
0.003
0.002
0.001
0.001
0.000
0.000
0.000
0.000
-0.000
-0.000
0.000
0.000
0.000
0.000
0.000
0.000
-0.000
-0.000
-0.000
-0.000
-0.000
0.000
0.000
0.000
0.000
0.000
0.000
0.000
0.000
0.000
0
0
0
0
0
0
0
0
0
0
0
0
0
0
0
0
0
0
0
0
0
0
0
0
0
0
0
0
0
0
0
0
0
0
0
0
0
0
0
0
0
0
0
0
0
0
0
0
0
0
0
0
0
0
0
0
0
0
0
0
0
0
0
0
0
0
0
0
0
0
0
0
0
0
0
0
0
0
0
0
0
0
0
0
0
0
0
0
0
0
0
0
0
0
0
0
0
0
0
0
0
0
0
0
0
0
0
0
0
0
0
0
0
0
0
0
0
0
0
0
0
0
0
0
0
0
0
0
0
0
0
0
0
0
0
0
0
0
0
0
0
0
0
0
0
0
0
0
0
0
0
0
0
0
0
0
0
0
0
0
0
0
0
0
0
0
0
0
0
0
0
0
0
0
0
0
0
0
0
0
0
0
0
0
0
0
0
0
0
0
0
0
0
0
0
0
0
0
0
0
0
0
0
0
0
0
0
0
0
0
0
0
0
0
0
0
0
0
0
0
0
0
0
0
0
0
0
0
0
0
0
0
0
0
0
0
0
0
0
0
0
0
0
0
0
0
0
0
0
0
0
0
0
0
0
0
0
0
0
0
0
0
0
0
0
0
0
0
0
0
0
0
0
0
0
0
0
0
0
0
0
0
0
0
0
0
0
0
0
0
0
0
0
0
0
0
0
0
0
0
0
0
0
0
0
0
0
0
0
0
0
0
0
0
0
0
0
0
0
0
0
0
0
0
0
0
0
0
0
0
0
0
0
0
0
0
0
0
0
0
0
0
0
0
0
0
0
0
0
0
0
0
0
0
0
0
0
0
0
0
0
0
0
0
0
0
0
0
0
0
0
0
0
0
0
0
0
0
0
0
0
0
0
0
0
0
0
0
0
0
0
0
0
0
0
0
0
0
0
0
0
0
0
0
0
0
0
0
0
0
0
0
0
0
0
0
0
0
0
0
0
0
0
0
0
0
0
0
0
0
0
0
0
0
0
0
0
0
0
0
0
0
0
0
0
0
0
0
0
0
0
0
0
0
0
0
0
0
0
0
0
0
0
0
0
0
0
0
0
0
0
0
0
0
0
0
0
0
0
0
0
0
0
0
0
0
0
0
0
0
0
0
0
0
0
0
0
0
0
0
0
0
0
0
0
0
0
0
0
0
0
0
0
0
0
0
0
0
0
0
0
0
0
0
0
0
0
0
0
0
0
0
0
0
0
0
0
0
0
0
0
0
0
0
0
0
0
0
0
0
0
0
0
0
0
0
0
0
0
0
0
0
0
0
0
0
0
0
0
0
0
0
0
0
0
0
0
0
0
0
0
0
0
0
0
0
0
0
0
0
0
0
0
0
0
0
0
0
0
0
0
0
0
0
0
0
0
0
0
0
0
0
0
0
0
0
0
0
0
0
0
0
0
0
0
0
0
0
0
0
0
0
0
0
0
0
0
0
0
0
0
0
0
0
0
0
0
0
0
0
0
0
0
0
0
0
0
0
0
0
0
0
0
0
0
0
0
0
0
0
0
0
0
0
0
0
0
0
0
0
0
0
0
0
0
0
0
0
0
0
0
0
0
0
0
0
0
0
0
0
0
0
0
0
0
0
0
0
0
0
0
0
0
0
0
0
0
0
0
0
0
0
0
0
0
0
0
0
0
0
0
0
0
0
0
0
0
0
0
0
0
0
0
0
0
0
0
0
0
0
0
0
0
0
0
0
0
0
0
0
0
0
0
0
0
0
0
0
0
0
0
0
0
0
0
0
0
0
0
0
0
0
0
0
0
0
0
0
0
0
0
0
0
0
0
0
0
0
0
0
0
0
0
0
0
0
0
0
0
0
0
0
0
0
0
0
0
0
0
0
0
0
0
0
0
0
0
0
0
0
0
0
0
0
0
0
0
0
0
0
0
0
0
0
0
0
0
0
0
0
0
0
0
0
0
0
0
0
0
0
0
0
0
0
0
0
0
0
0
0
0
0
0
0
0
0
0
0
0
0
0
0
0
0
0
0
0
0
0
0
0
0
0
0
0
0
$MCA_CAL:
3
-1.4656616 2.9313233 0.00000000000000
$ENER_FIT:
-1.4656616 2.9313233 0.00000000000000
$MCA_CAL_DATA:
3
298 872
597 1749
896 2625
$CAMBIO:
Parent file specification: C:\GADRAS-DRF\Temp\parallelGUI3\57CO_100.0_50.0_none_0_8.5.pcf
Successful read of spectrum: Yes
Error message: None
Warning: None
Information: None
Neutrons: 0
Number of spectral records in the parent file: 1
Record number of this spectrum in the parent file: 1
Date and time of acquisition read successfully from the original file: Yes
Live time read successfully from the original file: Yes
True time read successfully from the original file: Yes
GADRAS Tag character is:  
Version: 130122
Parent file type: Sandia GADRAS PCF
