$SPEC_ID:
57CO,1uC{26,11.02}
$MEAS_TIM:
3600.00 3600.00
$DATE_MEA:
3/9/2018 5:22:25 PM
$DATA:
0 1193
19.067
35.908
35.186
38.789
30.497
23.391
18.201
14.117
11.233
9.207
8.097
7.659
7.791
8.390
9.409
10.685
12.302
14.263
16.432
18.647
21.636
24.743
27.521
30.288
34.475
40.273
46.394
50.296
50.090
47.805
46.932
47.792
49.102
50.251
51.609
52.911
53.878
56.121
63.418
80.063
100.638
108.457
91.722
62.064
36.691
24.455
19.209
14.736
9.513
4.884
2.027
0.779
0.373
0.268
0.247
0.243
0.240
0.238
0.236
0.235
0.233
0.233
0.234
0.233
0.232
0.229
0.225
0.219
0.213
0.207
0.201
0.195
0.189
0.183
0.177
0.171
0.165
0.161
0.158
0.154
0.150
0.146
0.142
0.139
0.136
0.133
0.130
0.127
0.124
0.122
0.119
0.117
0.114
0.111
0.109
0.108
0.106
0.105
0.103
0.102
0.100
0.099
0.097
0.096
0.094
0.093
0.091
0.090
0.090
0.090
0.092
0.094
0.097
0.101
0.104
0.106
0.107
0.107
0.105
0.101
0.096
0.090
0.084
0.077
0.071
0.066
0.062
0.058
0.056
0.054
0.052
0.051
0.050
0.049
0.048
0.047
0.047
0.046
0.046
0.045
0.045
0.045
0.044
0.044
0.044
0.043
0.043
0.043
0.042
0.042
0.042
0.042
0.041
0.041
0.041
0.041
0.040
0.040
0.039
0.039
0.038
0.038
0.037
0.036
0.036
0.035
0.034
0.033
0.032
0.031
0.030
0.029
0.028
0.028
0.027
0.026
0.026
0.025
0.025
0.024
0.024
0.024
0.024
0.024
0.025
0.025
0.026
0.027
0.029
0.030
0.031
0.033
0.033
0.034
0.034
0.033
0.032
0.030
0.029
0.027
0.025
0.023
0.021
0.020
0.019
0.018
0.018
0.017
0.017
0.016
0.016
0.016
0.016
0.016
0.016
0.016
0.016
0.016
0.016
0.017
0.018
0.020
0.023
0.026
0.031
0.036
0.043
0.052
0.061
0.071
0.082
0.093
0.102
0.111
0.117
0.121
0.121
0.119
0.114
0.107
0.098
0.087
0.076
0.065
0.054
0.043
0.034
0.027
0.020
0.015
0.011
0.008
0.005
0.004
0.002
0.002
0.001
0.001
0.000
0.000
0.000
0.000
0.000
0.000
0.000
0.000
0.000
0.000
-0.000
-0.000
-0.000
-0.000
0.000
0.000
0.000
0.000
0.000
0.000
0
0
0
0
0
0
0
0
0
0
0
0
0
0
0
0
0
0
0
0
0
0
0
0
0
0
0
0
0
0
0
0
0
0
0
0
0
0
0
0
0
0
0
0
0
0
0
0
0
0
0
0
0
0
0
0
0
0
0
0
0
0
0
0
0
0
0
0
0
0
0
0
0
0
0
0
0
0
0
0
0
0
0
0
0
0
0
0
0
0
0
0
0
0
0
0
0
0
0
0
0
0
0
0
0
0
0
0
0
0
0
0
0
0
0
0
0
0
0
0
0
0
0
0
0
0
0
0
0
0
0
0
0
0
0
0
0
0
0
0
0
0
0
0
0
0
0
0
0
0
0
0
0
0
0
0
0
0
0
0
0
0
0
0
0
0
0
0
0
0
0
0
0
0
0
0
0
0
0
0
0
0
0
0
0
0
0
0
0
0
0
0
0
0
0
0
0
0
0
0
0
0
0
0
0
0
0
0
0
0
0
0
0
0
0
0
0
0
0
0
0
0
0
0
0
0
0
0
0
0
0
0
0
0
0
0
0
0
0
0
0
0
0
0
0
0
0
0
0
0
0
0
0
0
0
0
0
0
0
0
0
0
0
0
0
0
0
0
0
0
0
0
0
0
0
0
0
0
0
0
0
0
0
0
0
0
0
0
0
0
0
0
0
0
0
0
0
0
0
0
0
0
0
0
0
0
0
0
0
0
0
0
0
0
0
0
0
0
0
0
0
0
0
0
0
0
0
0
0
0
0
0
0
0
0
0
0
0
0
0
0
0
0
0
0
0
0
0
0
0
0
0
0
0
0
0
0
0
0
0
0
0
0
0
0
0
0
0
0
0
0
0
0
0
0
0
0
0
0
0
0
0
0
0
0
0
0
0
0
0
0
0
0
0
0
0
0
0
0
0
0
0
0
0
0
0
0
0
0
0
0
0
0
0
0
0
0
0
0
0
0
0
0
0
0
0
0
0
0
0
0
0
0
0
0
0
0
0
0
0
0
0
0
0
0
0
0
0
0
0
0
0
0
0
0
0
0
0
0
0
0
0
0
0
0
0
0
0
0
0
0
0
0
0
0
0
0
0
0
0
0
0
0
0
0
0
0
0
0
0
0
0
0
0
0
0
0
0
0
0
0
0
0
0
0
0
0
0
0
0
0
0
0
0
0
0
0
0
0
0
0
0
0
0
0
0
0
0
0
0
0
0
0
0
0
0
0
0
0
0
0
0
0
0
0
0
0
0
0
0
0
0
0
0
0
0
0
0
0
0
0
0
0
0
0
0
0
0
0
0
0
0
0
0
0
0
0
0
0
0
0
0
0
0
0
0
0
0
0
0
0
0
0
0
0
0
0
0
0
0
0
0
0
0
0
0
0
0
0
0
0
0
0
0
0
0
0
0
0
0
0
0
0
0
0
0
0
0
0
0
0
0
0
0
0
0
0
0
0
0
0
0
0
0
0
0
0
0
0
0
0
0
0
0
0
0
0
0
0
0
0
0
0
0
0
0
0
0
0
0
0
0
0
0
0
0
0
0
0
0
0
0
0
0
0
0
0
0
0
0
0
0
0
0
0
0
0
0
0
0
0
0
0
0
0
0
0
0
0
0
0
0
0
0
0
0
0
0
0
0
0
0
0
0
0
0
0
0
0
0
0
0
0
0
0
0
0
0
0
0
0
0
0
0
0
0
0
0
0
0
0
0
0
0
0
0
0
0
0
0
0
0
0
0
0
0
0
0
0
0
0
0
0
0
0
0
0
0
0
0
0
0
0
0
0
0
0
0
0
0
0
0
0
0
0
0
0
0
0
0
0
0
0
0
0
0
0
0
0
0
0
0
0
0
0
0
0
0
0
0
0
0
0
0
0
0
0
0
0
0
0
0
0
0
0
0
0
0
0
0
0
0
0
0
0
0
0
0
0
0
0
0
0
0
0
0
0
0
0
0
0
0
0
0
0
0
0
0
0
0
0
0
0
0
0
0
0
0
0
0
0
0
0
0
0
0
0
0
0
0
0
0
0
0
0
0
0
0
0
0
0
0
0
0
0
0
0
0
0
0
0
0
0
0
0
0
$MCA_CAL:
3
-1.4656616 2.9313233 0.00000000000000
$ENER_FIT:
-1.4656616 2.9313233 0.00000000000000
$MCA_CAL_DATA:
3
298 872
597 1749
896 2625
$CAMBIO:
Parent file specification: C:\GADRAS-DRF\Temp\parallelGUI3\57CO_50.0_175.0_iron_11.02_6.0.pcf
Successful read of spectrum: Yes
Error message: None
Warning: None
Information: None
Neutrons: 0
Number of spectral records in the parent file: 1
Record number of this spectrum in the parent file: 1
Date and time of acquisition read successfully from the original file: Yes
Live time read successfully from the original file: Yes
True time read successfully from the original file: Yes
GADRAS Tag character is:  
Version: 130122
Parent file type: Sandia GADRAS PCF
