$SPEC_ID:
57CO,1uC{0,0}
$MEAS_TIM:
3600.00 3600.00
$DATE_MEA:
3/9/2018 5:22:25 PM
$DATA:
0 1193
323.324
613.416
603.816
615.533
3633.943
2658.024
261.389
165.417
128.932
105.617
93.987
88.897
83.056
78.985
82.606
91.615
103.854
114.961
123.061
127.573
128.335
127.521
138.424
191.642
319.320
522.911
723.255
824.357
863.874
1011.889
1316.175
1645.556
1865.718
1977.323
2072.356
2232.422
2593.833
3522.316
5602.915
9047.303
12759.842
14529.834
12959.773
9177.199
5484.516
3201.266
2142.567
1555.361
1030.124
564.812
248.871
87.052
24.499
6.079
1.727
0.924
0.832
0.860
0.901
0.939
0.976
1.016
1.053
1.072
1.058
1.018
0.957
0.889
0.839
0.799
0.760
0.741
0.742
0.744
0.746
0.752
0.760
0.770
0.778
0.784
0.786
0.786
0.786
0.786
0.788
0.791
0.795
0.799
0.804
0.807
0.810
0.813
0.815
0.817
0.818
0.818
0.817
0.816
0.814
0.811
0.807
0.802
0.798
0.795
0.795
0.800
0.815
0.845
0.895
0.972
1.078
1.211
1.365
1.527
1.680
1.807
1.892
1.928
1.911
1.842
1.730
1.586
1.426
1.263
1.109
0.971
0.855
0.762
0.692
0.639
0.602
0.577
0.559
0.548
0.542
0.538
0.536
0.536
0.536
0.538
0.540
0.543
0.545
0.548
0.552
0.555
0.559
0.563
0.566
0.570
0.572
0.575
0.578
0.581
0.584
0.583
0.580
0.576
0.573
0.571
0.565
0.555
0.540
0.523
0.508
0.492
0.475
0.456
0.435
0.413
0.392
0.372
0.354
0.337
0.322
0.309
0.298
0.289
0.282
0.278
0.277
0.280
0.287
0.299
0.316
0.339
0.368
0.401
0.436
0.473
0.508
0.537
0.558
0.570
0.571
0.559
0.536
0.505
0.466
0.422
0.378
0.334
0.294
0.258
0.228
0.203
0.183
0.167
0.156
0.147
0.141
0.137
0.135
0.134
0.136
0.140
0.148
0.162
0.184
0.215
0.260
0.322
0.405
0.512
0.645
0.806
0.997
1.213
1.449
1.700
1.957
2.206
2.433
2.624
2.769
2.861
2.894
2.861
2.768
2.622
2.432
2.208
1.962
1.706
1.453
1.214
0.993
0.795
0.623
0.480
0.362
0.268
0.194
0.138
0.096
0.066
0.044
0.029
0.019
0.012
0.007
0.004
0.002
0.001
0.001
0.000
0.000
0.000
0.000
0.000
0.000
0.000
-0.000
-0.000
-0.000
-0.000
0.000
0.000
0.000
0
0
0
0
0
0
0
0
0
0
0
0
0
0
0
0
0
0
0
0
0
0
0
0
0
0
0
0
0
0
0
0
0
0
0
0
0
0
0
0
0
0
0
0
0
0
0
0
0
0
0
0
0
0
0
0
0
0
0
0
0
0
0
0
0
0
0
0
0
0
0
0
0
0
0
0
0
0
0
0
0
0
0
0
0
0
0
0
0
0
0
0
0
0
0
0
0
0
0
0
0
0
0
0
0
0
0
0
0
0
0
0
0
0
0
0
0
0
0
0
0
0
0
0
0
0
0
0
0
0
0
0
0
0
0
0
0
0
0
0
0
0
0
0
0
0
0
0
0
0
0
0
0
0
0
0
0
0
0
0
0
0
0
0
0
0
0
0
0
0
0
0
0
0
0
0
0
0
0
0
0
0
0
0
0
0
0
0
0
0
0
0
0
0
0
0
0
0
0
0
0
0
0
0
0
0
0
0
0
0
0
0
0
0
0
0
0
0
0
0
0
0
0
0
0
0
0
0
0
0
0
0
0
0
0
0
0
0
0
0
0
0
0
0
0
0
0
0
0
0
0
0
0
0
0
0
0
0
0
0
0
0
0
0
0
0
0
0
0
0
0
0
0
0
0
0
0
0
0
0
0
0
0
0
0
0
0
0
0
0
0
0
0
0
0
0
0
0
0
0
0
0
0
0
0
0
0
0
0
0
0
0
0
0
0
0
0
0
0
0
0
0
0
0
0
0
0
0
0
0
0
0
0
0
0
0
0
0
0
0
0
0
0
0
0
0
0
0
0
0
0
0
0
0
0
0
0
0
0
0
0
0
0
0
0
0
0
0
0
0
0
0
0
0
0
0
0
0
0
0
0
0
0
0
0
0
0
0
0
0
0
0
0
0
0
0
0
0
0
0
0
0
0
0
0
0
0
0
0
0
0
0
0
0
0
0
0
0
0
0
0
0
0
0
0
0
0
0
0
0
0
0
0
0
0
0
0
0
0
0
0
0
0
0
0
0
0
0
0
0
0
0
0
0
0
0
0
0
0
0
0
0
0
0
0
0
0
0
0
0
0
0
0
0
0
0
0
0
0
0
0
0
0
0
0
0
0
0
0
0
0
0
0
0
0
0
0
0
0
0
0
0
0
0
0
0
0
0
0
0
0
0
0
0
0
0
0
0
0
0
0
0
0
0
0
0
0
0
0
0
0
0
0
0
0
0
0
0
0
0
0
0
0
0
0
0
0
0
0
0
0
0
0
0
0
0
0
0
0
0
0
0
0
0
0
0
0
0
0
0
0
0
0
0
0
0
0
0
0
0
0
0
0
0
0
0
0
0
0
0
0
0
0
0
0
0
0
0
0
0
0
0
0
0
0
0
0
0
0
0
0
0
0
0
0
0
0
0
0
0
0
0
0
0
0
0
0
0
0
0
0
0
0
0
0
0
0
0
0
0
0
0
0
0
0
0
0
0
0
0
0
0
0
0
0
0
0
0
0
0
0
0
0
0
0
0
0
0
0
0
0
0
0
0
0
0
0
0
0
0
0
0
0
0
0
0
0
0
0
0
0
0
0
0
0
0
0
0
0
0
0
0
0
0
0
0
0
0
0
0
0
0
0
0
0
0
0
0
0
0
0
0
0
0
0
0
0
0
0
0
0
0
0
0
0
0
0
0
0
0
0
0
0
0
0
0
0
0
0
0
0
0
0
0
0
0
0
0
0
0
0
0
0
0
0
0
0
0
0
0
0
0
0
0
0
0
0
0
0
0
0
0
0
0
0
0
0
0
0
0
0
0
0
0
0
0
0
0
0
0
0
0
0
0
0
0
0
0
0
0
0
0
0
0
0
0
0
0
0
0
0
0
0
0
0
0
0
0
0
0
0
0
0
0
0
0
0
0
0
0
0
0
0
0
0
0
0
0
0
0
0
0
0
0
0
0
0
0
0
0
0
0
0
0
0
0
0
0
0
0
0
0
0
0
0
0
0
0
0
0
0
0
0
0
0
0
0
0
0
0
0
0
0
0
0
0
0
0
0
0
0
0
0
0
0
0
0
0
0
0
0
0
0
0
0
$MCA_CAL:
3
-1.4656616 2.9313233 0.00000000000000
$ENER_FIT:
-1.4656616 2.9313233 0.00000000000000
$MCA_CAL_DATA:
3
298 872
597 1749
896 2625
$CAMBIO:
Parent file specification: C:\GADRAS-DRF\Temp\parallelGUI3\57CO_125.0_50.0_none_0_6.5.pcf
Successful read of spectrum: Yes
Error message: None
Warning: None
Information: None
Neutrons: 0
Number of spectral records in the parent file: 1
Record number of this spectrum in the parent file: 1
Date and time of acquisition read successfully from the original file: Yes
Live time read successfully from the original file: Yes
True time read successfully from the original file: Yes
GADRAS Tag character is:  
Version: 130122
Parent file type: Sandia GADRAS PCF
