$SPEC_ID:
57CO,1uC{26,1.53}
$MEAS_TIM:
3600.00 3600.00
$DATE_MEA:
3/9/2018 5:22:25 PM
$DATA:
0 1193
122.540
225.801
226.696
202.403
159.603
122.193
94.817
73.160
57.321
46.796
41.038
38.574
38.804
41.135
45.793
52.423
60.319
68.631
76.722
84.336
92.998
104.120
120.069
144.344
180.692
224.947
266.438
290.717
291.097
274.173
254.061
240.669
235.937
239.467
252.152
276.174
317.144
385.412
487.522
610.357
713.883
743.665
675.598
534.722
375.635
245.753
157.702
103.468
67.870
42.367
23.684
11.717
5.087
2.004
0.770
0.371
0.249
0.220
0.213
0.212
0.213
0.215
0.218
0.221
0.223
0.224
0.223
0.220
0.214
0.208
0.201
0.194
0.186
0.178
0.171
0.163
0.157
0.150
0.144
0.138
0.132
0.126
0.121
0.117
0.113
0.110
0.106
0.103
0.100
0.098
0.096
0.094
0.092
0.090
0.088
0.087
0.086
0.084
0.083
0.082
0.081
0.080
0.079
0.079
0.079
0.080
0.081
0.084
0.087
0.092
0.098
0.105
0.113
0.120
0.126
0.132
0.135
0.136
0.134
0.130
0.125
0.117
0.108
0.099
0.090
0.082
0.074
0.068
0.062
0.058
0.054
0.052
0.050
0.048
0.047
0.047
0.046
0.046
0.046
0.046
0.046
0.046
0.046
0.046
0.046
0.046
0.047
0.047
0.047
0.047
0.047
0.047
0.047
0.047
0.047
0.047
0.047
0.047
0.046
0.046
0.045
0.044
0.043
0.042
0.041
0.040
0.039
0.038
0.036
0.035
0.034
0.032
0.031
0.030
0.029
0.028
0.027
0.027
0.026
0.026
0.026
0.027
0.027
0.028
0.029
0.031
0.032
0.034
0.035
0.037
0.038
0.039
0.040
0.040
0.040
0.039
0.038
0.037
0.035
0.033
0.031
0.029
0.026
0.024
0.022
0.021
0.019
0.018
0.017
0.016
0.016
0.015
0.016
0.016
0.017
0.018
0.020
0.023
0.026
0.030
0.035
0.041
0.049
0.057
0.067
0.077
0.089
0.101
0.113
0.125
0.137
0.148
0.158
0.166
0.171
0.175
0.176
0.175
0.171
0.164
0.156
0.146
0.135
0.123
0.110
0.097
0.085
0.073
0.062
0.052
0.042
0.034
0.028
0.022
0.017
0.013
0.010
0.007
0.005
0.004
0.003
0.002
0.001
0.001
0.001
0.000
0.000
0.000
0.000
0.000
0.000
0.000
0.000
0.000
0.000
-0.000
-0.000
0.000
0.000
0.000
0.000
0.000
-0.000
-0.000
-0.000
-0.000
-0.000
0.000
0.000
0.000
0.000
0
0
0
0
0
0
0
0
0
0
0
0
0
0
0
0
0
0
0
0
0
0
0
0
0
0
0
0
0
0
0
0
0
0
0
0
0
0
0
0
0
0
0
0
0
0
0
0
0
0
0
0
0
0
0
0
0
0
0
0
0
0
0
0
0
0
0
0
0
0
0
0
0
0
0
0
0
0
0
0
0
0
0
0
0
0
0
0
0
0
0
0
0
0
0
0
0
0
0
0
0
0
0
0
0
0
0
0
0
0
0
0
0
0
0
0
0
0
0
0
0
0
0
0
0
0
0
0
0
0
0
0
0
0
0
0
0
0
0
0
0
0
0
0
0
0
0
0
0
0
0
0
0
0
0
0
0
0
0
0
0
0
0
0
0
0
0
0
0
0
0
0
0
0
0
0
0
0
0
0
0
0
0
0
0
0
0
0
0
0
0
0
0
0
0
0
0
0
0
0
0
0
0
0
0
0
0
0
0
0
0
0
0
0
0
0
0
0
0
0
0
0
0
0
0
0
0
0
0
0
0
0
0
0
0
0
0
0
0
0
0
0
0
0
0
0
0
0
0
0
0
0
0
0
0
0
0
0
0
0
0
0
0
0
0
0
0
0
0
0
0
0
0
0
0
0
0
0
0
0
0
0
0
0
0
0
0
0
0
0
0
0
0
0
0
0
0
0
0
0
0
0
0
0
0
0
0
0
0
0
0
0
0
0
0
0
0
0
0
0
0
0
0
0
0
0
0
0
0
0
0
0
0
0
0
0
0
0
0
0
0
0
0
0
0
0
0
0
0
0
0
0
0
0
0
0
0
0
0
0
0
0
0
0
0
0
0
0
0
0
0
0
0
0
0
0
0
0
0
0
0
0
0
0
0
0
0
0
0
0
0
0
0
0
0
0
0
0
0
0
0
0
0
0
0
0
0
0
0
0
0
0
0
0
0
0
0
0
0
0
0
0
0
0
0
0
0
0
0
0
0
0
0
0
0
0
0
0
0
0
0
0
0
0
0
0
0
0
0
0
0
0
0
0
0
0
0
0
0
0
0
0
0
0
0
0
0
0
0
0
0
0
0
0
0
0
0
0
0
0
0
0
0
0
0
0
0
0
0
0
0
0
0
0
0
0
0
0
0
0
0
0
0
0
0
0
0
0
0
0
0
0
0
0
0
0
0
0
0
0
0
0
0
0
0
0
0
0
0
0
0
0
0
0
0
0
0
0
0
0
0
0
0
0
0
0
0
0
0
0
0
0
0
0
0
0
0
0
0
0
0
0
0
0
0
0
0
0
0
0
0
0
0
0
0
0
0
0
0
0
0
0
0
0
0
0
0
0
0
0
0
0
0
0
0
0
0
0
0
0
0
0
0
0
0
0
0
0
0
0
0
0
0
0
0
0
0
0
0
0
0
0
0
0
0
0
0
0
0
0
0
0
0
0
0
0
0
0
0
0
0
0
0
0
0
0
0
0
0
0
0
0
0
0
0
0
0
0
0
0
0
0
0
0
0
0
0
0
0
0
0
0
0
0
0
0
0
0
0
0
0
0
0
0
0
0
0
0
0
0
0
0
0
0
0
0
0
0
0
0
0
0
0
0
0
0
0
0
0
0
0
0
0
0
0
0
0
0
0
0
0
0
0
0
0
0
0
0
0
0
0
0
0
0
0
0
0
0
0
0
0
0
0
0
0
0
0
0
0
0
0
0
0
0
0
0
0
0
0
0
0
0
0
0
0
0
0
0
0
0
0
0
0
0
0
0
0
0
0
0
0
0
0
0
0
0
0
0
0
0
0
0
0
0
0
0
0
0
0
0
0
0
0
0
0
0
0
0
0
0
0
0
0
0
0
0
0
0
0
0
0
0
0
0
0
0
0
0
0
0
0
0
0
0
0
0
0
0
0
0
0
0
0
0
0
0
0
0
0
0
0
0
0
0
0
0
0
0
0
0
0
0
0
0
0
0
0
0
0
0
0
0
0
0
0
0
0
0
0
0
0
0
0
0
0
0
0
0
0
0
0
0
0
0
0
0
0
0
0
0
0
0
0
$MCA_CAL:
3
-1.4656616 2.9313233 0.00000000000000
$ENER_FIT:
-1.4656616 2.9313233 0.00000000000000
$MCA_CAL_DATA:
3
298 872
597 1749
896 2625
$CAMBIO:
Parent file specification: C:\GADRAS-DRF\Temp\parallelGUI3\57CO_125.0_175.0_iron_1.53_8.0.pcf
Successful read of spectrum: Yes
Error message: None
Warning: None
Information: None
Neutrons: 0
Number of spectral records in the parent file: 1
Record number of this spectrum in the parent file: 1
Date and time of acquisition read successfully from the original file: Yes
Live time read successfully from the original file: Yes
True time read successfully from the original file: Yes
GADRAS Tag character is:  
Version: 130122
Parent file type: Sandia GADRAS PCF
