$SPEC_ID:
57CO,1uC{82,0.92}
$MEAS_TIM:
3600.00 3600.00
$DATE_MEA:
3/9/2018 5:22:25 PM
$DATA:
0 1193
15.933
28.245
27.887
23.655
18.499
14.219
11.131
8.664
6.868
5.669
4.966
4.693
4.714
4.947
5.422
6.078
6.959
7.995
9.074
10.100
11.078
12.018
13.006
14.459
16.916
20.564
24.594
27.194
27.130
25.557
24.559
24.728
25.526
26.501
27.629
28.766
29.993
32.623
39.166
50.830
63.451
68.294
60.272
44.329
29.811
21.354
17.116
13.471
9.165
5.142
2.391
0.983
0.442
0.281
0.240
0.229
0.224
0.221
0.219
0.219
0.219
0.221
0.223
0.226
0.228
0.229
0.227
0.223
0.218
0.212
0.207
0.201
0.196
0.191
0.186
0.181
0.176
0.172
0.167
0.163
0.159
0.154
0.150
0.147
0.144
0.142
0.139
0.136
0.134
0.132
0.130
0.129
0.127
0.125
0.123
0.122
0.120
0.119
0.117
0.115
0.114
0.112
0.111
0.109
0.108
0.107
0.107
0.107
0.109
0.112
0.117
0.124
0.133
0.141
0.150
0.156
0.160
0.161
0.158
0.153
0.144
0.134
0.123
0.111
0.101
0.091
0.082
0.076
0.070
0.066
0.063
0.060
0.058
0.057
0.056
0.055
0.054
0.053
0.053
0.052
0.052
0.052
0.052
0.051
0.051
0.051
0.051
0.050
0.050
0.050
0.050
0.050
0.049
0.049
0.049
0.049
0.048
0.048
0.047
0.047
0.046
0.045
0.044
0.043
0.041
0.040
0.039
0.037
0.036
0.034
0.032
0.031
0.029
0.028
0.027
0.026
0.025
0.024
0.023
0.023
0.023
0.023
0.023
0.024
0.025
0.027
0.029
0.031
0.034
0.037
0.039
0.041
0.043
0.044
0.044
0.043
0.041
0.039
0.036
0.033
0.029
0.026
0.023
0.021
0.019
0.017
0.015
0.014
0.013
0.013
0.012
0.012
0.012
0.012
0.012
0.012
0.013
0.014
0.015
0.018
0.021
0.026
0.032
0.040
0.050
0.062
0.076
0.092
0.109
0.128
0.147
0.166
0.182
0.197
0.207
0.214
0.216
0.214
0.207
0.196
0.182
0.165
0.147
0.127
0.108
0.091
0.074
0.059
0.047
0.036
0.027
0.020
0.014
0.010
0.007
0.005
0.003
0.002
0.001
0.001
0.001
0.000
0.000
0.000
0.000
0.000
0.000
0.000
0.000
0.000
0.000
0.000
-0.000
-0.000
-0.000
-0.000
0.000
0.000
0.000
0.000
0.000
0.000
0.000
0
0
0
0
0
0
0
0
0
0
0
0
0
0
0
0
0
0
0
0
0
0
0
0
0
0
0
0
0
0
0
0
0
0
0
0
0
0
0
0
0
0
0
0
0
0
0
0
0
0
0
0
0
0
0
0
0
0
0
0
0
0
0
0
0
0
0
0
0
0
0
0
0
0
0
0
0
0
0
0
0
0
0
0
0
0
0
0
0
0
0
0
0
0
0
0
0
0
0
0
0
0
0
0
0
0
0
0
0
0
0
0
0
0
0
0
0
0
0
0
0
0
0
0
0
0
0
0
0
0
0
0
0
0
0
0
0
0
0
0
0
0
0
0
0
0
0
0
0
0
0
0
0
0
0
0
0
0
0
0
0
0
0
0
0
0
0
0
0
0
0
0
0
0
0
0
0
0
0
0
0
0
0
0
0
0
0
0
0
0
0
0
0
0
0
0
0
0
0
0
0
0
0
0
0
0
0
0
0
0
0
0
0
0
0
0
0
0
0
0
0
0
0
0
0
0
0
0
0
0
0
0
0
0
0
0
0
0
0
0
0
0
0
0
0
0
0
0
0
0
0
0
0
0
0
0
0
0
0
0
0
0
0
0
0
0
0
0
0
0
0
0
0
0
0
0
0
0
0
0
0
0
0
0
0
0
0
0
0
0
0
0
0
0
0
0
0
0
0
0
0
0
0
0
0
0
0
0
0
0
0
0
0
0
0
0
0
0
0
0
0
0
0
0
0
0
0
0
0
0
0
0
0
0
0
0
0
0
0
0
0
0
0
0
0
0
0
0
0
0
0
0
0
0
0
0
0
0
0
0
0
0
0
0
0
0
0
0
0
0
0
0
0
0
0
0
0
0
0
0
0
0
0
0
0
0
0
0
0
0
0
0
0
0
0
0
0
0
0
0
0
0
0
0
0
0
0
0
0
0
0
0
0
0
0
0
0
0
0
0
0
0
0
0
0
0
0
0
0
0
0
0
0
0
0
0
0
0
0
0
0
0
0
0
0
0
0
0
0
0
0
0
0
0
0
0
0
0
0
0
0
0
0
0
0
0
0
0
0
0
0
0
0
0
0
0
0
0
0
0
0
0
0
0
0
0
0
0
0
0
0
0
0
0
0
0
0
0
0
0
0
0
0
0
0
0
0
0
0
0
0
0
0
0
0
0
0
0
0
0
0
0
0
0
0
0
0
0
0
0
0
0
0
0
0
0
0
0
0
0
0
0
0
0
0
0
0
0
0
0
0
0
0
0
0
0
0
0
0
0
0
0
0
0
0
0
0
0
0
0
0
0
0
0
0
0
0
0
0
0
0
0
0
0
0
0
0
0
0
0
0
0
0
0
0
0
0
0
0
0
0
0
0
0
0
0
0
0
0
0
0
0
0
0
0
0
0
0
0
0
0
0
0
0
0
0
0
0
0
0
0
0
0
0
0
0
0
0
0
0
0
0
0
0
0
0
0
0
0
0
0
0
0
0
0
0
0
0
0
0
0
0
0
0
0
0
0
0
0
0
0
0
0
0
0
0
0
0
0
0
0
0
0
0
0
0
0
0
0
0
0
0
0
0
0
0
0
0
0
0
0
0
0
0
0
0
0
0
0
0
0
0
0
0
0
0
0
0
0
0
0
0
0
0
0
0
0
0
0
0
0
0
0
0
0
0
0
0
0
0
0
0
0
0
0
0
0
0
0
0
0
0
0
0
0
0
0
0
0
0
0
0
0
0
0
0
0
0
0
0
0
0
0
0
0
0
0
0
0
0
0
0
0
0
0
0
0
0
0
0
0
0
0
0
0
0
0
0
0
0
0
0
0
0
0
0
0
0
0
0
0
0
0
0
0
0
0
0
0
0
0
0
0
0
0
0
0
0
0
0
0
0
0
0
0
0
0
0
0
0
0
0
0
0
0
0
0
0
0
0
0
0
0
0
0
0
0
0
0
0
0
0
0
0
0
0
0
0
0
0
0
0
0
0
0
0
0
0
0
0
0
0
0
0
0
0
0
0
0
0
0
0
0
0
0
0
0
0
0
0
0
0
0
0
0
0
0
0
0
0
0
$MCA_CAL:
3
-1.4656616 2.9313233 0.00000000000000
$ENER_FIT:
-1.4656616 2.9313233 0.00000000000000
$MCA_CAL_DATA:
3
298 872
597 1749
896 2625
$CAMBIO:
Parent file specification: C:\GADRAS-DRF\Temp\parallelGUI3\57CO_50.0_175.0_lead_0.92_6.5.pcf
Successful read of spectrum: Yes
Error message: None
Warning: None
Information: None
Neutrons: 0
Number of spectral records in the parent file: 1
Record number of this spectrum in the parent file: 1
Date and time of acquisition read successfully from the original file: Yes
Live time read successfully from the original file: Yes
True time read successfully from the original file: Yes
GADRAS Tag character is:  
Version: 130122
Parent file type: Sandia GADRAS PCF
