$SPEC_ID:
57CO,1uC{13,1.82}
$MEAS_TIM:
3600.00 3600.00
$DATE_MEA:
3/9/2018 5:22:25 PM
$DATA:
0 1193
193.590
361.657
362.538
357.096
277.016
212.861
165.899
129.164
102.665
84.907
75.096
71.655
73.557
80.059
90.973
105.585
123.720
145.359
169.231
193.750
218.133
242.683
266.874
293.917
334.667
388.767
440.820
470.716
468.823
448.508
433.571
432.591
439.015
446.914
455.731
465.456
481.439
523.149
619.203
771.569
920.609
962.565
845.494
620.064
392.969
238.761
153.177
104.740
69.536
40.349
19.837
8.118
2.832
0.966
0.432
0.298
0.268
0.263
0.261
0.260
0.259
0.259
0.261
0.262
0.262
0.261
0.259
0.254
0.248
0.241
0.235
0.229
0.222
0.216
0.210
0.204
0.199
0.194
0.189
0.184
0.179
0.174
0.170
0.166
0.162
0.159
0.156
0.153
0.150
0.148
0.145
0.143
0.140
0.138
0.136
0.134
0.132
0.130
0.128
0.127
0.125
0.123
0.121
0.120
0.118
0.118
0.117
0.118
0.121
0.124
0.130
0.136
0.144
0.153
0.160
0.166
0.169
0.169
0.167
0.161
0.152
0.142
0.131
0.119
0.108
0.098
0.089
0.082
0.076
0.071
0.067
0.064
0.062
0.060
0.059
0.058
0.057
0.056
0.056
0.055
0.055
0.054
0.054
0.054
0.053
0.053
0.053
0.053
0.052
0.052
0.052
0.052
0.051
0.051
0.051
0.050
0.050
0.049
0.049
0.048
0.048
0.047
0.045
0.044
0.043
0.042
0.040
0.039
0.037
0.036
0.034
0.033
0.031
0.030
0.029
0.028
0.027
0.026
0.026
0.026
0.026
0.026
0.026
0.027
0.028
0.030
0.032
0.034
0.036
0.038
0.040
0.041
0.042
0.043
0.043
0.042
0.041
0.039
0.036
0.034
0.031
0.028
0.026
0.023
0.021
0.019
0.018
0.017
0.016
0.015
0.014
0.014
0.014
0.014
0.014
0.015
0.016
0.017
0.020
0.022
0.026
0.032
0.038
0.046
0.056
0.067
0.080
0.094
0.109
0.125
0.140
0.155
0.169
0.180
0.188
0.193
0.195
0.193
0.187
0.179
0.167
0.153
0.138
0.123
0.107
0.091
0.076
0.063
0.051
0.040
0.031
0.024
0.018
0.013
0.010
0.007
0.005
0.003
0.002
0.002
0.001
0.001
0.000
0.000
0.000
0.000
0.000
0.000
0.000
0.000
0.000
0.000
0.000
0.000
0.000
0.000
-0.000
0.000
0.000
0.000
0.000
0.000
-0.000
-0.000
-0.000
-0.000
-0.000
0.000
0.000
0
0
0
0
0
0
0
0
0
0
0
0
0
0
0
0
0
0
0
0
0
0
0
0
0
0
0
0
0
0
0
0
0
0
0
0
0
0
0
0
0
0
0
0
0
0
0
0
0
0
0
0
0
0
0
0
0
0
0
0
0
0
0
0
0
0
0
0
0
0
0
0
0
0
0
0
0
0
0
0
0
0
0
0
0
0
0
0
0
0
0
0
0
0
0
0
0
0
0
0
0
0
0
0
0
0
0
0
0
0
0
0
0
0
0
0
0
0
0
0
0
0
0
0
0
0
0
0
0
0
0
0
0
0
0
0
0
0
0
0
0
0
0
0
0
0
0
0
0
0
0
0
0
0
0
0
0
0
0
0
0
0
0
0
0
0
0
0
0
0
0
0
0
0
0
0
0
0
0
0
0
0
0
0
0
0
0
0
0
0
0
0
0
0
0
0
0
0
0
0
0
0
0
0
0
0
0
0
0
0
0
0
0
0
0
0
0
0
0
0
0
0
0
0
0
0
0
0
0
0
0
0
0
0
0
0
0
0
0
0
0
0
0
0
0
0
0
0
0
0
0
0
0
0
0
0
0
0
0
0
0
0
0
0
0
0
0
0
0
0
0
0
0
0
0
0
0
0
0
0
0
0
0
0
0
0
0
0
0
0
0
0
0
0
0
0
0
0
0
0
0
0
0
0
0
0
0
0
0
0
0
0
0
0
0
0
0
0
0
0
0
0
0
0
0
0
0
0
0
0
0
0
0
0
0
0
0
0
0
0
0
0
0
0
0
0
0
0
0
0
0
0
0
0
0
0
0
0
0
0
0
0
0
0
0
0
0
0
0
0
0
0
0
0
0
0
0
0
0
0
0
0
0
0
0
0
0
0
0
0
0
0
0
0
0
0
0
0
0
0
0
0
0
0
0
0
0
0
0
0
0
0
0
0
0
0
0
0
0
0
0
0
0
0
0
0
0
0
0
0
0
0
0
0
0
0
0
0
0
0
0
0
0
0
0
0
0
0
0
0
0
0
0
0
0
0
0
0
0
0
0
0
0
0
0
0
0
0
0
0
0
0
0
0
0
0
0
0
0
0
0
0
0
0
0
0
0
0
0
0
0
0
0
0
0
0
0
0
0
0
0
0
0
0
0
0
0
0
0
0
0
0
0
0
0
0
0
0
0
0
0
0
0
0
0
0
0
0
0
0
0
0
0
0
0
0
0
0
0
0
0
0
0
0
0
0
0
0
0
0
0
0
0
0
0
0
0
0
0
0
0
0
0
0
0
0
0
0
0
0
0
0
0
0
0
0
0
0
0
0
0
0
0
0
0
0
0
0
0
0
0
0
0
0
0
0
0
0
0
0
0
0
0
0
0
0
0
0
0
0
0
0
0
0
0
0
0
0
0
0
0
0
0
0
0
0
0
0
0
0
0
0
0
0
0
0
0
0
0
0
0
0
0
0
0
0
0
0
0
0
0
0
0
0
0
0
0
0
0
0
0
0
0
0
0
0
0
0
0
0
0
0
0
0
0
0
0
0
0
0
0
0
0
0
0
0
0
0
0
0
0
0
0
0
0
0
0
0
0
0
0
0
0
0
0
0
0
0
0
0
0
0
0
0
0
0
0
0
0
0
0
0
0
0
0
0
0
0
0
0
0
0
0
0
0
0
0
0
0
0
0
0
0
0
0
0
0
0
0
0
0
0
0
0
0
0
0
0
0
0
0
0
0
0
0
0
0
0
0
0
0
0
0
0
0
0
0
0
0
0
0
0
0
0
0
0
0
0
0
0
0
0
0
0
0
0
0
0
0
0
0
0
0
0
0
0
0
0
0
0
0
0
0
0
0
0
0
0
0
0
0
0
0
0
0
0
0
0
0
0
0
0
0
0
0
0
0
0
0
0
0
0
0
0
0
0
0
0
0
0
0
0
0
0
0
0
0
0
0
0
0
0
0
0
0
0
0
0
0
0
0
0
0
0
0
0
0
0
0
0
0
0
0
0
0
0
0
0
0
0
0
0
0
0
0
0
0
0
0
0
0
0
0
0
0
$MCA_CAL:
3
-1.4656616 2.9313233 0.00000000000000
$ENER_FIT:
-1.4656616 2.9313233 0.00000000000000
$MCA_CAL_DATA:
3
298 872
597 1749
896 2625
$CAMBIO:
Parent file specification: C:\GADRAS-DRF\Temp\parallelGUI3\57CO_50.0_175.0_alum_1.82_7.0.pcf
Successful read of spectrum: Yes
Error message: None
Warning: None
Information: None
Neutrons: 0
Number of spectral records in the parent file: 1
Record number of this spectrum in the parent file: 1
Date and time of acquisition read successfully from the original file: Yes
Live time read successfully from the original file: Yes
True time read successfully from the original file: Yes
GADRAS Tag character is:  
Version: 130122
Parent file type: Sandia GADRAS PCF
