$SPEC_ID:
57CO,1uC{26,1.53}
$MEAS_TIM:
3600.00 3600.00
$DATE_MEA:
3/9/2018 5:22:25 PM
$DATA:
0 1193
508.764
918.406
938.461
857.174
665.088
506.532
389.103
297.044
229.575
186.733
162.619
152.083
149.758
155.686
171.751
196.508
225.641
255.150
284.850
311.960
348.282
397.546
479.904
619.825
830.111
1083.136
1317.687
1471.843
1539.908
1564.925
1608.690
1700.995
1817.748
1938.919
2111.497
2409.912
2955.956
3868.438
5168.757
6671.595
7909.761
8363.594
7746.329
6333.487
4635.405
3133.691
2042.278
1332.870
869.231
548.483
319.680
168.306
78.571
32.958
12.665
4.987
2.372
1.658
1.469
1.449
1.469
1.500
1.527
1.546
1.556
1.554
1.538
1.508
1.467
1.426
1.385
1.344
1.302
1.261
1.223
1.188
1.155
1.126
1.103
1.080
1.054
1.029
1.009
0.995
0.983
0.972
0.961
0.952
0.944
0.938
0.932
0.927
0.921
0.915
0.909
0.905
0.900
0.896
0.891
0.886
0.882
0.879
0.879
0.883
0.893
0.911
0.937
0.976
1.026
1.089
1.163
1.245
1.330
1.412
1.485
1.542
1.579
1.591
1.579
1.539
1.477
1.396
1.303
1.204
1.104
1.007
0.918
0.839
0.772
0.717
0.673
0.638
0.612
0.593
0.579
0.570
0.563
0.559
0.557
0.557
0.557
0.558
0.560
0.561
0.563
0.565
0.567
0.569
0.571
0.572
0.573
0.574
0.575
0.575
0.575
0.574
0.571
0.566
0.560
0.552
0.544
0.534
0.524
0.512
0.500
0.487
0.473
0.457
0.441
0.425
0.409
0.394
0.380
0.367
0.356
0.346
0.338
0.332
0.329
0.328
0.330
0.335
0.342
0.352
0.365
0.379
0.394
0.411
0.427
0.442
0.455
0.464
0.470
0.472
0.470
0.463
0.451
0.436
0.417
0.396
0.373
0.349
0.324
0.301
0.279
0.259
0.242
0.227
0.215
0.207
0.203
0.202
0.206
0.214
0.228
0.249
0.276
0.312
0.357
0.413
0.479
0.556
0.646
0.748
0.860
0.981
1.109
1.242
1.376
1.509
1.634
1.748
1.848
1.929
1.989
2.027
2.038
2.022
1.980
1.915
1.829
1.725
1.606
1.476
1.339
1.199
1.060
0.926
0.799
0.680
0.571
0.474
0.388
0.314
0.252
0.199
0.155
0.119
0.090
0.068
0.051
0.037
0.027
0.019
0.014
0.009
0.007
0.005
0.003
0.002
0.001
0.001
0.000
0.000
0.000
0.000
-0.000
-0.000
0.000
0.000
0.000
0.000
0.000
0.000
-0.000
-0.000
-0.000
-0.000
-0.000
0.000
0.000
0.000
0.000
0.000
0.000
0.000
0.000
0.000
0
0
0
0
0
0
0
0
0
0
0
0
0
0
0
0
0
0
0
0
0
0
0
0
0
0
0
0
0
0
0
0
0
0
0
0
0
0
0
0
0
0
0
0
0
0
0
0
0
0
0
0
0
0
0
0
0
0
0
0
0
0
0
0
0
0
0
0
0
0
0
0
0
0
0
0
0
0
0
0
0
0
0
0
0
0
0
0
0
0
0
0
0
0
0
0
0
0
0
0
0
0
0
0
0
0
0
0
0
0
0
0
0
0
0
0
0
0
0
0
0
0
0
0
0
0
0
0
0
0
0
0
0
0
0
0
0
0
0
0
0
0
0
0
0
0
0
0
0
0
0
0
0
0
0
0
0
0
0
0
0
0
0
0
0
0
0
0
0
0
0
0
0
0
0
0
0
0
0
0
0
0
0
0
0
0
0
0
0
0
0
0
0
0
0
0
0
0
0
0
0
0
0
0
0
0
0
0
0
0
0
0
0
0
0
0
0
0
0
0
0
0
0
0
0
0
0
0
0
0
0
0
0
0
0
0
0
0
0
0
0
0
0
0
0
0
0
0
0
0
0
0
0
0
0
0
0
0
0
0
0
0
0
0
0
0
0
0
0
0
0
0
0
0
0
0
0
0
0
0
0
0
0
0
0
0
0
0
0
0
0
0
0
0
0
0
0
0
0
0
0
0
0
0
0
0
0
0
0
0
0
0
0
0
0
0
0
0
0
0
0
0
0
0
0
0
0
0
0
0
0
0
0
0
0
0
0
0
0
0
0
0
0
0
0
0
0
0
0
0
0
0
0
0
0
0
0
0
0
0
0
0
0
0
0
0
0
0
0
0
0
0
0
0
0
0
0
0
0
0
0
0
0
0
0
0
0
0
0
0
0
0
0
0
0
0
0
0
0
0
0
0
0
0
0
0
0
0
0
0
0
0
0
0
0
0
0
0
0
0
0
0
0
0
0
0
0
0
0
0
0
0
0
0
0
0
0
0
0
0
0
0
0
0
0
0
0
0
0
0
0
0
0
0
0
0
0
0
0
0
0
0
0
0
0
0
0
0
0
0
0
0
0
0
0
0
0
0
0
0
0
0
0
0
0
0
0
0
0
0
0
0
0
0
0
0
0
0
0
0
0
0
0
0
0
0
0
0
0
0
0
0
0
0
0
0
0
0
0
0
0
0
0
0
0
0
0
0
0
0
0
0
0
0
0
0
0
0
0
0
0
0
0
0
0
0
0
0
0
0
0
0
0
0
0
0
0
0
0
0
0
0
0
0
0
0
0
0
0
0
0
0
0
0
0
0
0
0
0
0
0
0
0
0
0
0
0
0
0
0
0
0
0
0
0
0
0
0
0
0
0
0
0
0
0
0
0
0
0
0
0
0
0
0
0
0
0
0
0
0
0
0
0
0
0
0
0
0
0
0
0
0
0
0
0
0
0
0
0
0
0
0
0
0
0
0
0
0
0
0
0
0
0
0
0
0
0
0
0
0
0
0
0
0
0
0
0
0
0
0
0
0
0
0
0
0
0
0
0
0
0
0
0
0
0
0
0
0
0
0
0
0
0
0
0
0
0
0
0
0
0
0
0
0
0
0
0
0
0
0
0
0
0
0
0
0
0
0
0
0
0
0
0
0
0
0
0
0
0
0
0
0
0
0
0
0
0
0
0
0
0
0
0
0
0
0
0
0
0
0
0
0
0
0
0
0
0
0
0
0
0
0
0
0
0
0
0
0
0
0
0
0
0
0
0
0
0
0
0
0
0
0
0
0
0
0
0
0
0
0
0
0
0
0
0
0
0
0
0
0
0
0
0
0
0
0
0
0
0
0
0
0
0
0
0
0
0
0
0
0
0
0
0
0
0
0
0
0
0
0
0
0
0
0
0
0
0
0
0
0
0
0
0
0
0
0
0
0
0
0
0
0
0
0
0
0
0
0
0
0
0
0
0
0
0
0
0
0
0
0
0
0
0
0
0
0
0
0
0
0
0
0
0
0
0
0
0
0
0
0
0
0
0
0
0
0
$MCA_CAL:
3
-1.4656616 2.9313233 0.00000000000000
$ENER_FIT:
-1.4656616 2.9313233 0.00000000000000
$MCA_CAL_DATA:
3
298 872
597 1749
896 2625
$CAMBIO:
Parent file specification: C:\GADRAS-DRF\Temp\parallelGUI3\57CO_50.0_50.0_iron_1.53_8.5.pcf
Successful read of spectrum: Yes
Error message: None
Warning: None
Information: None
Neutrons: 0
Number of spectral records in the parent file: 1
Record number of this spectrum in the parent file: 1
Date and time of acquisition read successfully from the original file: Yes
Live time read successfully from the original file: Yes
True time read successfully from the original file: Yes
GADRAS Tag character is:  
Version: 130122
Parent file type: Sandia GADRAS PCF
