$SPEC_ID:
57CO,1uC{82,0.92}
$MEAS_TIM:
3600.00 3600.00
$DATE_MEA:
3/9/2018 5:22:25 PM
$DATA:
0 1193
9.918
17.981
17.400
14.563
11.294
8.595
6.671
5.142
4.032
3.294
2.860
2.683
2.672
2.781
3.047
3.442
3.952
4.476
4.935
5.276
5.527
5.802
6.368
7.718
10.254
14.006
18.320
21.208
20.883
18.352
16.187
15.136
14.757
14.994
16.017
17.636
19.536
22.658
29.951
44.059
60.935
68.965
60.346
41.869
26.466
19.468
16.865
13.589
8.889
4.554
1.848
0.661
0.289
0.200
0.180
0.175
0.172
0.170
0.171
0.172
0.174
0.179
0.186
0.193
0.199
0.202
0.202
0.197
0.191
0.183
0.176
0.168
0.159
0.150
0.142
0.134
0.126
0.120
0.115
0.110
0.104
0.098
0.094
0.091
0.089
0.086
0.084
0.082
0.080
0.079
0.078
0.077
0.075
0.074
0.073
0.073
0.072
0.071
0.070
0.069
0.069
0.068
0.067
0.067
0.066
0.066
0.066
0.067
0.069
0.074
0.080
0.088
0.099
0.110
0.120
0.129
0.135
0.137
0.136
0.131
0.122
0.112
0.100
0.089
0.078
0.069
0.062
0.056
0.052
0.049
0.046
0.045
0.044
0.043
0.043
0.043
0.043
0.043
0.043
0.043
0.043
0.043
0.043
0.044
0.044
0.044
0.044
0.044
0.045
0.045
0.045
0.045
0.046
0.046
0.046
0.046
0.046
0.046
0.045
0.045
0.044
0.044
0.043
0.042
0.040
0.039
0.038
0.036
0.035
0.033
0.031
0.030
0.028
0.027
0.026
0.025
0.024
0.023
0.023
0.022
0.022
0.022
0.022
0.023
0.024
0.026
0.028
0.031
0.034
0.037
0.040
0.043
0.045
0.046
0.046
0.045
0.043
0.040
0.037
0.033
0.029
0.026
0.022
0.020
0.017
0.016
0.014
0.013
0.013
0.012
0.012
0.012
0.011
0.011
0.011
0.011
0.012
0.012
0.013
0.015
0.017
0.021
0.026
0.033
0.042
0.054
0.069
0.086
0.105
0.126
0.148
0.170
0.191
0.208
0.222
0.230
0.233
0.230
0.221
0.208
0.190
0.170
0.148
0.126
0.105
0.085
0.067
0.052
0.040
0.029
0.021
0.015
0.010
0.007
0.005
0.003
0.002
0.001
0.001
0.000
0.000
0.000
0.000
0.000
0.000
0.000
0.000
0.000
-0.000
-0.000
-0.000
-0.000
0.000
0.000
0.000
0.000
0.000
0.000
0
0
0
0
0
0
0
0
0
0
0
0
0
0
0
0
0
0
0
0
0
0
0
0
0
0
0
0
0
0
0
0
0
0
0
0
0
0
0
0
0
0
0
0
0
0
0
0
0
0
0
0
0
0
0
0
0
0
0
0
0
0
0
0
0
0
0
0
0
0
0
0
0
0
0
0
0
0
0
0
0
0
0
0
0
0
0
0
0
0
0
0
0
0
0
0
0
0
0
0
0
0
0
0
0
0
0
0
0
0
0
0
0
0
0
0
0
0
0
0
0
0
0
0
0
0
0
0
0
0
0
0
0
0
0
0
0
0
0
0
0
0
0
0
0
0
0
0
0
0
0
0
0
0
0
0
0
0
0
0
0
0
0
0
0
0
0
0
0
0
0
0
0
0
0
0
0
0
0
0
0
0
0
0
0
0
0
0
0
0
0
0
0
0
0
0
0
0
0
0
0
0
0
0
0
0
0
0
0
0
0
0
0
0
0
0
0
0
0
0
0
0
0
0
0
0
0
0
0
0
0
0
0
0
0
0
0
0
0
0
0
0
0
0
0
0
0
0
0
0
0
0
0
0
0
0
0
0
0
0
0
0
0
0
0
0
0
0
0
0
0
0
0
0
0
0
0
0
0
0
0
0
0
0
0
0
0
0
0
0
0
0
0
0
0
0
0
0
0
0
0
0
0
0
0
0
0
0
0
0
0
0
0
0
0
0
0
0
0
0
0
0
0
0
0
0
0
0
0
0
0
0
0
0
0
0
0
0
0
0
0
0
0
0
0
0
0
0
0
0
0
0
0
0
0
0
0
0
0
0
0
0
0
0
0
0
0
0
0
0
0
0
0
0
0
0
0
0
0
0
0
0
0
0
0
0
0
0
0
0
0
0
0
0
0
0
0
0
0
0
0
0
0
0
0
0
0
0
0
0
0
0
0
0
0
0
0
0
0
0
0
0
0
0
0
0
0
0
0
0
0
0
0
0
0
0
0
0
0
0
0
0
0
0
0
0
0
0
0
0
0
0
0
0
0
0
0
0
0
0
0
0
0
0
0
0
0
0
0
0
0
0
0
0
0
0
0
0
0
0
0
0
0
0
0
0
0
0
0
0
0
0
0
0
0
0
0
0
0
0
0
0
0
0
0
0
0
0
0
0
0
0
0
0
0
0
0
0
0
0
0
0
0
0
0
0
0
0
0
0
0
0
0
0
0
0
0
0
0
0
0
0
0
0
0
0
0
0
0
0
0
0
0
0
0
0
0
0
0
0
0
0
0
0
0
0
0
0
0
0
0
0
0
0
0
0
0
0
0
0
0
0
0
0
0
0
0
0
0
0
0
0
0
0
0
0
0
0
0
0
0
0
0
0
0
0
0
0
0
0
0
0
0
0
0
0
0
0
0
0
0
0
0
0
0
0
0
0
0
0
0
0
0
0
0
0
0
0
0
0
0
0
0
0
0
0
0
0
0
0
0
0
0
0
0
0
0
0
0
0
0
0
0
0
0
0
0
0
0
0
0
0
0
0
0
0
0
0
0
0
0
0
0
0
0
0
0
0
0
0
0
0
0
0
0
0
0
0
0
0
0
0
0
0
0
0
0
0
0
0
0
0
0
0
0
0
0
0
0
0
0
0
0
0
0
0
0
0
0
0
0
0
0
0
0
0
0
0
0
0
0
0
0
0
0
0
0
0
0
0
0
0
0
0
0
0
0
0
0
0
0
0
0
0
0
0
0
0
0
0
0
0
0
0
0
0
0
0
0
0
0
0
0
0
0
0
0
0
0
0
0
0
0
0
0
0
0
0
0
0
0
0
0
0
0
0
0
0
0
0
0
0
0
0
0
0
0
0
0
0
0
0
0
0
0
0
0
0
0
0
0
0
0
0
0
0
0
0
0
0
0
0
0
0
0
0
0
0
0
0
0
0
0
0
0
0
0
0
0
0
0
0
0
0
0
0
0
0
0
0
0
0
0
0
0
0
0
0
0
0
0
0
0
0
0
0
0
0
0
0
0
0
0
0
0
0
0
0
0
0
0
0
0
0
0
0
0
0
0
0
0
0
0
0
0
0
$MCA_CAL:
3
-1.4656616 2.9313233 0.00000000000000
$ENER_FIT:
-1.4656616 2.9313233 0.00000000000000
$MCA_CAL_DATA:
3
298 872
597 1749
896 2625
$CAMBIO:
Parent file specification: C:\GADRAS-DRF\Temp\parallelGUI3\57CO_150.0_175.0_lead_0.92_6.0.pcf
Successful read of spectrum: Yes
Error message: None
Warning: None
Information: None
Neutrons: 0
Number of spectral records in the parent file: 1
Record number of this spectrum in the parent file: 1
Date and time of acquisition read successfully from the original file: Yes
Live time read successfully from the original file: Yes
True time read successfully from the original file: Yes
GADRAS Tag character is:  
Version: 130122
Parent file type: Sandia GADRAS PCF
