$SPEC_ID:
57CO,1uC{82,0.92}
$MEAS_TIM:
3600.00 3600.00
$DATE_MEA:
3/9/2018 5:22:25 PM
$DATA:
0 1193
14.648
25.719
24.999
20.766
15.926
11.958
9.101
6.851
5.236
4.166
3.544
3.277
3.210
3.303
3.630
4.137
4.800
5.432
5.928
6.226
6.339
6.356
6.791
8.707
13.042
19.827
27.030
31.093
30.249
27.209
25.602
25.949
27.045
28.347
30.390
33.389
38.021
47.478
67.535
100.655
136.330
152.976
137.450
101.625
68.321
49.110
39.775
31.598
21.584
12.048
5.475
2.098
0.796
0.409
0.314
0.294
0.290
0.292
0.301
0.310
0.321
0.337
0.353
0.368
0.376
0.375
0.364
0.344
0.322
0.300
0.279
0.263
0.250
0.238
0.225
0.213
0.204
0.197
0.192
0.188
0.183
0.178
0.174
0.172
0.170
0.168
0.167
0.166
0.165
0.165
0.164
0.163
0.163
0.162
0.162
0.161
0.160
0.160
0.159
0.158
0.157
0.156
0.155
0.154
0.153
0.154
0.156
0.160
0.167
0.179
0.194
0.214
0.237
0.261
0.284
0.302
0.315
0.320
0.317
0.306
0.289
0.267
0.242
0.217
0.193
0.172
0.154
0.139
0.128
0.120
0.114
0.110
0.107
0.105
0.104
0.104
0.103
0.103
0.103
0.104
0.104
0.104
0.105
0.105
0.106
0.106
0.107
0.108
0.108
0.109
0.109
0.110
0.110
0.111
0.111
0.111
0.110
0.110
0.109
0.108
0.107
0.105
0.103
0.100
0.097
0.094
0.091
0.087
0.084
0.080
0.076
0.072
0.069
0.066
0.063
0.061
0.059
0.057
0.056
0.055
0.055
0.055
0.056
0.058
0.061
0.065
0.070
0.076
0.082
0.089
0.095
0.100
0.103
0.105
0.106
0.103
0.099
0.094
0.087
0.079
0.071
0.064
0.056
0.050
0.045
0.040
0.037
0.034
0.032
0.031
0.029
0.029
0.028
0.028
0.029
0.029
0.031
0.033
0.037
0.043
0.051
0.062
0.077
0.096
0.120
0.149
0.184
0.223
0.265
0.310
0.357
0.402
0.442
0.477
0.503
0.519
0.525
0.519
0.502
0.475
0.441
0.400
0.355
0.309
0.263
0.220
0.180
0.144
0.113
0.087
0.066
0.049
0.035
0.025
0.017
0.012
0.008
0.005
0.003
0.002
0.001
0.001
0.000
0.000
0.000
0.000
0.000
0.000
0.000
0.000
0.000
0.000
-0.000
-0.000
-0.000
-0.000
0.000
0.000
0.000
0.000
0.000
0.000
0.000
0
0
0
0
0
0
0
0
0
0
0
0
0
0
0
0
0
0
0
0
0
0
0
0
0
0
0
0
0
0
0
0
0
0
0
0
0
0
0
0
0
0
0
0
0
0
0
0
0
0
0
0
0
0
0
0
0
0
0
0
0
0
0
0
0
0
0
0
0
0
0
0
0
0
0
0
0
0
0
0
0
0
0
0
0
0
0
0
0
0
0
0
0
0
0
0
0
0
0
0
0
0
0
0
0
0
0
0
0
0
0
0
0
0
0
0
0
0
0
0
0
0
0
0
0
0
0
0
0
0
0
0
0
0
0
0
0
0
0
0
0
0
0
0
0
0
0
0
0
0
0
0
0
0
0
0
0
0
0
0
0
0
0
0
0
0
0
0
0
0
0
0
0
0
0
0
0
0
0
0
0
0
0
0
0
0
0
0
0
0
0
0
0
0
0
0
0
0
0
0
0
0
0
0
0
0
0
0
0
0
0
0
0
0
0
0
0
0
0
0
0
0
0
0
0
0
0
0
0
0
0
0
0
0
0
0
0
0
0
0
0
0
0
0
0
0
0
0
0
0
0
0
0
0
0
0
0
0
0
0
0
0
0
0
0
0
0
0
0
0
0
0
0
0
0
0
0
0
0
0
0
0
0
0
0
0
0
0
0
0
0
0
0
0
0
0
0
0
0
0
0
0
0
0
0
0
0
0
0
0
0
0
0
0
0
0
0
0
0
0
0
0
0
0
0
0
0
0
0
0
0
0
0
0
0
0
0
0
0
0
0
0
0
0
0
0
0
0
0
0
0
0
0
0
0
0
0
0
0
0
0
0
0
0
0
0
0
0
0
0
0
0
0
0
0
0
0
0
0
0
0
0
0
0
0
0
0
0
0
0
0
0
0
0
0
0
0
0
0
0
0
0
0
0
0
0
0
0
0
0
0
0
0
0
0
0
0
0
0
0
0
0
0
0
0
0
0
0
0
0
0
0
0
0
0
0
0
0
0
0
0
0
0
0
0
0
0
0
0
0
0
0
0
0
0
0
0
0
0
0
0
0
0
0
0
0
0
0
0
0
0
0
0
0
0
0
0
0
0
0
0
0
0
0
0
0
0
0
0
0
0
0
0
0
0
0
0
0
0
0
0
0
0
0
0
0
0
0
0
0
0
0
0
0
0
0
0
0
0
0
0
0
0
0
0
0
0
0
0
0
0
0
0
0
0
0
0
0
0
0
0
0
0
0
0
0
0
0
0
0
0
0
0
0
0
0
0
0
0
0
0
0
0
0
0
0
0
0
0
0
0
0
0
0
0
0
0
0
0
0
0
0
0
0
0
0
0
0
0
0
0
0
0
0
0
0
0
0
0
0
0
0
0
0
0
0
0
0
0
0
0
0
0
0
0
0
0
0
0
0
0
0
0
0
0
0
0
0
0
0
0
0
0
0
0
0
0
0
0
0
0
0
0
0
0
0
0
0
0
0
0
0
0
0
0
0
0
0
0
0
0
0
0
0
0
0
0
0
0
0
0
0
0
0
0
0
0
0
0
0
0
0
0
0
0
0
0
0
0
0
0
0
0
0
0
0
0
0
0
0
0
0
0
0
0
0
0
0
0
0
0
0
0
0
0
0
0
0
0
0
0
0
0
0
0
0
0
0
0
0
0
0
0
0
0
0
0
0
0
0
0
0
0
0
0
0
0
0
0
0
0
0
0
0
0
0
0
0
0
0
0
0
0
0
0
0
0
0
0
0
0
0
0
0
0
0
0
0
0
0
0
0
0
0
0
0
0
0
0
0
0
0
0
0
0
0
0
0
0
0
0
0
0
0
0
0
0
0
0
0
0
0
0
0
0
0
0
0
0
0
0
0
0
0
0
0
0
0
0
0
0
0
0
0
0
0
0
0
0
0
0
0
0
0
0
0
0
0
0
0
0
0
0
0
0
0
0
0
0
0
0
0
0
0
0
0
0
0
0
0
0
0
0
0
0
0
0
0
0
0
0
0
0
0
0
0
0
0
0
0
0
0
0
0
0
0
0
0
0
0
0
0
0
0
0
0
0
0
0
0
0
$MCA_CAL:
3
-1.4656616 2.9313233 0.00000000000000
$ENER_FIT:
-1.4656616 2.9313233 0.00000000000000
$MCA_CAL_DATA:
3
298 872
597 1749
896 2625
$CAMBIO:
Parent file specification: C:\GADRAS-DRF\Temp\parallelGUI3\57CO_125.0_112.5_lead_0.92_6.5.pcf
Successful read of spectrum: Yes
Error message: None
Warning: None
Information: None
Neutrons: 0
Number of spectral records in the parent file: 1
Record number of this spectrum in the parent file: 1
Date and time of acquisition read successfully from the original file: Yes
Live time read successfully from the original file: Yes
True time read successfully from the original file: Yes
GADRAS Tag character is:  
Version: 130122
Parent file type: Sandia GADRAS PCF
