$SPEC_ID:
57CO,1uC{82,0.92}
$MEAS_TIM:
3600.00 3600.00
$DATE_MEA:
3/9/2018 5:22:25 PM
$DATA:
0 1193
22.203
37.460
36.527
30.705
23.938
18.369
14.355
11.171
8.881
7.424
6.660
6.305
6.001
5.845
6.023
6.405
7.008
7.655
8.211
8.583
8.822
8.965
9.713
12.730
19.722
31.043
42.873
49.697
52.435
59.621
74.668
91.892
104.449
111.819
118.455
128.178
147.664
195.433
301.349
476.687
666.312
758.988
686.099
508.157
341.612
245.869
199.809
159.126
108.737
60.464
27.097
9.929
3.303
1.341
0.879
0.800
0.799
0.818
0.854
0.890
0.922
0.958
0.993
1.010
0.999
0.963
0.908
0.847
0.801
0.765
0.730
0.713
0.713
0.713
0.713
0.714
0.719
0.725
0.732
0.737
0.741
0.743
0.745
0.746
0.749
0.752
0.755
0.759
0.762
0.764
0.767
0.769
0.770
0.772
0.772
0.772
0.771
0.770
0.768
0.765
0.761
0.757
0.753
0.750
0.749
0.752
0.763
0.785
0.823
0.880
0.960
1.061
1.177
1.300
1.417
1.513
1.579
1.606
1.593
1.540
1.453
1.342
1.218
1.091
0.970
0.863
0.772
0.699
0.643
0.602
0.572
0.552
0.538
0.528
0.523
0.520
0.518
0.518
0.518
0.519
0.521
0.524
0.526
0.529
0.531
0.534
0.538
0.541
0.544
0.547
0.549
0.551
0.554
0.557
0.559
0.558
0.555
0.551
0.548
0.546
0.541
0.531
0.517
0.502
0.487
0.473
0.458
0.440
0.420
0.400
0.381
0.363
0.346
0.331
0.317
0.304
0.294
0.286
0.280
0.276
0.274
0.276
0.282
0.293
0.308
0.328
0.353
0.382
0.414
0.446
0.477
0.503
0.521
0.532
0.532
0.521
0.500
0.472
0.437
0.398
0.358
0.320
0.284
0.252
0.224
0.202
0.184
0.171
0.160
0.152
0.147
0.143
0.141
0.141
0.142
0.146
0.153
0.166
0.185
0.214
0.255
0.312
0.387
0.485
0.606
0.753
0.927
1.124
1.339
1.567
1.801
2.027
2.234
2.408
2.539
2.622
2.651
2.621
2.535
2.401
2.227
2.021
1.796
1.561
1.330
1.111
0.909
0.728
0.571
0.439
0.332
0.245
0.177
0.126
0.088
0.060
0.041
0.027
0.017
0.011
0.007
0.004
0.002
0.001
0.001
0.000
0.000
0.000
0.000
0.000
0.000
0.000
-0.000
-0.000
-0.000
-0.000
0.000
0.000
0.000
0.000
0.000
0.000
0.000
0
0
0
0
0
0
0
0
0
0
0
0
0
0
0
0
0
0
0
0
0
0
0
0
0
0
0
0
0
0
0
0
0
0
0
0
0
0
0
0
0
0
0
0
0
0
0
0
0
0
0
0
0
0
0
0
0
0
0
0
0
0
0
0
0
0
0
0
0
0
0
0
0
0
0
0
0
0
0
0
0
0
0
0
0
0
0
0
0
0
0
0
0
0
0
0
0
0
0
0
0
0
0
0
0
0
0
0
0
0
0
0
0
0
0
0
0
0
0
0
0
0
0
0
0
0
0
0
0
0
0
0
0
0
0
0
0
0
0
0
0
0
0
0
0
0
0
0
0
0
0
0
0
0
0
0
0
0
0
0
0
0
0
0
0
0
0
0
0
0
0
0
0
0
0
0
0
0
0
0
0
0
0
0
0
0
0
0
0
0
0
0
0
0
0
0
0
0
0
0
0
0
0
0
0
0
0
0
0
0
0
0
0
0
0
0
0
0
0
0
0
0
0
0
0
0
0
0
0
0
0
0
0
0
0
0
0
0
0
0
0
0
0
0
0
0
0
0
0
0
0
0
0
0
0
0
0
0
0
0
0
0
0
0
0
0
0
0
0
0
0
0
0
0
0
0
0
0
0
0
0
0
0
0
0
0
0
0
0
0
0
0
0
0
0
0
0
0
0
0
0
0
0
0
0
0
0
0
0
0
0
0
0
0
0
0
0
0
0
0
0
0
0
0
0
0
0
0
0
0
0
0
0
0
0
0
0
0
0
0
0
0
0
0
0
0
0
0
0
0
0
0
0
0
0
0
0
0
0
0
0
0
0
0
0
0
0
0
0
0
0
0
0
0
0
0
0
0
0
0
0
0
0
0
0
0
0
0
0
0
0
0
0
0
0
0
0
0
0
0
0
0
0
0
0
0
0
0
0
0
0
0
0
0
0
0
0
0
0
0
0
0
0
0
0
0
0
0
0
0
0
0
0
0
0
0
0
0
0
0
0
0
0
0
0
0
0
0
0
0
0
0
0
0
0
0
0
0
0
0
0
0
0
0
0
0
0
0
0
0
0
0
0
0
0
0
0
0
0
0
0
0
0
0
0
0
0
0
0
0
0
0
0
0
0
0
0
0
0
0
0
0
0
0
0
0
0
0
0
0
0
0
0
0
0
0
0
0
0
0
0
0
0
0
0
0
0
0
0
0
0
0
0
0
0
0
0
0
0
0
0
0
0
0
0
0
0
0
0
0
0
0
0
0
0
0
0
0
0
0
0
0
0
0
0
0
0
0
0
0
0
0
0
0
0
0
0
0
0
0
0
0
0
0
0
0
0
0
0
0
0
0
0
0
0
0
0
0
0
0
0
0
0
0
0
0
0
0
0
0
0
0
0
0
0
0
0
0
0
0
0
0
0
0
0
0
0
0
0
0
0
0
0
0
0
0
0
0
0
0
0
0
0
0
0
0
0
0
0
0
0
0
0
0
0
0
0
0
0
0
0
0
0
0
0
0
0
0
0
0
0
0
0
0
0
0
0
0
0
0
0
0
0
0
0
0
0
0
0
0
0
0
0
0
0
0
0
0
0
0
0
0
0
0
0
0
0
0
0
0
0
0
0
0
0
0
0
0
0
0
0
0
0
0
0
0
0
0
0
0
0
0
0
0
0
0
0
0
0
0
0
0
0
0
0
0
0
0
0
0
0
0
0
0
0
0
0
0
0
0
0
0
0
0
0
0
0
0
0
0
0
0
0
0
0
0
0
0
0
0
0
0
0
0
0
0
0
0
0
0
0
0
0
0
0
0
0
0
0
0
0
0
0
0
0
0
0
0
0
0
0
0
0
0
0
0
0
0
0
0
0
0
0
0
0
0
0
0
0
0
0
0
0
0
0
0
0
0
0
0
0
0
0
0
0
0
0
0
0
0
0
0
0
0
0
0
0
0
0
0
0
0
0
0
0
0
0
0
0
0
0
0
0
0
0
0
0
0
0
0
0
0
0
0
0
0
0
0
0
0
0
0
0
0
0
0
0
0
0
0
0
0
0
0
0
0
0
0
0
0
0
$MCA_CAL:
3
-1.4656616 2.9313233 0.00000000000000
$ENER_FIT:
-1.4656616 2.9313233 0.00000000000000
$MCA_CAL_DATA:
3
298 872
597 1749
896 2625
$CAMBIO:
Parent file specification: C:\GADRAS-DRF\Temp\parallelGUI3\57CO_125.0_50.0_lead_0.92_6.5.pcf
Successful read of spectrum: Yes
Error message: None
Warning: None
Information: None
Neutrons: 0
Number of spectral records in the parent file: 1
Record number of this spectrum in the parent file: 1
Date and time of acquisition read successfully from the original file: Yes
Live time read successfully from the original file: Yes
True time read successfully from the original file: Yes
GADRAS Tag character is:  
Version: 130122
Parent file type: Sandia GADRAS PCF
