$SPEC_ID:
57CO,1uC{0,0}
$MEAS_TIM:
3600.00 3600.00
$DATE_MEA:
3/9/2018 5:22:25 PM
$DATA:
0 1193
164.269
308.610
307.923
265.926
292.457
227.098
126.467
95.863
75.964
63.066
55.592
52.510
52.900
55.766
61.538
69.984
80.481
92.093
103.744
114.869
126.012
138.329
153.395
174.522
204.551
242.502
280.127
304.307
306.793
295.606
284.541
279.639
279.515
282.579
288.822
299.428
318.752
357.642
427.576
522.597
606.692
627.024
557.646
425.219
283.888
177.261
111.931
73.886
48.639
29.402
15.582
7.032
2.770
0.982
0.379
0.206
0.163
0.151
0.149
0.149
0.147
0.147
0.148
0.148
0.149
0.149
0.149
0.147
0.144
0.141
0.139
0.135
0.132
0.128
0.125
0.121
0.118
0.115
0.111
0.108
0.105
0.102
0.099
0.096
0.094
0.092
0.090
0.088
0.086
0.085
0.083
0.082
0.080
0.079
0.077
0.076
0.075
0.073
0.072
0.070
0.069
0.068
0.067
0.066
0.065
0.065
0.065
0.065
0.067
0.069
0.073
0.077
0.081
0.086
0.090
0.093
0.094
0.095
0.093
0.090
0.085
0.079
0.073
0.066
0.059
0.053
0.048
0.043
0.039
0.036
0.034
0.032
0.030
0.029
0.029
0.028
0.028
0.027
0.027
0.027
0.027
0.026
0.026
0.026
0.026
0.026
0.026
0.026
0.026
0.026
0.026
0.026
0.026
0.026
0.026
0.026
0.026
0.026
0.026
0.025
0.025
0.024
0.024
0.023
0.023
0.022
0.021
0.020
0.019
0.019
0.018
0.017
0.016
0.015
0.015
0.014
0.014
0.013
0.013
0.013
0.013
0.013
0.014
0.014
0.015
0.016
0.017
0.018
0.019
0.020
0.021
0.022
0.023
0.023
0.023
0.023
0.022
0.021
0.020
0.018
0.017
0.015
0.014
0.012
0.011
0.010
0.009
0.008
0.008
0.007
0.007
0.007
0.007
0.007
0.007
0.008
0.009
0.010
0.012
0.014
0.017
0.020
0.025
0.030
0.036
0.043
0.050
0.058
0.066
0.075
0.083
0.091
0.098
0.104
0.108
0.111
0.112
0.111
0.108
0.104
0.098
0.091
0.083
0.075
0.066
0.057
0.049
0.041
0.034
0.028
0.023
0.018
0.014
0.011
0.008
0.006
0.004
0.003
0.002
0.002
0.001
0.001
0.000
0.000
0.000
0.000
0.000
0.000
0.000
0.000
0.000
0.000
0.000
0.000
0.000
0.000
0.000
0.000
0.000
0.000
0.000
-0.000
-0.000
-0.000
-0.000
0.000
0.000
0.000
0
0
0
0
0
0
0
0
0
0
0
0
0
0
0
0
0
0
0
0
0
0
0
0
0
0
0
0
0
0
0
0
0
0
0
0
0
0
0
0
0
0
0
0
0
0
0
0
0
0
0
0
0
0
0
0
0
0
0
0
0
0
0
0
0
0
0
0
0
0
0
0
0
0
0
0
0
0
0
0
0
0
0
0
0
0
0
0
0
0
0
0
0
0
0
0
0
0
0
0
0
0
0
0
0
0
0
0
0
0
0
0
0
0
0
0
0
0
0
0
0
0
0
0
0
0
0
0
0
0
0
0
0
0
0
0
0
0
0
0
0
0
0
0
0
0
0
0
0
0
0
0
0
0
0
0
0
0
0
0
0
0
0
0
0
0
0
0
0
0
0
0
0
0
0
0
0
0
0
0
0
0
0
0
0
0
0
0
0
0
0
0
0
0
0
0
0
0
0
0
0
0
0
0
0
0
0
0
0
0
0
0
0
0
0
0
0
0
0
0
0
0
0
0
0
0
0
0
0
0
0
0
0
0
0
0
0
0
0
0
0
0
0
0
0
0
0
0
0
0
0
0
0
0
0
0
0
0
0
0
0
0
0
0
0
0
0
0
0
0
0
0
0
0
0
0
0
0
0
0
0
0
0
0
0
0
0
0
0
0
0
0
0
0
0
0
0
0
0
0
0
0
0
0
0
0
0
0
0
0
0
0
0
0
0
0
0
0
0
0
0
0
0
0
0
0
0
0
0
0
0
0
0
0
0
0
0
0
0
0
0
0
0
0
0
0
0
0
0
0
0
0
0
0
0
0
0
0
0
0
0
0
0
0
0
0
0
0
0
0
0
0
0
0
0
0
0
0
0
0
0
0
0
0
0
0
0
0
0
0
0
0
0
0
0
0
0
0
0
0
0
0
0
0
0
0
0
0
0
0
0
0
0
0
0
0
0
0
0
0
0
0
0
0
0
0
0
0
0
0
0
0
0
0
0
0
0
0
0
0
0
0
0
0
0
0
0
0
0
0
0
0
0
0
0
0
0
0
0
0
0
0
0
0
0
0
0
0
0
0
0
0
0
0
0
0
0
0
0
0
0
0
0
0
0
0
0
0
0
0
0
0
0
0
0
0
0
0
0
0
0
0
0
0
0
0
0
0
0
0
0
0
0
0
0
0
0
0
0
0
0
0
0
0
0
0
0
0
0
0
0
0
0
0
0
0
0
0
0
0
0
0
0
0
0
0
0
0
0
0
0
0
0
0
0
0
0
0
0
0
0
0
0
0
0
0
0
0
0
0
0
0
0
0
0
0
0
0
0
0
0
0
0
0
0
0
0
0
0
0
0
0
0
0
0
0
0
0
0
0
0
0
0
0
0
0
0
0
0
0
0
0
0
0
0
0
0
0
0
0
0
0
0
0
0
0
0
0
0
0
0
0
0
0
0
0
0
0
0
0
0
0
0
0
0
0
0
0
0
0
0
0
0
0
0
0
0
0
0
0
0
0
0
0
0
0
0
0
0
0
0
0
0
0
0
0
0
0
0
0
0
0
0
0
0
0
0
0
0
0
0
0
0
0
0
0
0
0
0
0
0
0
0
0
0
0
0
0
0
0
0
0
0
0
0
0
0
0
0
0
0
0
0
0
0
0
0
0
0
0
0
0
0
0
0
0
0
0
0
0
0
0
0
0
0
0
0
0
0
0
0
0
0
0
0
0
0
0
0
0
0
0
0
0
0
0
0
0
0
0
0
0
0
0
0
0
0
0
0
0
0
0
0
0
0
0
0
0
0
0
0
0
0
0
0
0
0
0
0
0
0
0
0
0
0
0
0
0
0
0
0
0
0
0
0
0
0
0
0
0
0
0
0
0
0
0
0
0
0
0
0
0
0
0
0
0
0
0
0
0
0
0
0
0
0
0
0
0
0
0
0
0
0
0
0
0
0
0
0
0
0
0
0
0
0
0
0
0
0
0
0
0
0
0
0
0
0
0
0
0
0
0
0
0
0
0
0
0
0
0
0
0
0
0
0
0
0
0
0
0
0
0
0
0
0
0
$MCA_CAL:
3
-1.4656616 2.9313233 0.00000000000000
$ENER_FIT:
-1.4656616 2.9313233 0.00000000000000
$MCA_CAL_DATA:
3
298 872
597 1749
896 2625
$CAMBIO:
Parent file specification: C:\GADRAS-DRF\Temp\parallelGUI3\57CO_75.0_237.5_none_0_7.5.pcf
Successful read of spectrum: Yes
Error message: None
Warning: None
Information: None
Neutrons: 0
Number of spectral records in the parent file: 1
Record number of this spectrum in the parent file: 1
Date and time of acquisition read successfully from the original file: Yes
Live time read successfully from the original file: Yes
True time read successfully from the original file: Yes
GADRAS Tag character is:  
Version: 130122
Parent file type: Sandia GADRAS PCF
