$SPEC_ID:
57CO,1uC{26,11.02}
$MEAS_TIM:
3600.00 3600.00
$DATE_MEA:
3/9/2018 5:22:25 PM
$DATA:
0 1193
39.359
69.299
69.049
71.244
55.944
41.220
30.417
22.070
16.342
12.471
10.632
9.684
9.298
9.575
10.641
12.528
14.873
17.408
20.347
23.726
30.333
38.168
48.092
63.693
86.454
114.717
143.808
166.634
182.433
199.279
221.984
249.047
273.895
293.299
313.725
344.408
399.115
492.278
629.350
795.343
941.609
990.777
908.668
730.573
530.731
368.383
254.297
176.976
121.543
78.000
43.948
22.259
10.313
4.505
2.176
1.482
1.267
1.217
1.213
1.221
1.231
1.242
1.250
1.252
1.243
1.224
1.195
1.160
1.124
1.088
1.055
1.027
1.005
0.984
0.964
0.944
0.928
0.916
0.907
0.900
0.892
0.883
0.875
0.868
0.862
0.855
0.849
0.843
0.837
0.831
0.825
0.819
0.812
0.807
0.802
0.798
0.793
0.789
0.785
0.780
0.776
0.771
0.767
0.765
0.765
0.767
0.773
0.783
0.797
0.817
0.843
0.872
0.905
0.936
0.962
0.981
0.991
0.991
0.979
0.956
0.922
0.879
0.833
0.785
0.737
0.692
0.651
0.615
0.585
0.560
0.542
0.527
0.515
0.506
0.500
0.495
0.491
0.488
0.486
0.485
0.484
0.483
0.482
0.481
0.481
0.480
0.480
0.479
0.479
0.478
0.478
0.477
0.476
0.474
0.472
0.470
0.466
0.463
0.460
0.456
0.451
0.444
0.437
0.428
0.420
0.412
0.403
0.394
0.385
0.375
0.365
0.356
0.347
0.339
0.331
0.324
0.319
0.314
0.311
0.309
0.308
0.309
0.311
0.315
0.320
0.327
0.334
0.342
0.350
0.357
0.363
0.368
0.370
0.370
0.367
0.362
0.354
0.344
0.333
0.320
0.306
0.292
0.279
0.266
0.254
0.243
0.233
0.225
0.219
0.214
0.211
0.209
0.209
0.212
0.216
0.224
0.234
0.248
0.268
0.293
0.324
0.362
0.407
0.458
0.515
0.579
0.647
0.719
0.792
0.865
0.935
1.000
1.057
1.101
1.133
1.149
1.151
1.138
1.109
1.065
1.009
0.944
0.870
0.790
0.707
0.624
0.543
0.465
0.394
0.330
0.271
0.220
0.176
0.139
0.108
0.083
0.063
0.047
0.034
0.025
0.018
0.013
0.009
0.006
0.004
0.003
0.002
0.001
0.001
0.000
0.000
0.000
0.000
0.000
0.000
0.000
-0.000
0.000
0.000
0.000
0.000
0.000
-0.000
-0.000
-0.000
-0.000
-0.000
0.000
0.000
0.000
0.000
0
0
0
0
0
0
0
0
0
0
0
0
0
0
0
0
0
0
0
0
0
0
0
0
0
0
0
0
0
0
0
0
0
0
0
0
0
0
0
0
0
0
0
0
0
0
0
0
0
0
0
0
0
0
0
0
0
0
0
0
0
0
0
0
0
0
0
0
0
0
0
0
0
0
0
0
0
0
0
0
0
0
0
0
0
0
0
0
0
0
0
0
0
0
0
0
0
0
0
0
0
0
0
0
0
0
0
0
0
0
0
0
0
0
0
0
0
0
0
0
0
0
0
0
0
0
0
0
0
0
0
0
0
0
0
0
0
0
0
0
0
0
0
0
0
0
0
0
0
0
0
0
0
0
0
0
0
0
0
0
0
0
0
0
0
0
0
0
0
0
0
0
0
0
0
0
0
0
0
0
0
0
0
0
0
0
0
0
0
0
0
0
0
0
0
0
0
0
0
0
0
0
0
0
0
0
0
0
0
0
0
0
0
0
0
0
0
0
0
0
0
0
0
0
0
0
0
0
0
0
0
0
0
0
0
0
0
0
0
0
0
0
0
0
0
0
0
0
0
0
0
0
0
0
0
0
0
0
0
0
0
0
0
0
0
0
0
0
0
0
0
0
0
0
0
0
0
0
0
0
0
0
0
0
0
0
0
0
0
0
0
0
0
0
0
0
0
0
0
0
0
0
0
0
0
0
0
0
0
0
0
0
0
0
0
0
0
0
0
0
0
0
0
0
0
0
0
0
0
0
0
0
0
0
0
0
0
0
0
0
0
0
0
0
0
0
0
0
0
0
0
0
0
0
0
0
0
0
0
0
0
0
0
0
0
0
0
0
0
0
0
0
0
0
0
0
0
0
0
0
0
0
0
0
0
0
0
0
0
0
0
0
0
0
0
0
0
0
0
0
0
0
0
0
0
0
0
0
0
0
0
0
0
0
0
0
0
0
0
0
0
0
0
0
0
0
0
0
0
0
0
0
0
0
0
0
0
0
0
0
0
0
0
0
0
0
0
0
0
0
0
0
0
0
0
0
0
0
0
0
0
0
0
0
0
0
0
0
0
0
0
0
0
0
0
0
0
0
0
0
0
0
0
0
0
0
0
0
0
0
0
0
0
0
0
0
0
0
0
0
0
0
0
0
0
0
0
0
0
0
0
0
0
0
0
0
0
0
0
0
0
0
0
0
0
0
0
0
0
0
0
0
0
0
0
0
0
0
0
0
0
0
0
0
0
0
0
0
0
0
0
0
0
0
0
0
0
0
0
0
0
0
0
0
0
0
0
0
0
0
0
0
0
0
0
0
0
0
0
0
0
0
0
0
0
0
0
0
0
0
0
0
0
0
0
0
0
0
0
0
0
0
0
0
0
0
0
0
0
0
0
0
0
0
0
0
0
0
0
0
0
0
0
0
0
0
0
0
0
0
0
0
0
0
0
0
0
0
0
0
0
0
0
0
0
0
0
0
0
0
0
0
0
0
0
0
0
0
0
0
0
0
0
0
0
0
0
0
0
0
0
0
0
0
0
0
0
0
0
0
0
0
0
0
0
0
0
0
0
0
0
0
0
0
0
0
0
0
0
0
0
0
0
0
0
0
0
0
0
0
0
0
0
0
0
0
0
0
0
0
0
0
0
0
0
0
0
0
0
0
0
0
0
0
0
0
0
0
0
0
0
0
0
0
0
0
0
0
0
0
0
0
0
0
0
0
0
0
0
0
0
0
0
0
0
0
0
0
0
0
0
0
0
0
0
0
0
0
0
0
0
0
0
0
0
0
0
0
0
0
0
0
0
0
0
0
0
0
0
0
0
0
0
0
0
0
0
0
0
0
0
0
0
0
0
0
0
0
0
0
0
0
0
0
0
0
0
0
0
0
0
0
0
0
0
0
0
0
0
0
0
0
0
0
0
0
0
0
0
0
0
0
0
0
0
0
0
0
0
0
0
0
0
0
0
0
0
0
0
0
0
0
0
0
0
0
0
0
0
0
0
0
0
0
0
0
0
0
0
0
0
0
0
0
0
0
0
0
0
0
0
0
0
$MCA_CAL:
3
-1.4656616 2.9313233 0.00000000000000
$ENER_FIT:
-1.4656616 2.9313233 0.00000000000000
$MCA_CAL_DATA:
3
298 872
597 1749
896 2625
$CAMBIO:
Parent file specification: C:\GADRAS-DRF\Temp\parallelGUI3\57CO_75.0_50.0_iron_11.02_8.0.pcf
Successful read of spectrum: Yes
Error message: None
Warning: None
Information: None
Neutrons: 0
Number of spectral records in the parent file: 1
Record number of this spectrum in the parent file: 1
Date and time of acquisition read successfully from the original file: Yes
Live time read successfully from the original file: Yes
True time read successfully from the original file: Yes
GADRAS Tag character is:  
Version: 130122
Parent file type: Sandia GADRAS PCF
