$SPEC_ID:
57CO,1uC{26,1.53}
$MEAS_TIM:
3600.00 3600.00
$DATE_MEA:
3/9/2018 5:22:25 PM
$DATA:
0 1193
222.185
420.274
415.400
373.370
289.184
219.421
168.987
129.220
100.801
81.552
70.634
66.340
66.183
69.538
78.011
90.024
104.847
119.866
134.331
146.951
162.089
179.049
203.431
244.245
313.609
410.879
509.540
565.476
558.146
520.265
494.484
487.034
486.691
491.857
514.930
555.805
618.863
743.022
1002.236
1434.239
1897.973
2096.798
1843.899
1302.088
784.104
465.059
315.296
229.216
151.525
82.933
36.722
13.123
3.909
1.212
0.574
0.449
0.428
0.426
0.428
0.431
0.434
0.443
0.453
0.461
0.466
0.464
0.455
0.440
0.423
0.407
0.391
0.378
0.368
0.357
0.348
0.338
0.329
0.320
0.312
0.302
0.293
0.283
0.274
0.266
0.259
0.253
0.246
0.240
0.235
0.230
0.226
0.221
0.217
0.212
0.209
0.206
0.203
0.200
0.198
0.195
0.192
0.189
0.187
0.185
0.183
0.183
0.184
0.188
0.195
0.206
0.223
0.244
0.269
0.295
0.320
0.340
0.353
0.358
0.354
0.341
0.320
0.295
0.266
0.238
0.211
0.187
0.167
0.150
0.138
0.129
0.122
0.118
0.115
0.113
0.111
0.111
0.110
0.110
0.110
0.110
0.110
0.111
0.111
0.111
0.112
0.112
0.113
0.113
0.114
0.114
0.115
0.115
0.115
0.116
0.116
0.116
0.115
0.114
0.114
0.113
0.112
0.110
0.107
0.104
0.101
0.099
0.095
0.092
0.088
0.084
0.080
0.077
0.073
0.070
0.068
0.065
0.063
0.061
0.060
0.059
0.059
0.059
0.061
0.063
0.066
0.070
0.074
0.080
0.086
0.093
0.099
0.104
0.107
0.109
0.109
0.107
0.103
0.097
0.090
0.083
0.075
0.067
0.060
0.054
0.048
0.044
0.040
0.038
0.036
0.034
0.033
0.032
0.032
0.032
0.032
0.033
0.034
0.037
0.040
0.046
0.054
0.065
0.080
0.099
0.122
0.151
0.184
0.222
0.264
0.308
0.354
0.397
0.437
0.471
0.496
0.512
0.518
0.511
0.494
0.468
0.434
0.394
0.350
0.304
0.259
0.216
0.177
0.142
0.111
0.086
0.065
0.048
0.035
0.024
0.017
0.012
0.008
0.005
0.003
0.002
0.001
0.001
0.000
0.000
0.000
0.000
0.000
0.000
0.000
0.000
0.000
0.000
-0.000
-0.000
-0.000
-0.000
0.000
0.000
0.000
0.000
0.000
0.000
0.000
0
0
0
0
0
0
0
0
0
0
0
0
0
0
0
0
0
0
0
0
0
0
0
0
0
0
0
0
0
0
0
0
0
0
0
0
0
0
0
0
0
0
0
0
0
0
0
0
0
0
0
0
0
0
0
0
0
0
0
0
0
0
0
0
0
0
0
0
0
0
0
0
0
0
0
0
0
0
0
0
0
0
0
0
0
0
0
0
0
0
0
0
0
0
0
0
0
0
0
0
0
0
0
0
0
0
0
0
0
0
0
0
0
0
0
0
0
0
0
0
0
0
0
0
0
0
0
0
0
0
0
0
0
0
0
0
0
0
0
0
0
0
0
0
0
0
0
0
0
0
0
0
0
0
0
0
0
0
0
0
0
0
0
0
0
0
0
0
0
0
0
0
0
0
0
0
0
0
0
0
0
0
0
0
0
0
0
0
0
0
0
0
0
0
0
0
0
0
0
0
0
0
0
0
0
0
0
0
0
0
0
0
0
0
0
0
0
0
0
0
0
0
0
0
0
0
0
0
0
0
0
0
0
0
0
0
0
0
0
0
0
0
0
0
0
0
0
0
0
0
0
0
0
0
0
0
0
0
0
0
0
0
0
0
0
0
0
0
0
0
0
0
0
0
0
0
0
0
0
0
0
0
0
0
0
0
0
0
0
0
0
0
0
0
0
0
0
0
0
0
0
0
0
0
0
0
0
0
0
0
0
0
0
0
0
0
0
0
0
0
0
0
0
0
0
0
0
0
0
0
0
0
0
0
0
0
0
0
0
0
0
0
0
0
0
0
0
0
0
0
0
0
0
0
0
0
0
0
0
0
0
0
0
0
0
0
0
0
0
0
0
0
0
0
0
0
0
0
0
0
0
0
0
0
0
0
0
0
0
0
0
0
0
0
0
0
0
0
0
0
0
0
0
0
0
0
0
0
0
0
0
0
0
0
0
0
0
0
0
0
0
0
0
0
0
0
0
0
0
0
0
0
0
0
0
0
0
0
0
0
0
0
0
0
0
0
0
0
0
0
0
0
0
0
0
0
0
0
0
0
0
0
0
0
0
0
0
0
0
0
0
0
0
0
0
0
0
0
0
0
0
0
0
0
0
0
0
0
0
0
0
0
0
0
0
0
0
0
0
0
0
0
0
0
0
0
0
0
0
0
0
0
0
0
0
0
0
0
0
0
0
0
0
0
0
0
0
0
0
0
0
0
0
0
0
0
0
0
0
0
0
0
0
0
0
0
0
0
0
0
0
0
0
0
0
0
0
0
0
0
0
0
0
0
0
0
0
0
0
0
0
0
0
0
0
0
0
0
0
0
0
0
0
0
0
0
0
0
0
0
0
0
0
0
0
0
0
0
0
0
0
0
0
0
0
0
0
0
0
0
0
0
0
0
0
0
0
0
0
0
0
0
0
0
0
0
0
0
0
0
0
0
0
0
0
0
0
0
0
0
0
0
0
0
0
0
0
0
0
0
0
0
0
0
0
0
0
0
0
0
0
0
0
0
0
0
0
0
0
0
0
0
0
0
0
0
0
0
0
0
0
0
0
0
0
0
0
0
0
0
0
0
0
0
0
0
0
0
0
0
0
0
0
0
0
0
0
0
0
0
0
0
0
0
0
0
0
0
0
0
0
0
0
0
0
0
0
0
0
0
0
0
0
0
0
0
0
0
0
0
0
0
0
0
0
0
0
0
0
0
0
0
0
0
0
0
0
0
0
0
0
0
0
0
0
0
0
0
0
0
0
0
0
0
0
0
0
0
0
0
0
0
0
0
0
0
0
0
0
0
0
0
0
0
0
0
0
0
0
0
0
0
0
0
0
0
0
0
0
0
0
0
0
0
0
0
0
0
0
0
0
0
0
0
0
0
0
0
0
0
0
0
0
0
0
0
0
0
0
0
0
0
0
0
0
0
0
0
0
0
0
0
0
0
0
0
0
0
0
0
0
0
0
0
0
0
0
0
0
0
0
0
0
0
0
0
0
0
0
0
0
0
0
0
0
0
0
0
0
0
0
0
0
0
0
0
0
0
0
0
0
0
0
0
0
0
0
0
0
0
0
$MCA_CAL:
3
-1.4656616 2.9313233 0.00000000000000
$ENER_FIT:
-1.4656616 2.9313233 0.00000000000000
$MCA_CAL_DATA:
3
298 872
597 1749
896 2625
$CAMBIO:
Parent file specification: C:\GADRAS-DRF\Temp\parallelGUI3\57CO_75.0_112.5_iron_1.53_6.5.pcf
Successful read of spectrum: Yes
Error message: None
Warning: None
Information: None
Neutrons: 0
Number of spectral records in the parent file: 1
Record number of this spectrum in the parent file: 1
Date and time of acquisition read successfully from the original file: Yes
Live time read successfully from the original file: Yes
True time read successfully from the original file: Yes
GADRAS Tag character is:  
Version: 130122
Parent file type: Sandia GADRAS PCF
