$SPEC_ID:
60CO,1uC{0,0}
$MEAS_TIM:
3600.00 3600.00
$DATE_MEA:
3/9/2018 5:22:25 PM
$DATA:
0 1193
97.049
91.981
87.132
82.281
77.431
72.590
67.021
60.953
54.881
48.724
45.099
42.578
40.073
37.619
37.210
37.864
38.461
39.057
39.749
40.468
41.189
41.882
42.376
42.751
43.158
43.499
43.614
43.635
43.662
43.671
43.716
43.786
43.856
43.913
43.945
43.979
44.019
44.057
44.086
44.106
44.134
44.194
44.309
44.450
44.588
44.719
44.856
45.005
45.145
45.251
45.309
45.342
45.375
45.369
45.302
45.215
45.121
45.005
44.864
44.716
44.584
44.500
44.453
44.423
44.452
44.604
44.861
45.162
45.515
45.973
46.529
47.108
47.633
48.028
48.232
48.217
47.958
47.388
46.424
45.120
43.689
42.301
40.984
39.734
38.550
37.432
36.377
35.378
34.427
33.505
32.594
31.683
30.793
29.959
29.187
28.451
27.723
26.989
26.241
25.478
24.726
24.019
23.380
22.781
22.191
21.589
20.981
20.378
19.789
19.231
18.716
18.248
17.813
17.396
16.988
16.601
16.244
15.921
15.620
15.324
15.021
14.713
14.402
14.092
13.791
13.508
13.250
13.021
12.813
12.624
12.447
12.278
12.113
11.947
11.779
11.607
11.432
11.254
11.080
10.916
10.771
10.644
10.535
10.439
10.356
10.281
10.210
10.138
10.064
9.988
9.910
9.832
9.755
9.679
9.606
9.536
9.470
9.407
9.347
9.291
9.237
9.184
9.131
9.077
9.023
8.970
8.918
8.869
8.821
8.775
8.731
8.688
8.645
8.602
8.560
8.517
8.473
8.429
8.385
8.342
8.300
8.258
8.217
8.177
8.138
8.100
8.063
8.029
7.997
7.967
7.939
7.912
7.887
7.863
7.839
7.817
7.795
7.774
7.754
7.733
7.713
7.693
7.672
7.652
7.633
7.615
7.599
7.585
7.573
7.562
7.551
7.542
7.533
7.524
7.515
7.505
7.495
7.485
7.476
7.468
7.463
7.460
7.460
7.461
7.463
7.465
7.468
7.469
7.471
7.472
7.472
7.472
7.471
7.471
7.472
7.473
7.476
7.479
7.483
7.488
7.493
7.498
7.503
7.508
7.513
7.518
7.523
7.529
7.535
7.542
7.550
7.559
7.569
7.580
7.592
7.605
7.619
7.633
7.647
7.662
7.677
7.694
7.712
7.731
7.751
7.772
7.794
7.817
7.840
7.864
7.889
7.914
7.941
7.969
7.998
8.029
8.060
8.093
8.126
8.159
8.193
8.225
8.257
8.288
8.316
8.342
8.366
8.388
8.407
8.425
8.442
8.458
8.475
8.490
8.504
8.515
8.524
8.529
8.529
8.525
8.516
8.502
8.482
8.458
8.427
8.392
8.352
8.308
8.262
8.213
8.164
8.112
8.058
8.000
7.937
7.867
7.791
7.705
7.613
7.515
7.412
7.306
7.197
7.088
6.977
6.868
6.760
6.654
6.550
6.450
6.355
6.263
6.176
6.093
6.015
5.940
5.871
5.806
5.746
5.690
5.639
5.593
5.552
5.515
5.481
5.448
5.414
5.378
5.337
5.290
5.236
5.177
5.115
5.055
4.996
4.944
4.899
4.862
4.833
4.809
4.788
4.769
4.750
4.728
4.707
4.688
4.676
4.674
4.687
4.719
4.772
4.851
4.956
5.090
5.254
5.449
5.676
5.938
6.235
6.566
6.929
7.323
7.747
8.199
8.678
9.181
9.702
10.231
10.761
11.283
11.790
12.271
12.721
13.131
13.496
13.807
14.061
14.249
14.364
14.403
14.361
14.242
14.049
13.789
13.464
13.079
12.638
12.147
11.612
11.043
10.449
9.839
9.223
8.609
8.008
7.426
6.869
6.343
5.851
5.397
4.988
4.628
4.321
4.069
3.872
3.730
3.641
3.606
3.622
3.690
3.809
3.976
4.188
4.441
4.730
5.053
5.405
5.782
6.182
6.598
7.024
7.455
7.884
8.305
8.714
9.102
9.465
9.798
10.097
10.358
10.578
10.753
10.878
10.951
10.966
10.926
10.831
10.686
10.494
10.257
9.977
9.659
9.305
8.919
8.506
8.071
7.621
7.160
6.693
6.227
5.765
5.314
4.875
4.451
4.042
3.652
3.282
2.933
2.608
2.309
2.035
1.785
1.559
1.355
1.171
1.007
0.861
0.732
0.619
0.521
0.436
0.363
0.301
0.249
0.205
0.168
0.137
0.111
0.089
0.071
0.056
0.045
0.036
0.028
0.023
0.018
0.014
0.010
0.007
0.005
0.003
0.002
0.001
0.000
-0.000
-0.001
-0.001
-0.001
-0.001
-0.001
-0.000
-0.000
0.000
0.000
0.000
0.000
0.000
0.000
0.000
0.000
0.000
0.000
-0.000
-0.000
-0.000
-0.000
-0.000
-0.000
-0.000
0.000
0.000
0.000
0.000
0.000
0.000
0.000
0.000
0.000
0.000
0.000
0.000
0.000
0.000
0.000
0.000
0.000
0.000
0.000
0.000
0.000
0.000
0.000
0.000
0.000
0.000
0.000
0.000
0.000
0.000
0.000
0.000
0.000
0.000
0.000
0.000
0.000
0.000
0.000
0.000
0.000
0.000
0.000
0.000
0.000
0.000
0.000
0.000
0.000
0.000
0.000
0.000
0.000
0.000
0.000
0.000
0.000
0.000
0.000
0.000
0.000
0.000
0.000
0.000
0.000
0.000
0.000
0.000
0.000
0.000
0.000
0.000
0.000
0.000
0.000
0.000
0.000
0.000
0.000
0.000
0.000
0.000
0.000
0.000
0.000
0.000
0.000
0.000
0.000
0.000
0.000
0.000
0.000
0.000
0.000
0.000
0.000
0.000
0.000
0.000
0.000
0.000
0.000
0.000
0.000
0.000
0.000
0.000
0.000
0.000
0.000
0.000
0.000
0.000
0.000
0.000
0.000
0.000
0.000
0.000
0.000
0.000
0.000
0.000
0.000
0.000
0.000
0.000
0.000
0.000
0.000
0.000
0.000
0.000
0.000
0.000
0.000
0.000
0.000
0.000
0.000
0.000
0.000
0.000
0.000
0.000
0.000
0.000
0.000
0.000
0.000
0.000
0.000
0.000
0.000
0.000
0.000
0.000
0.000
0.000
0.000
0.000
0.000
0.000
0.000
0.000
0.000
0.000
0.000
0.000
0.000
0.000
0.000
0.000
0.000
0.000
0.000
0.000
0.000
0.000
0.000
0.000
0.000
0.000
0.000
0.000
0.000
0.000
0.000
0.000
0.000
0.000
0.000
0.000
0.000
0.000
0.000
0.000
0.000
0.000
0.000
0.000
0.000
0.000
0.000
0.000
0.000
0.000
0.000
0.000
0.000
0.000
0.000
0.000
0.000
0.000
0.000
0.000
0.000
0.000
0.000
0.000
0.000
0.000
0.000
0.000
0.000
0.000
0.000
0.000
0.000
0.000
0.000
0.000
0.000
0.000
0.000
0.000
0.000
0.000
0.000
0.000
0.000
0.000
0.000
0.000
0.000
0.000
0.000
0.000
0.000
0.000
0.000
0.000
0.000
0.000
0.000
0.000
0.000
0.000
0.000
0.000
0.000
0.000
0.000
0.000
0.000
0.000
0.000
0.000
0.000
0.000
0.000
0.000
0.000
0.000
0.000
0.000
0.000
0.000
0.000
0.000
0.000
0.000
0.000
0.000
0.000
0.000
0.000
0.000
0.000
0.000
0.000
0.000
0.000
0.000
0.000
0.000
0.000
0.000
0.000
0.000
0.000
0.000
0.000
0.000
0.000
0.000
0.000
0.000
0.000
0.000
0.000
0.000
0.000
0.000
0.000
0.000
0.000
0.000
0.000
0.000
0.000
0.000
0.000
0.000
0.000
0.000
0.000
0.000
0.000
0.000
0.000
0.000
0.000
0.000
0.000
0.000
0.000
0.000
0.000
0.000
0.000
0.000
0.000
0.000
0.000
0.000
0.000
0.000
0.000
0.000
0.000
0.000
0.000
0.000
0.000
0.000
0.000
0.000
0.000
0.000
0.000
0.000
0.000
0.000
0.000
0.000
0.000
0.000
0.000
0.000
0.000
0.000
0.000
0.000
0.000
0.000
0.000
0.000
0.000
0.000
0.000
0.000
0.000
0.000
0.000
0.000
0.000
0.000
0.000
0.000
0.000
0.000
0.000
0.000
0.000
0.000
0.000
0.000
0.000
0.000
0.000
0.000
0.000
0.000
0.000
0.000
0.000
0.000
-0.000
-0.000
-0.000
-0.000
-0.000
-0.000
-0.000
-0.000
-0.000
-0.000
-0.000
-0.000
-0.000
0.000
0.000
0.000
0.000
0.000
0.000
0.000
0.000
0.000
0.000
0.000
0.000
0.000
0.000
0.000
0.000
0.000
0.000
0.000
0.000
0.000
0
0
0
0
0
0
0
0
0
0
0
0
0
0
0
0
0
0
0
0
0
0
0
0
0
0
0
0
0
0
0
0
0
0
0
0
0
0
0
0
0
0
0
0
0
0
0
0
0
0
0
0
0
0
0
0
0
0
0
0
0
0
0
0
0
0
0
0
0
0
0
0
0
0
0
0
0
0
0
0
0
0
0
0
0
0
0
0
0
0
0
0
0
0
0
0
0
0
0
0
0
0
0
0
0
0
0
0
0
0
0
0
0
0
0
0
0
0
0
0
0
0
0
0
0
0
0
0
0
0
0
0
0
0
0
0
0
0
0
0
0
0
0
0
0
0
0
0
0
0
0
0
0
0
0
0
0
0
0
0
0
0
0
0
0
0
0
0
0
0
0
0
0
0
0
0
0
0
0
0
0
0
0
0
0
0
0
0
0
0
0
0
0
0
0
0
0
0
0
0
0
0
0
0
0
0
0
0
0
0
0
$MCA_CAL:
3
-1.4656616 2.9313233 0.00000000000000
$ENER_FIT:
-1.4656616 2.9313233 0.00000000000000
$MCA_CAL_DATA:
3
298 872
597 1749
896 2625
$CAMBIO:
Parent file specification: C:\GADRAS-DRF\Temp\parallelGUI3\60CO_150.0_300.0_none_0_9.0.pcf
Successful read of spectrum: Yes
Error message: None
Warning: None
Information: None
Neutrons: 0
Number of spectral records in the parent file: 1
Record number of this spectrum in the parent file: 1
Date and time of acquisition read successfully from the original file: Yes
Live time read successfully from the original file: Yes
True time read successfully from the original file: Yes
GADRAS Tag character is:  
Version: 130122
Parent file type: Sandia GADRAS PCF
