$SPEC_ID:
60CO,1uC{0,0}
$MEAS_TIM:
3600.00 3600.00
$DATE_MEA:
3/9/2018 5:22:25 PM
$DATA:
0 1193
134.887
127.849
120.742
113.637
106.532
99.424
91.712
83.545
75.378
67.209
62.103
58.537
54.991
51.473
50.952
51.601
52.267
52.940
53.766
54.633
55.500
56.367
57.199
57.996
58.799
59.518
59.526
59.320
59.123
58.926
58.891
58.952
59.001
59.019
58.971
58.914
58.858
58.802
58.729
58.643
58.558
58.560
58.661
58.785
58.915
59.072
59.310
59.611
59.878
60.125
60.348
60.566
60.798
61.012
61.160
61.298
61.411
61.454
61.436
61.400
61.371
61.365
61.403
61.470
61.594
61.905
62.336
62.825
63.489
64.427
65.692
67.263
68.977
70.578
71.845
72.636
72.885
72.304
70.675
68.579
66.436
64.082
61.567
59.155
57.018
55.213
53.509
51.734
50.026
48.458
46.935
45.406
43.885
42.430
41.128
39.945
38.768
37.577
36.405
35.236
34.024
32.848
31.866
31.050
30.230
29.342
28.426
27.527
26.681
25.922
25.259
24.689
24.144
23.572
23.020
22.568
22.205
21.864
21.508
21.146
20.790
20.433
20.071
19.712
19.372
19.060
18.777
18.522
18.296
18.097
17.916
17.741
17.561
17.377
17.194
17.012
16.832
16.653
16.471
16.281
16.095
15.938
15.829
15.751
15.678
15.595
15.506
15.418
15.333
15.249
15.163
15.078
14.992
14.907
14.821
14.735
14.649
14.565
14.486
14.411
14.339
14.265
14.191
14.118
14.044
13.972
13.903
13.837
13.774
13.716
13.661
13.609
13.559
13.508
13.458
13.407
13.354
13.298
13.241
13.182
13.123
13.065
13.012
12.961
12.912
12.863
12.815
12.768
12.724
12.684
12.645
12.608
12.570
12.535
12.500
12.468
12.437
12.407
12.378
12.347
12.317
12.286
12.255
12.225
12.195
12.166
12.139
12.115
12.093
12.075
12.058
12.042
12.024
12.007
11.990
11.973
11.956
11.940
11.924
11.910
11.898
11.890
11.889
11.895
11.903
11.913
11.921
11.928
11.933
11.938
11.942
11.945
11.946
11.946
11.945
11.943
11.943
11.945
11.949
11.954
11.960
11.966
11.971
11.978
11.985
11.992
12.001
12.010
12.020
12.030
12.041
12.054
12.070
12.088
12.109
12.129
12.150
12.170
12.191
12.213
12.237
12.263
12.292
12.321
12.351
12.382
12.414
12.447
12.481
12.517
12.556
12.596
12.641
12.688
12.740
12.795
12.853
12.915
12.979
13.044
13.109
13.172
13.233
13.292
13.347
13.399
13.447
13.491
13.531
13.564
13.593
13.619
13.643
13.666
13.691
13.716
13.741
13.765
13.787
13.805
13.813
13.810
13.789
13.750
13.696
13.637
13.578
13.525
13.480
13.435
13.386
13.326
13.251
13.156
13.042
12.904
12.742
12.554
12.351
12.136
11.918
11.700
11.485
11.272
11.058
10.843
10.627
10.414
10.210
10.021
9.852
9.704
9.575
9.461
9.361
9.269
9.186
9.111
9.043
8.981
8.926
8.875
8.830
8.787
8.748
8.711
8.672
8.629
8.579
8.519
8.446
8.366
8.278
8.189
8.099
8.014
7.934
7.863
7.801
7.751
7.712
7.673
7.623
7.549
7.441
7.293
7.115
6.923
6.733
6.558
6.411
6.297
6.214
6.163
6.145
6.163
6.229
6.365
6.589
6.922
7.382
7.981
8.725
9.622
10.676
11.895
13.272
14.782
16.402
18.103
19.864
21.650
23.415
25.105
26.668
28.050
29.203
30.095
30.705
31.016
31.008
30.661
29.976
28.993
27.747
26.283
24.633
22.845
20.956
19.017
17.071
15.163
13.341
11.631
10.049
8.599
7.293
6.139
5.143
4.300
3.597
3.024
2.569
2.220
1.967
1.807
1.735
1.748
1.840
2.010
2.257
2.587
3.005
3.517
4.126
4.838
5.652
6.564
7.575
8.679
9.876
11.157
12.500
13.883
15.280
16.665
18.018
19.308
20.507
21.584
22.510
23.253
23.782
24.087
24.166
24.029
23.676
23.116
22.353
21.406
20.305
19.079
17.764
16.386
14.979
13.567
12.171
10.809
9.504
8.274
7.140
6.109
5.180
4.349
3.613
2.971
2.418
1.951
1.559
1.235
0.970
0.755
0.581
0.442
0.333
0.248
0.184
0.136
0.101
0.073
0.052
0.036
0.025
0.018
0.012
0.008
0.005
0.003
0.002
0.001
0.000
-0.000
-0.000
-0.000
-0.000
-0.000
-0.000
0.000
0.000
0.000
0.000
0.000
0.000
0.000
0.000
0.000
0.000
0.000
0.000
0.000
0.000
0.000
0.000
0.000
0.000
0.000
0.000
0.000
0.000
0.000
0.000
0.000
0.000
0.000
0.000
0.000
0.000
0.000
0.000
0.000
0.000
0.000
0.000
0.000
0.000
0.000
0.000
0.000
0.000
0.000
0.000
0.000
0.000
0.000
0.000
0.000
0.000
0.000
0.000
0.000
0.000
0.000
0.000
0.000
0.000
0.000
0.000
0.000
0.000
0.000
0.000
0.000
0.000
0.000
0.000
0.000
0.000
0.000
0.000
0.000
0.000
0.000
0.000
0.000
0.000
0.000
0.000
0.000
0.000
0.000
0.000
0.000
0.000
0.000
0.000
0.000
0.000
0.000
0.000
0.000
0.000
0.000
0.000
0.000
0.000
0.000
0.000
0.000
0.000
0.000
0.000
0.000
0.000
0.000
0.000
0.000
0.000
0.000
0.000
0.000
0.000
0.000
0.000
0.000
0.000
0.000
0.000
0.000
0.000
0.000
0.000
0.000
0.000
0.000
0.000
0.000
0.000
0.000
0.000
0.000
0.000
0.000
0.000
0.000
0.000
0.000
0.000
0.000
0.000
0.000
0.000
0.000
0.000
0.000
0.000
0.000
0.000
0.000
0.000
0.000
0.000
0.000
0.000
0.000
0.000
0.000
0.000
0.000
0.000
0.000
0.000
0.000
0.000
0.000
0.000
0.000
0.000
0.000
0.000
0.000
0.000
0.000
0.000
0.000
0.000
0.000
0.000
0.000
0.000
0.000
0.000
0.000
0.000
0.000
0.000
0.000
0.000
0.000
0.000
0.000
0.000
0.000
0.000
0.000
0.000
0.000
0.000
0.000
0.000
0.000
0.000
0.000
0.000
0.000
0.000
0.000
0.000
0.000
0.000
0.000
0.000
0.000
0.000
0.000
0.000
0.000
0.000
0.000
0.000
0.000
0.000
0.000
0.000
0.000
0.000
0.000
0.000
0.000
0.000
0.000
0.000
0.000
0.000
0.000
0.000
0.000
0.000
0.000
0.000
0.000
0.000
0.000
0.000
0.000
0.000
0.000
0.000
0.000
0.000
0.000
0.000
0.000
0.000
0.000
0.000
0.000
0.000
0.000
0.000
0.000
0.000
0.000
0.000
0.000
0.000
0.000
0.000
0.000
0.000
0.000
0.000
0.000
0.000
0.000
0.000
0.000
0.000
0.000
0.000
0.000
0.000
0.000
0.000
0.000
0.000
0.000
0.000
0.000
0.000
0.000
0.000
0.000
0.000
0.000
0.000
0.000
0.000
0.000
0.000
0.000
0.000
0.000
0.000
0.000
0.000
0.000
0.000
0.000
0.000
0.000
0.000
0.000
0.000
0.000
0.000
0.000
0.000
0.000
0.000
0.000
0.000
0.000
0.000
0.000
0.000
0.000
0.000
0.000
0.000
0.000
0.000
0.000
0.000
0.000
0.000
0.000
0.000
0.000
0.000
0.000
0.000
0.000
0.000
0.000
0.000
0.000
0.000
0.000
0.000
0.000
0.000
0.000
0.000
0.000
0.000
0.000
0.000
0.000
0.000
0.000
0.000
0.000
0.000
0.000
0.000
0.000
0.000
0.000
0.000
0.000
0.000
0.000
0.000
0.000
0.000
0.000
0.000
0.000
0.000
0.000
0.000
0.000
0.000
0.000
0.000
0.000
0.000
0.000
0.000
0.000
0.000
0.000
0.000
0.000
0.000
0.000
0.000
0.000
0.000
0.000
0.000
0.000
0.000
0.000
0.000
0.000
0.000
0.000
0.000
0.000
0.000
0.000
0.000
0.000
0.000
0.000
0.000
0.000
0.000
0.000
-0.000
-0.000
-0.000
-0.000
-0.000
-0.000
-0.000
-0.000
-0.000
0.000
0.000
0.000
0.000
0.000
0.000
0.000
0.000
0.000
0.000
0.000
0.000
0.000
0.000
0.000
0.000
0
0
0
0
0
0
0
0
0
0
0
0
0
0
0
0
0
0
0
0
0
0
0
0
0
0
0
0
0
0
0
0
0
0
0
0
0
0
0
0
0
0
0
0
0
0
0
0
0
0
0
0
0
0
0
0
0
0
0
0
0
0
0
0
0
0
0
0
0
0
0
0
0
0
0
0
0
0
0
0
0
0
0
0
0
0
0
0
0
0
0
0
0
0
0
0
0
0
0
0
0
0
0
0
0
0
0
0
0
0
0
0
0
0
0
0
0
0
0
0
0
0
0
0
0
0
0
0
0
0
0
0
0
0
0
0
0
0
0
0
0
0
0
0
0
0
0
0
0
0
0
0
0
0
0
0
0
0
0
0
0
0
0
0
0
0
0
0
0
0
0
0
0
0
0
0
0
0
0
0
0
0
0
0
0
0
0
0
0
0
0
0
0
0
0
0
0
0
0
0
0
0
0
0
0
0
0
0
0
0
0
0
0
0
0
0
0
0
0
0
0
0
0
0
0
0
0
0
0
0
0
0
0
0
0
0
0
0
0
$MCA_CAL:
3
-1.4656616 2.9313233 0.00000000000000
$ENER_FIT:
-1.4656616 2.9313233 0.00000000000000
$MCA_CAL_DATA:
3
298 872
597 1749
896 2625
$CAMBIO:
Parent file specification: C:\GADRAS-DRF\Temp\parallelGUI3\60CO_150.0_237.5_none_0_6.5.pcf
Successful read of spectrum: Yes
Error message: None
Warning: None
Information: None
Neutrons: 0
Number of spectral records in the parent file: 1
Record number of this spectrum in the parent file: 1
Date and time of acquisition read successfully from the original file: Yes
Live time read successfully from the original file: Yes
True time read successfully from the original file: Yes
GADRAS Tag character is:  
Version: 130122
Parent file type: Sandia GADRAS PCF
