$SPEC_ID:
60CO,1uC{13,13.16}
$MEAS_TIM:
3600.00 3600.00
$DATE_MEA:
3/9/2018 5:22:25 PM
$DATA:
0 1193
160.712
152.317
146.322
431.607
361.414
318.075
280.584
248.509
225.566
205.403
195.113
188.178
183.433
180.773
181.438
182.892
185.423
190.403
198.378
208.158
219.158
230.582
239.715
244.042
248.484
252.924
257.270
261.517
265.792
269.920
274.088
278.426
282.196
280.144
278.391
276.509
274.663
272.917
270.835
268.774
266.704
264.828
263.219
261.622
260.327
260.150
259.915
259.481
259.059
258.428
257.560
256.740
255.737
254.075
252.029
249.868
247.793
245.969
244.356
242.836
241.346
240.275
239.344
237.511
235.270
233.376
231.903
230.725
229.719
229.166
229.074
228.859
227.754
224.958
220.039
213.130
205.514
197.697
188.895
179.573
171.285
164.150
157.525
151.626
146.893
142.851
138.851
134.913
131.229
127.853
124.756
121.664
118.380
115.482
113.641
112.510
111.379
110.106
108.842
107.632
106.420
105.190
103.983
102.813
101.643
100.430
99.183
97.928
96.692
95.518
94.446
93.536
92.812
92.192
91.560
90.886
90.192
89.499
88.810
88.117
87.426
86.736
86.050
85.356
84.652
83.937
83.226
82.531
81.867
81.252
80.677
80.122
79.555
78.981
78.407
77.833
77.263
76.691
76.119
75.546
74.976
74.407
73.839
73.270
72.710
72.169
71.652
71.154
70.659
70.160
69.654
69.147
68.643
68.139
67.640
67.146
66.663
66.192
65.737
65.295
64.867
64.449
64.046
63.663
63.298
62.949
62.605
62.262
61.916
61.573
61.231
60.890
60.546
60.191
59.828
59.460
59.086
58.711
58.338
57.977
57.626
57.286
56.954
56.625
56.298
55.972
55.648
55.326
55.007
54.695
54.390
54.091
53.794
53.501
53.209
52.923
52.647
52.390
52.146
51.906
51.670
51.429
51.185
50.940
50.698
50.458
50.221
49.991
49.765
49.545
49.329
49.120
48.913
48.711
48.514
48.321
48.132
47.946
47.766
47.590
47.418
47.253
47.096
46.949
46.805
46.668
46.531
46.392
46.249
46.107
45.965
45.826
45.687
45.553
45.419
45.286
45.156
45.025
44.897
44.769
44.645
44.522
44.399
44.280
44.161
44.042
43.921
43.800
43.677
43.553
43.432
43.315
43.203
43.095
42.991
42.888
42.785
42.683
42.584
42.486
42.391
42.298
42.213
42.132
42.059
41.997
41.941
41.889
41.842
41.797
41.755
41.718
41.689
41.668
41.655
41.650
41.649
41.652
41.656
41.663
41.672
41.683
41.696
41.713
41.727
41.736
41.736
41.727
41.706
41.671
41.629
41.576
41.515
41.452
41.396
41.351
41.323
41.311
41.295
41.259
41.180
41.054
40.873
40.662
40.433
40.205
39.987
39.783
39.587
39.390
39.192
38.983
38.755
38.494
38.193
37.837
37.426
36.965
36.476
35.969
35.464
34.966
34.476
33.992
33.505
33.016
32.521
32.032
31.554
31.102
30.684
30.309
29.972
29.668
29.396
29.145
28.917
28.705
28.513
28.337
28.181
28.040
27.913
27.790
27.669
27.541
27.398
27.241
27.068
26.881
26.680
26.468
26.243
26.018
25.793
25.581
25.382
25.209
25.049
24.889
24.722
24.529
24.303
24.035
23.742
23.427
23.105
22.782
22.473
22.186
21.937
21.737
21.598
21.535
21.562
21.708
21.992
22.444
23.085
23.942
25.024
26.346
27.915
29.745
31.841
34.204
36.799
39.579
42.511
45.546
48.652
51.755
54.777
57.625
60.217
62.456
64.268
65.603
66.439
66.762
66.546
65.775
64.430
62.568
60.244
57.533
54.489
51.193
47.694
44.075
40.400
36.740
33.171
29.757
26.565
23.603
20.889
18.428
16.236
14.320
12.687
11.325
10.220
9.357
8.723
8.303
8.086
8.069
8.250
8.629
9.202
9.971
10.933
12.088
13.436
14.975
16.708
18.630
20.743
23.021
25.434
27.948
30.533
33.157
35.788
38.377
40.875
43.221
45.358
47.234
48.791
49.992
50.819
51.274
51.341
51.020
50.297
49.177
47.692
45.887
43.806
41.493
38.998
36.360
33.629
30.845
28.056
25.300
22.626
20.074
17.684
15.461
13.411
11.533
9.830
8.305
6.957
5.783
4.768
3.899
3.161
2.541
2.024
1.597
1.249
0.970
0.750
0.578
0.445
0.341
0.257
0.191
0.140
0.101
0.073
0.052
0.036
0.024
0.015
0.009
0.005
0.002
0.001
-0.000
-0.001
-0.001
-0.001
-0.000
-0.000
0.000
0.000
0.000
0.000
0.000
0.000
0.000
0.000
0.000
0.000
0.000
0.000
0.000
0.000
0.000
0.000
0.000
0.000
0.000
0.000
0.000
0.000
0.000
0.000
0.000
0.000
0.000
0.000
0.000
0.000
0.000
0.000
0.000
0.000
0.000
0.000
0.000
0.000
0.000
0.000
0.000
0.000
0.000
0.000
0.000
0.000
0.000
0.000
0.000
0.000
0.000
0.000
0.000
0.000
0.000
0.000
0.000
0.000
0.000
0.000
0.000
0.000
0.000
0.000
0.000
0.000
0.000
0.000
0.000
0.000
0.000
0.000
0.000
0.000
0.000
0.000
0.000
0.000
0.000
0.000
0.000
0.000
0.000
0.000
0.000
0.000
0.000
0.000
0.000
0.000
0.000
0.000
0.000
0.000
0.000
0.000
0.000
0.000
0.000
0.000
0.000
0.000
0.000
0.000
0.000
0.000
0.000
0.000
0.000
0.000
0.000
0.000
0.000
0.000
0.000
0.000
0.000
0.000
0.000
0.000
0.000
0.000
0.000
0.000
0.000
0.000
0.000
0.000
0.000
0.000
0.000
0.000
0.000
0.000
0.000
0.000
0.000
0.000
0.000
0.000
0.000
0.000
0.000
0.000
0.000
0.000
0.000
0.000
0.000
0.000
0.000
0.000
0.000
0.000
0.000
0.000
0.000
0.000
0.000
0.000
0.000
0.000
0.000
0.000
0.000
0.000
0.000
0.000
0.000
0.000
0.000
0.000
0.000
0.000
0.000
0.000
0.000
0.000
0.000
0.000
0.000
0.000
0.000
0.000
0.000
0.000
0.000
0.000
0.000
0.000
0.000
0.000
0.000
0.000
0.000
0.000
0.000
0.000
0.000
0.000
0.000
0.000
0.000
0.000
0.000
0.000
0.000
0.000
0.000
0.000
0.000
0.000
0.000
0.000
0.000
0.000
0.000
0.000
0.000
0.000
0.000
0.000
0.000
0.000
0.000
0.000
0.000
0.000
0.000
0.000
0.000
0.000
0.000
0.000
0.000
0.000
0.000
0.000
0.000
0.000
0.000
0.000
0.000
0.000
0.000
0.000
0.000
0.000
0.000
0.000
0.000
0.000
0.000
0.000
0.000
0.000
0.000
0.000
0.000
0.000
0.000
0.000
0.000
0.000
0.000
0.000
0.000
0.000
0.000
0.000
0.000
0.000
0.000
0.000
0.000
0.000
0.000
0.000
0.000
0.000
0.000
0.000
0.000
0.000
0.000
0.000
0.000
0.000
0.000
0.000
0.000
0.000
0.000
0.000
0.000
0.000
0.000
0.000
0.000
0.000
0.000
0.000
0.000
0.000
0.000
0.000
0.000
0.000
0.000
0.000
0.000
0.000
0.000
0.000
0.000
0.000
0.000
0.000
0.000
0.000
0.000
0.000
0.000
0.000
0.000
0.000
0.000
0.000
0.000
0.000
0.000
0.000
0.000
0.000
0.000
0.000
0.000
0.000
0.000
0.000
0.000
0.000
0.000
0.000
0.000
0.000
0.000
0.000
0.000
0.000
0.000
0.000
0.000
0.000
0.000
0.000
0.000
0.000
0.000
0.000
0.000
0.000
0.000
0.000
0.000
0.000
0.000
0.000
0.000
0.000
0.000
0.000
0.000
0.000
0.000
0.000
0.000
0.000
0.000
0.000
0.000
0.000
0.000
0.000
0.000
0.000
0.000
0.000
0.000
0.000
0.000
0.000
0.000
0.000
0.000
0.000
0.000
0.000
0.000
0.000
0.000
0.000
0.000
0.000
0.000
0.000
0.000
0.000
0.000
0.000
0.000
0.000
0.000
0.000
0.000
0.000
0.000
0.000
0.000
0.000
0.000
0.000
-0.000
-0.000
-0.000
-0.000
-0.000
-0.000
-0.000
-0.000
-0.000
-0.000
0.000
0.000
0.000
0.000
0.000
0.000
0.000
0.000
0.000
0.000
0.000
-0.000
-0.000
-0.000
-0.000
-0.000
-0.000
-0.000
-0.000
-0.000
-0.000
-0.000
0.000
0.000
0.000
0.000
0.000
0.000
0.000
0.000
0.000
0.000
0.000
0.000
0.000
0.000
0.000
0.000
0
0
0
0
0
0
0
0
0
0
0
0
0
0
0
0
0
0
0
0
0
0
0
0
0
0
0
0
0
0
0
0
0
0
0
0
0
0
0
0
0
0
0
0
0
0
0
0
0
0
0
0
0
0
0
0
0
0
0
0
0
0
0
0
0
0
0
0
0
0
0
0
0
0
0
0
0
0
0
0
0
0
0
0
0
0
0
0
0
0
0
0
0
0
0
0
0
0
0
0
0
0
0
0
0
0
0
0
0
0
0
0
0
0
0
0
0
0
0
0
0
0
0
0
0
0
0
0
0
0
0
0
0
0
0
0
0
0
0
0
0
0
0
0
0
0
0
0
0
0
0
0
0
0
0
0
0
0
0
0
0
0
0
0
0
0
0
0
0
0
0
0
0
0
0
0
0
0
0
0
0
0
0
0
0
0
0
0
0
0
0
0
0
0
0
0
0
0
0
0
0
0
0
0
0
0
0
0
0
0
0
0
0
0
0
$MCA_CAL:
3
-1.4656616 2.9313233 0.00000000000000
$ENER_FIT:
-1.4656616 2.9313233 0.00000000000000
$MCA_CAL_DATA:
3
298 872
597 1749
896 2625
$CAMBIO:
Parent file specification: C:\GADRAS-DRF\Temp\parallelGUI3\60CO_150.0_112.5_alum_13.16_7.0.pcf
Successful read of spectrum: Yes
Error message: None
Warning: None
Information: None
Neutrons: 0
Number of spectral records in the parent file: 1
Record number of this spectrum in the parent file: 1
Date and time of acquisition read successfully from the original file: Yes
Live time read successfully from the original file: Yes
True time read successfully from the original file: Yes
GADRAS Tag character is:  
Version: 130122
Parent file type: Sandia GADRAS PCF
