$SPEC_ID:
60CO,1uC{26,11.02}
$MEAS_TIM:
3600.00 3600.00
$DATE_MEA:
3/9/2018 5:22:25 PM
$DATA:
0 1193
670.143
634.979
595.570
1149.323
1043.898
942.988
849.711
763.944
690.490
621.133
577.651
542.185
510.086
482.096
464.429
452.444
441.894
434.869
434.296
436.815
444.107
452.376
459.021
461.808
464.667
467.806
473.442
479.649
485.556
494.404
505.808
517.426
527.621
533.611
539.204
544.941
550.662
556.673
563.649
570.807
577.995
585.690
594.135
602.943
611.329
616.536
621.274
625.743
629.909
633.176
635.711
638.366
640.745
641.224
639.576
637.995
636.620
635.524
634.826
634.307
634.068
634.917
636.266
636.489
635.224
635.279
637.526
640.487
644.330
649.858
656.602
661.276
660.203
651.881
638.060
618.422
594.528
572.224
552.902
535.967
522.114
511.873
505.146
500.126
495.648
492.154
489.257
486.181
483.181
480.496
477.930
475.327
472.654
470.178
468.176
466.511
464.987
463.639
462.450
461.386
460.271
458.853
456.997
454.626
451.849
448.828
445.767
442.854
439.968
436.976
434.136
431.842
429.948
428.185
426.303
424.150
421.771
419.354
416.966
414.566
412.172
409.756
407.350
404.973
402.614
400.080
397.262
394.415
391.802
389.398
386.994
384.541
382.057
379.598
377.151
374.692
372.238
369.782
367.327
364.862
362.403
359.958
357.569
355.234
352.973
350.773
348.620
346.510
344.413
342.330
340.226
338.120
336.011
333.906
331.840
329.819
327.866
325.974
324.130
322.279
320.424
318.593
316.851
315.206
313.597
311.998
310.390
308.797
307.209
305.629
304.032
302.430
300.827
299.223
297.621
295.994
294.316
292.612
290.915
289.275
287.686
286.158
284.708
283.296
281.901
280.510
279.130
277.772
276.437
275.148
273.892
272.671
271.461
270.260
269.054
267.873
266.741
265.679
264.650
263.605
262.563
261.507
260.449
259.389
258.345
257.297
256.248
255.222
254.212
253.232
252.276
251.364
250.463
249.589
248.755
247.948
247.167
246.393
245.625
244.850
244.106
243.428
242.860
242.369
241.900
241.444
240.965
240.473
239.966
239.462
238.937
238.387
237.799
237.196
236.580
235.964
235.380
234.796
234.233
233.680
233.151
232.629
232.113
231.616
231.122
230.633
230.143
229.662
229.171
228.673
228.170
227.676
227.211
226.784
226.409
226.050
225.693
225.317
224.943
224.569
224.215
223.886
223.604
223.342
223.115
222.930
222.769
222.626
222.509
222.406
222.325
222.267
222.250
222.271
222.347
222.490
222.706
222.980
223.286
223.619
223.949
224.273
224.583
224.886
225.159
225.391
225.557
225.654
225.666
225.589
225.465
225.288
225.081
224.868
224.692
224.567
224.495
224.440
224.331
224.120
223.744
223.251
222.593
221.813
220.904
219.938
218.940
217.999
217.137
216.288
215.395
214.351
213.099
211.564
209.754
207.621
205.168
202.403
199.456
196.409
193.383
190.411
187.464
184.504
181.453
178.308
175.129
172.044
169.141
166.550
164.280
162.312
160.589
159.081
157.763
156.582
155.530
154.561
153.664
152.812
152.032
151.315
150.683
150.099
149.541
148.950
148.267
147.470
146.546
145.535
144.453
143.339
142.198
141.069
139.944
138.861
137.807
136.826
135.886
134.990
134.155
133.336
132.446
131.327
129.887
127.963
125.572
122.869
120.061
117.318
114.834
112.670
110.794
109.202
107.853
106.779
106.178
106.351
107.583
110.167
114.357
120.362
128.339
138.485
150.956
165.848
183.049
202.402
223.801
247.071
271.862
297.383
322.891
347.594
370.734
391.505
409.238
423.156
432.525
436.668
435.352
428.932
417.722
402.163
382.559
359.559
333.913
306.558
278.234
249.840
222.011
195.205
169.881
146.443
125.370
106.852
90.797
77.030
65.410
55.770
47.953
41.765
37.013
33.499
31.029
29.441
28.686
28.759
29.651
31.355
33.867
37.280
41.719
47.326
54.226
62.556
72.401
83.785
96.749
111.306
127.502
145.254
164.269
184.188
204.674
225.348
245.877
265.724
284.301
301.050
315.377
326.719
334.664
339.199
340.222
337.743
331.660
322.037
309.235
293.761
276.082
256.696
236.125
214.803
193.206
171.769
150.944
131.159
112.834
96.068
80.890
67.295
55.316
44.946
36.146
28.773
22.664
17.663
13.610
10.353
7.768
5.760
4.233
3.094
2.245
1.601
1.120
0.774
0.535
0.372
0.258
0.171
0.106
0.059
0.028
0.008
-0.003
-0.009
-0.010
-0.008
-0.004
-0.000
0.002
0.003
0.004
0.003
0.002
0.001
0.000
-0.000
-0.000
0.000
0.000
0.001
0.001
0.001
0.001
0.001
0.001
0.001
0.001
0.001
0.001
0.001
0.001
0.001
0.001
0.001
0.001
0.001
0.001
0.001
0.001
0.001
0.001
0.001
0.001
0.001
0.001
0.001
0.001
0.001
0.001
0.001
0.001
0.001
0.001
0.001
0.001
0.001
0.001
0.001
0.001
0.001
0.001
0.001
0.001
0.001
0.001
0.001
0.001
0.001
0.001
0.001
0.001
0.001
0.001
0.001
0.001
0.001
0.001
0.001
0.001
0.001
0.001
0.001
0.001
0.001
0.001
0.001
0.001
0.001
0.001
0.001
0.001
0.001
0.001
0.001
0.001
0.001
0.001
0.001
0.001
0.001
0.001
0.001
0.001
0.001
0.001
0.001
0.001
0.001
0.001
0.001
0.001
0.001
0.001
0.001
0.001
0.001
0.001
0.001
0.001
0.001
0.001
0.001
0.001
0.001
0.001
0.001
0.001
0.001
0.001
0.001
0.001
0.001
0.001
0.001
0.001
0.001
0.001
0.001
0.001
0.001
0.001
0.001
0.001
0.001
0.001
0.001
0.001
0.001
0.001
0.001
0.001
0.001
0.001
0.001
0.001
0.001
0.001
0.001
0.001
0.000
0.000
0.000
0.000
0.000
0.000
0.000
0.000
0.000
0.000
0.000
0.000
0.000
0.000
0.000
0.000
0.000
0.000
0.000
0.000
0.000
0.000
0.000
0.000
0.000
0.000
0.000
0.000
0.000
0.000
0.000
0.000
0.000
0.000
0.000
0.000
0.000
0.000
0.000
0.000
0.000
0.000
0.000
0.000
0.000
0.000
0.000
0.000
0.000
0.000
0.000
0.000
0.000
0.000
0.000
0.000
0.000
0.000
0.000
0.000
0.001
0.001
0.001
0.001
0.001
0.001
0.001
0.001
0.001
0.001
0.001
0.001
0.002
0.002
0.002
0.002
0.002
0.002
0.002
0.002
0.002
0.002
0.002
0.002
0.002
0.002
0.002
0.002
0.002
0.002
0.002
0.002
0.002
0.002
0.001
0.001
0.001
0.001
0.001
0.001
0.001
0.001
0.001
0.001
0.001
0.000
0.000
0.000
0.000
0.000
0.000
0.000
0.000
0.000
0.000
0.000
0.000
0.000
0.000
0.000
0.000
0.000
0.000
0.000
0.000
0.000
0.000
0.000
0.000
0.000
0.000
0.000
0.000
0.000
0.000
0.000
0.000
0.000
0.000
0.000
0.000
0.000
0.000
0.000
0.000
0.000
0.000
0.000
0.000
0.000
0.000
0.000
0.000
0.000
0.000
0.000
0.000
0.000
0.000
0.000
0.000
0.000
0.000
0.000
0.000
0.000
0.000
0.000
0.000
0.000
0.000
0.000
0.000
0.000
0.000
0.000
0.000
0.000
0.000
0.000
0.000
0.000
0.000
0.000
0.000
0.000
0.000
0.000
0.000
0.000
0.000
0.000
0.000
0.000
0.000
0.000
0.000
0.000
0.000
0.000
0.000
0.000
0.000
0.000
0.000
0.000
0.000
0.000
0.000
0.000
0.000
0.000
0.000
0.000
0.000
0.000
0.000
0.000
0.000
0.000
0.000
0.000
0.000
0.000
0.000
0.000
0.000
0.000
0.000
0.000
0.000
0.000
0.000
0.000
0.000
0.000
0.000
0.000
0.000
0.000
0.000
0.000
0.000
0.000
0.000
0.000
0.000
0.000
0.000
0.000
0.000
0.000
0.000
0.000
0.000
0.000
0.000
0.000
0.000
0.000
0.000
0.000
0.000
0.000
0.000
-0.000
-0.000
-0.000
-0.000
-0.000
-0.000
-0.000
-0.000
-0.000
0.000
0.000
0.000
0.000
0.000
0.000
0.000
0.000
0.000
-0.000
-0.000
-0.000
-0.000
-0.000
-0.000
-0.000
-0.000
-0.000
0.000
0.000
0.000
0.000
0.000
0
0
0
0
0
0
0
0
0
0
0
0
0
0
0
0
0
0
0
0
0
0
0
0
0
0
0
0
0
0
0
0
0
0
0
0
0
0
0
0
0
0
0
0
0
0
0
0
0
0
0
0
0
0
0
0
0
0
0
0
0
0
0
0
0
0
0
0
0
0
0
0
0
0
0
0
0
0
0
0
0
0
0
0
0
0
0
0
0
0
0
0
0
0
0
0
0
0
0
0
0
0
0
0
0
0
0
0
0
0
0
0
0
0
0
0
0
0
0
0
0
0
0
0
0
0
0
0
0
0
0
0
0
0
0
0
0
0
0
0
0
0
0
0
0
0
0
0
0
0
0
0
0
0
0
0
0
0
0
0
0
0
0
0
0
0
0
0
0
0
0
0
0
0
0
0
0
0
0
0
0
0
0
0
0
0
0
0
0
0
0
0
0
0
0
0
0
0
0
0
0
0
0
0
0
0
0
0
0
0
0
0
0
0
0
0
0
0
0
0
0
0
0
0
0
0
0
0
0
0
0
0
0
0
0
0
0
0
0
0
0
0
0
0
$MCA_CAL:
3
-1.4656616 2.9313233 0.00000000000000
$ENER_FIT:
-1.4656616 2.9313233 0.00000000000000
$MCA_CAL_DATA:
3
298 872
597 1749
896 2625
$CAMBIO:
Parent file specification: C:\GADRAS-DRF\Temp\parallelGUI3\60CO_125.0_50.0_iron_11.02_6.0.pcf
Successful read of spectrum: Yes
Error message: None
Warning: None
Information: None
Neutrons: 0
Number of spectral records in the parent file: 1
Record number of this spectrum in the parent file: 1
Date and time of acquisition read successfully from the original file: Yes
Live time read successfully from the original file: Yes
True time read successfully from the original file: Yes
GADRAS Tag character is:  
Version: 130122
Parent file type: Sandia GADRAS PCF
