$SPEC_ID:
60CO,1uC{13,13.16}
$MEAS_TIM:
3600.00 3600.00
$DATE_MEA:
3/9/2018 5:22:25 PM
$DATA:
0 1193
56.389
53.483
53.625
149.715
147.342
127.741
111.322
97.272
86.928
77.798
72.992
69.782
67.651
66.608
67.138
68.554
70.294
73.009
76.520
80.512
84.373
88.310
91.292
92.078
93.239
94.177
94.686
95.014
95.361
95.786
96.275
96.927
97.113
96.527
95.788
95.027
94.373
93.526
92.067
90.482
88.947
87.410
85.887
84.428
83.183
82.424
81.945
81.384
80.784
80.180
79.524
78.835
78.149
77.432
76.666
75.879
75.087
74.286
73.464
72.619
71.805
71.093
70.320
69.234
67.916
66.600
65.344
64.108
62.891
61.715
60.585
59.481
58.370
57.195
55.931
54.646
53.416
52.222
51.004
49.744
48.474
47.220
45.996
44.810
43.663
42.548
41.461
40.404
39.381
38.375
37.359
36.321
35.323
34.440
33.695
33.036
32.406
31.782
31.160
30.538
29.912
29.280
28.642
28.000
27.359
26.717
26.069
25.406
24.735
24.088
23.496
22.973
22.497
22.045
21.601
21.165
20.736
20.313
19.896
19.480
19.064
18.646
18.226
17.803
17.383
16.976
16.591
16.233
15.905
15.607
15.339
15.090
14.847
14.602
14.350
14.093
13.834
13.575
13.319
13.071
12.834
12.611
12.403
12.212
12.040
11.881
11.732
11.590
11.449
11.310
11.169
11.026
10.883
10.742
10.606
10.476
10.354
10.236
10.123
10.014
9.907
9.805
9.708
9.616
9.527
9.442
9.358
9.274
9.191
9.109
9.029
8.951
8.875
8.799
8.725
8.650
8.576
8.503
8.432
8.366
8.303
8.243
8.185
8.127
8.069
8.012
7.955
7.900
7.846
7.794
7.743
7.693
7.643
7.594
7.547
7.500
7.456
7.415
7.375
7.336
7.299
7.261
7.222
7.183
7.144
7.107
7.070
7.036
7.002
6.970
6.938
6.908
6.877
6.847
6.818
6.789
6.760
6.732
6.705
6.678
6.653
6.629
6.607
6.586
6.564
6.543
6.522
6.500
6.478
6.457
6.436
6.415
6.395
6.375
6.356
6.337
6.319
6.301
6.283
6.266
6.249
6.232
6.215
6.198
6.181
6.164
6.146
6.129
6.112
6.095
6.079
6.063
6.048
6.033
6.019
6.005
5.991
5.978
5.964
5.951
5.938
5.926
5.915
5.905
5.896
5.888
5.880
5.873
5.867
5.861
5.855
5.850
5.845
5.841
5.838
5.835
5.832
5.830
5.829
5.828
5.828
5.827
5.827
5.827
5.825
5.823
5.820
5.816
5.811
5.805
5.799
5.792
5.785
5.778
5.770
5.761
5.750
5.739
5.726
5.711
5.694
5.675
5.653
5.630
5.603
5.574
5.543
5.510
5.476
5.441
5.405
5.368
5.330
5.291
5.249
5.205
5.158
5.108
5.055
5.000
4.943
4.884
4.824
4.763
4.702
4.641
4.581
4.522
4.464
4.408
4.355
4.305
4.256
4.211
4.168
4.127
4.089
4.053
4.020
3.990
3.961
3.935
3.912
3.890
3.870
3.850
3.830
3.808
3.784
3.757
3.726
3.693
3.658
3.624
3.591
3.561
3.533
3.511
3.491
3.473
3.457
3.442
3.426
3.409
3.392
3.375
3.361
3.353
3.351
3.358
3.376
3.406
3.448
3.504
3.574
3.658
3.757
3.873
4.004
4.151
4.312
4.487
4.676
4.878
5.091
5.316
5.549
5.784
6.020
6.252
6.476
6.688
6.886
7.064
7.220
7.352
7.455
7.527
7.565
7.566
7.527
7.453
7.343
7.202
7.030
6.831
6.606
6.358
6.090
5.808
5.515
5.214
4.911
4.610
4.315
4.029
3.756
3.498
3.256
3.034
2.833
2.656
2.506
2.383
2.286
2.217
2.173
2.155
2.162
2.195
2.251
2.331
2.432
2.553
2.691
2.846
3.015
3.197
3.391
3.592
3.798
4.007
4.215
4.419
4.615
4.802
4.975
5.133
5.274
5.395
5.495
5.572
5.624
5.650
5.647
5.616
5.557
5.474
5.367
5.238
5.089
4.921
4.736
4.535
4.323
4.100
3.870
3.635
3.397
3.160
2.926
2.696
2.473
2.257
2.049
1.850
1.661
1.484
1.319
1.167
1.028
0.902
0.787
0.684
0.591
0.509
0.435
0.370
0.313
0.264
0.221
0.184
0.153
0.126
0.104
0.085
0.069
0.056
0.045
0.036
0.029
0.023
0.018
0.014
0.011
0.009
0.007
0.005
0.004
0.003
0.002
0.001
0.000
0.000
-0.000
-0.000
-0.000
-0.000
-0.000
-0.000
-0.000
-0.000
0.000
0.000
0.000
0.000
0.000
0.000
0.000
0.000
0.000
0.000
0.000
-0.000
-0.000
-0.000
-0.000
-0.000
0.000
0.000
0.000
0.000
0.000
0.000
0.000
0.000
0.000
0.000
0.000
0.000
0.000
0.000
0.000
0.000
0.000
0.000
0.000
0.000
0.000
0.000
0.000
0.000
0.000
0.000
0.000
0.000
0.000
0.000
0.000
0.000
0.000
0.000
0.000
0.000
0.000
0.000
0.000
0.000
0.000
0.000
0.000
0.000
0.000
0.000
0.000
0.000
0.000
0.000
0.000
0.000
0.000
0.000
0.000
0.000
0.000
0.000
0.000
0.000
0.000
0.000
0.000
0.000
0.000
0.000
0.000
0.000
0.000
0.000
0.000
0.000
0.000
0.000
0.000
0.000
0.000
0.000
0.000
0.000
0.000
0.000
0.000
0.000
0.000
0.000
0.000
0.000
0.000
0.000
0.000
0.000
0.000
0.000
0.000
0.000
0.000
0.000
0.000
0.000
0.000
0.000
0.000
0.000
0.000
0.000
0.000
0.000
0.000
0.000
0.000
0.000
0.000
0.000
0.000
0.000
0.000
0.000
0.000
0.000
0.000
0.000
0.000
0.000
0.000
0.000
0.000
0.000
0.000
0.000
0.000
0.000
0.000
0.000
0.000
0.000
0.000
0.000
0.000
0.000
0.000
0.000
0.000
0.000
0.000
0.000
0.000
0.000
0.000
0.000
0.000
0.000
0.000
0.000
0.000
0.000
0.000
0.000
0.000
0.000
0.000
0.000
0.000
0.000
0.000
0.000
0.000
0.000
0.000
0.000
0.000
0.000
0.000
0.000
0.000
0.000
0.000
0.000
0.000
0.000
0.000
0.000
0.000
0.000
0.000
0.000
0.000
0.000
0.000
0.000
0.000
0.000
0.000
0.000
0.000
0.000
0.000
0.000
0.000
0.000
0.000
0.000
0.000
0.000
0.000
0.000
0.000
0.000
0.000
0.000
0.000
0.000
0.000
0.000
0.000
0.000
0.000
0.000
0.000
0.000
0.000
0.000
0.000
0.000
0.000
0.000
0.000
0.000
0.000
0.000
0.000
0.000
0.000
0.000
0.000
0.000
0.000
0.000
0.000
0.000
0.000
0.000
0.000
0.000
0.000
0.000
0.000
0.000
0.000
0.000
0.000
0.000
0.000
0.000
0.000
0.000
0.000
0.000
0.000
0.000
0.000
0.000
0.000
0.000
0.000
0.000
0.000
0.000
0.000
0.000
0.000
0.000
0.000
0.000
0.000
0.000
0.000
0.000
0.000
0.000
0.000
0.000
0.000
0.000
0.000
0.000
0.000
0.000
0.000
0.000
0.000
0.000
0.000
0.000
0.000
0.000
0.000
0.000
0.000
0.000
0.000
0.000
0.000
0.000
0.000
0.000
0.000
0.000
0.000
0.000
0.000
0.000
0.000
0.000
0.000
0.000
0.000
0.000
0.000
0.000
0.000
0.000
0.000
0.000
0.000
0.000
0.000
0.000
0.000
0.000
0.000
0.000
0.000
0.000
0.000
0.000
0.000
0.000
0.000
0.000
0.000
0.000
0.000
0.000
0.000
0.000
0.000
0.000
0.000
0.000
0.000
0.000
0.000
0.000
0.000
0.000
0.000
0.000
0.000
0.000
0.000
0.000
0.000
0.000
0.000
0.000
0.000
0.000
0.000
0.000
0.000
0.000
0.000
0.000
0.000
0.000
0.000
0.000
0.000
0.000
0.000
0.000
0.000
0.000
0.000
0.000
0.000
0.000
0.000
0.000
0.000
0.000
0.000
0.000
0.000
0.000
0.000
0.000
0.000
0.000
0.000
0.000
0.000
0.000
0.000
0.000
0.000
0.000
0.000
0.000
0.000
-0.000
-0.000
-0.000
-0.000
-0.000
-0.000
-0.000
-0.000
-0.000
-0.000
-0.000
-0.000
-0.000
0.000
0.000
0.000
0.000
0.000
0.000
0.000
0.000
0.000
0.000
0.000
0.000
0.000
0.000
-0.000
-0.000
-0.000
-0.000
-0.000
-0.000
-0.000
-0.000
-0.000
-0.000
-0.000
-0.000
-0.000
-0.000
0.000
0.000
0.000
0.000
0.000
0.000
0.000
0
0
0
0
0
0
0
0
0
0
0
0
0
0
0
0
0
0
0
0
0
0
0
0
0
0
0
0
0
0
0
0
0
0
0
0
0
0
0
0
0
0
0
0
0
0
0
0
0
0
0
0
0
0
0
0
0
0
0
0
0
0
0
0
0
0
0
0
0
0
0
0
0
0
0
0
0
0
0
0
0
0
0
0
0
0
0
0
0
0
0
0
0
0
0
0
0
0
0
0
0
0
0
0
0
0
0
0
0
0
0
0
0
0
0
0
0
0
0
0
0
0
0
0
0
0
0
0
0
0
0
0
0
0
0
0
0
0
0
0
0
0
0
0
0
0
0
0
0
0
0
0
0
0
0
0
0
0
0
0
0
0
0
0
0
0
0
0
0
0
0
0
0
0
0
0
0
0
0
0
0
0
0
0
0
0
0
0
0
0
0
0
0
0
0
0
0
$MCA_CAL:
3
-1.4656616 2.9313233 0.00000000000000
$ENER_FIT:
-1.4656616 2.9313233 0.00000000000000
$MCA_CAL_DATA:
3
298 872
597 1749
896 2625
$CAMBIO:
Parent file specification: C:\GADRAS-DRF\Temp\parallelGUI3\60CO_100.0_300.0_alum_13.16_9.0.pcf
Successful read of spectrum: Yes
Error message: None
Warning: None
Information: None
Neutrons: 0
Number of spectral records in the parent file: 1
Record number of this spectrum in the parent file: 1
Date and time of acquisition read successfully from the original file: Yes
Live time read successfully from the original file: Yes
True time read successfully from the original file: Yes
GADRAS Tag character is:  
Version: 130122
Parent file type: Sandia GADRAS PCF
