$SPEC_ID:
60CO,1uC{13,1.82}
$MEAS_TIM:
3600.00 3600.00
$DATE_MEA:
3/9/2018 5:22:25 PM
$DATA:
0 1193
117.380
111.202
105.481
123.060
116.234
106.577
97.007
87.448
78.726
70.175
65.019
61.323
57.780
54.324
53.658
54.023
54.471
55.138
56.473
58.073
59.693
61.317
62.130
62.245
62.428
62.576
62.603
62.576
62.533
62.647
62.987
63.405
63.733
63.915
64.070
64.245
64.426
64.549
64.533
64.418
64.328
64.273
64.259
64.284
64.334
64.395
64.405
64.356
64.302
64.155
63.899
63.615
63.301
62.909
62.388
61.806
61.236
60.654
60.045
59.422
58.838
58.330
57.831
57.296
56.741
56.203
55.736
55.336
54.975
54.682
54.496
54.373
54.255
54.092
53.845
53.456
52.870
52.010
50.834
49.500
48.211
46.969
45.691
44.446
43.399
42.563
41.766
40.907
40.075
39.354
38.695
38.012
37.315
36.682
36.150
35.672
35.197
34.715
34.231
33.750
33.270
32.792
32.314
31.835
31.355
30.871
30.384
29.894
29.403
28.914
28.437
27.981
27.545
27.121
26.699
26.277
25.857
25.441
25.029
24.617
24.204
23.791
23.377
22.962
22.549
22.140
21.738
21.353
20.991
20.653
20.326
20.000
19.668
19.336
19.004
18.675
18.344
18.008
17.667
17.333
17.018
16.730
16.467
16.221
15.986
15.759
15.537
15.316
15.094
14.873
14.652
14.430
14.209
13.988
13.768
13.553
13.347
13.153
12.971
12.798
12.628
12.458
12.287
12.115
11.941
11.768
11.599
11.438
11.288
11.147
11.014
10.887
10.762
10.641
10.522
10.406
10.293
10.182
10.073
9.965
9.860
9.757
9.659
9.566
9.477
9.391
9.307
9.225
9.143
9.065
8.990
8.919
8.852
8.789
8.729
8.673
8.619
8.567
8.516
8.464
8.412
8.361
8.310
8.259
8.211
8.164
8.121
8.081
8.045
8.012
7.980
7.950
7.919
7.889
7.858
7.827
7.796
7.765
7.736
7.710
7.688
7.670
7.655
7.642
7.630
7.619
7.609
7.599
7.589
7.578
7.566
7.555
7.543
7.532
7.521
7.511
7.502
7.494
7.489
7.484
7.481
7.478
7.475
7.472
7.469
7.465
7.462
7.459
7.457
7.455
7.454
7.455
7.457
7.461
7.466
7.471
7.477
7.483
7.489
7.496
7.503
7.511
7.521
7.533
7.546
7.560
7.574
7.589
7.605
7.622
7.639
7.658
7.678
7.700
7.723
7.748
7.773
7.798
7.824
7.851
7.878
7.905
7.932
7.959
7.985
8.009
8.031
8.049
8.065
8.077
8.088
8.097
8.107
8.118
8.129
8.140
8.148
8.154
8.156
8.153
8.144
8.131
8.110
8.084
8.052
8.014
7.973
7.932
7.893
7.856
7.823
7.789
7.752
7.705
7.647
7.573
7.484
7.383
7.274
7.162
7.050
6.939
6.832
6.726
6.622
6.518
6.415
6.312
6.210
6.111
6.015
5.926
5.843
5.768
5.699
5.636
5.579
5.527
5.480
5.435
5.395
5.358
5.323
5.291
5.261
5.232
5.202
5.170
5.135
5.095
5.050
4.999
4.945
4.890
4.837
4.787
4.742
4.705
4.670
4.637
4.604
4.567
4.525
4.477
4.427
4.378
4.333
4.295
4.268
4.254
4.258
4.280
4.325
4.395
4.492
4.620
4.781
4.979
5.217
5.499
5.828
6.208
6.638
7.113
7.629
8.179
8.760
9.363
9.986
10.614
11.237
11.841
12.414
12.942
13.414
13.818
14.148
14.398
14.561
14.631
14.602
14.470
14.234
13.908
13.497
13.013
12.461
11.855
11.200
10.511
9.797
9.071
8.347
7.633
6.946
6.292
5.677
5.105
4.580
4.105
3.685
3.322
3.021
2.778
2.594
2.467
2.397
2.381
2.420
2.511
2.652
2.842
3.079
3.361
3.685
4.050
4.453
4.887
5.348
5.831
6.329
6.838
7.351
7.864
8.367
8.852
9.311
9.737
10.120
10.453
10.729
10.945
11.099
11.191
11.215
11.174
11.062
10.880
10.632
10.326
9.967
9.563
9.120
8.645
8.144
7.625
7.095
6.558
6.023
5.496
4.983
4.491
4.026
3.588
3.178
2.796
2.444
2.121
1.829
1.567
1.335
1.131
0.952
0.796
0.662
0.547
0.448
0.365
0.295
0.237
0.189
0.150
0.119
0.094
0.074
0.058
0.044
0.034
0.025
0.019
0.015
0.011
0.008
0.006
0.004
0.003
0.002
0.001
0.000
0.000
-0.000
-0.000
-0.000
-0.000
-0.000
-0.000
-0.000
0.000
0.000
0.000
0.000
0.000
0.000
0.000
0.000
0.000
0.000
0.000
-0.000
0.000
0.000
0.000
0.000
0.000
0.000
0.000
0.000
0.000
0.000
0.000
0.000
0.000
0.000
0.000
0.000
0.000
0.000
0.000
0.000
0.000
0.000
0.000
0.000
0.000
0.000
0.000
0.000
0.000
0.000
0.000
0.000
0.000
0.000
0.000
0.000
0.000
0.000
0.000
0.000
0.000
0.000
0.000
0.000
0.000
0.000
0.000
0.000
0.000
0.000
0.000
0.000
0.000
0.000
0.000
0.000
0.000
0.000
0.000
0.000
0.000
0.000
0.000
0.000
0.000
0.000
0.000
0.000
0.000
0.000
0.000
0.000
0.000
0.000
0.000
0.000
0.000
0.000
0.000
0.000
0.000
0.000
0.000
0.000
0.000
0.000
0.000
0.000
0.000
0.000
0.000
0.000
0.000
0.000
0.000
0.000
0.000
0.000
0.000
0.000
0.000
0.000
0.000
0.000
0.000
0.000
0.000
0.000
0.000
0.000
0.000
0.000
0.000
0.000
0.000
0.000
0.000
0.000
0.000
0.000
0.000
0.000
0.000
0.000
0.000
0.000
0.000
0.000
0.000
0.000
0.000
0.000
0.000
0.000
0.000
0.000
0.000
0.000
0.000
0.000
0.000
0.000
0.000
0.000
0.000
0.000
0.000
0.000
0.000
0.000
0.000
0.000
0.000
0.000
0.000
0.000
0.000
0.000
0.000
0.000
0.000
0.000
0.000
0.000
0.000
0.000
0.000
0.000
0.000
0.000
0.000
0.000
0.000
0.000
0.000
0.000
0.000
0.000
0.000
0.000
0.000
0.000
0.000
0.000
0.000
0.000
0.000
0.000
0.000
0.000
0.000
0.000
0.000
0.000
0.000
0.000
0.000
0.000
0.000
0.000
0.000
0.000
0.000
0.000
0.000
0.000
0.000
0.000
0.000
0.000
0.000
0.000
0.000
0.000
0.000
0.000
0.000
0.000
0.000
0.000
0.000
0.000
0.000
0.000
0.000
0.000
0.000
0.000
0.000
0.000
0.000
0.000
0.000
0.000
0.000
0.000
0.000
0.000
0.000
0.000
0.000
0.000
0.000
0.000
0.000
0.000
0.000
0.000
0.000
0.000
0.000
0.000
0.000
0.000
0.000
0.000
0.000
0.000
0.000
0.000
0.000
0.000
0.000
0.000
0.000
0.000
0.000
0.000
0.000
0.000
0.000
0.000
0.000
0.000
0.000
0.000
0.000
0.000
0.000
0.000
0.000
0.000
0.000
0.000
0.000
0.000
0.000
0.000
0.000
0.000
0.000
0.000
0.000
0.000
0.000
0.000
0.000
0.000
0.000
0.000
0.000
0.000
0.000
0.000
0.000
0.000
0.000
0.000
0.000
0.000
0.000
0.000
0.000
0.000
0.000
0.000
0.000
0.000
0.000
0.000
0.000
0.000
0.000
0.000
0.000
0.000
0.000
0.000
0.000
0.000
0.000
0.000
0.000
0.000
0.000
0.000
0.000
0.000
0.000
0.000
0.000
0.000
0.000
0.000
0.000
0.000
0.000
0.000
0.000
0.000
0.000
0.000
0.000
0.000
0.000
0.000
0.000
0.000
0.000
0.000
0.000
0.000
0.000
0.000
0.000
0.000
0.000
0.000
0.000
0.000
0.000
0.000
0.000
0.000
0.000
0.000
0.000
0.000
0.000
0.000
0.000
0.000
0.000
0.000
0.000
0.000
0.000
0.000
0.000
0.000
0.000
0.000
0.000
0.000
0.000
0.000
0.000
0.000
0.000
0.000
0.000
0.000
0.000
0.000
0.000
0.000
0.000
0.000
0.000
0.000
0.000
0.000
0.000
0.000
0.000
0.000
-0.000
-0.000
-0.000
-0.000
-0.000
-0.000
-0.000
-0.000
-0.000
-0.000
-0.000
0.000
0.000
0.000
0.000
0.000
0.000
0.000
0.000
0.000
0.000
0.000
0.000
0.000
0.000
0.000
0.000
0.000
0.000
0.000
0
0
0
0
0
0
0
0
0
0
0
0
0
0
0
0
0
0
0
0
0
0
0
0
0
0
0
0
0
0
0
0
0
0
0
0
0
0
0
0
0
0
0
0
0
0
0
0
0
0
0
0
0
0
0
0
0
0
0
0
0
0
0
0
0
0
0
0
0
0
0
0
0
0
0
0
0
0
0
0
0
0
0
0
0
0
0
0
0
0
0
0
0
0
0
0
0
0
0
0
0
0
0
0
0
0
0
0
0
0
0
0
0
0
0
0
0
0
0
0
0
0
0
0
0
0
0
0
0
0
0
0
0
0
0
0
0
0
0
0
0
0
0
0
0
0
0
0
0
0
0
0
0
0
0
0
0
0
0
0
0
0
0
0
0
0
0
0
0
0
0
0
0
0
0
0
0
0
0
0
0
0
0
0
0
0
0
0
0
0
0
0
0
0
0
0
0
0
0
0
0
0
0
0
0
0
0
0
0
0
0
0
0
0
0
0
0
0
0
$MCA_CAL:
3
-1.4656616 2.9313233 0.00000000000000
$ENER_FIT:
-1.4656616 2.9313233 0.00000000000000
$MCA_CAL_DATA:
3
298 872
597 1749
896 2625
$CAMBIO:
Parent file specification: C:\GADRAS-DRF\Temp\parallelGUI3\60CO_75.0_300.0_alum_1.82_8.0.pcf
Successful read of spectrum: Yes
Error message: None
Warning: None
Information: None
Neutrons: 0
Number of spectral records in the parent file: 1
Record number of this spectrum in the parent file: 1
Date and time of acquisition read successfully from the original file: Yes
Live time read successfully from the original file: Yes
True time read successfully from the original file: Yes
GADRAS Tag character is:  
Version: 130122
Parent file type: Sandia GADRAS PCF
