$SPEC_ID:
60CO,1uC{13,7.49}
$MEAS_TIM:
3600.00 3600.00
$DATE_MEA:
3/9/2018 5:22:25 PM
$DATA:
0 1193
77.235
73.157
70.235
143.728
136.694
120.332
106.320
93.779
84.184
75.252
70.398
66.914
64.181
62.033
62.011
62.778
63.833
65.705
68.452
71.730
74.969
78.205
80.445
80.895
81.545
82.100
82.457
82.722
82.973
83.414
84.037
84.766
85.171
84.948
84.596
84.261
83.941
83.460
82.609
81.515
80.478
79.470
78.502
77.570
76.779
76.424
76.216
75.921
75.631
75.292
74.883
74.459
74.016
73.520
72.929
72.291
71.660
71.011
70.331
69.635
68.975
68.371
67.699
66.870
65.884
64.822
63.818
62.890
61.992
61.149
60.400
59.708
59.018
58.279
57.454
56.537
55.526
54.395
53.127
51.788
50.463
49.144
47.793
46.464
45.276
44.237
43.225
42.171
41.134
40.170
39.240
38.277
37.311
36.443
35.720
35.080
34.454
33.828
33.201
32.576
31.949
31.318
30.684
30.043
29.397
28.750
28.104
27.455
26.794
26.125
25.483
24.906
24.393
23.912
23.428
22.937
22.448
21.968
21.496
21.024
20.551
20.076
19.599
19.121
18.648
18.182
17.735
17.327
16.976
16.682
16.416
16.152
15.875
15.593
15.312
15.035
14.758
14.476
14.189
13.907
13.644
13.406
13.193
12.998
12.819
12.651
12.491
12.335
12.181
12.029
11.875
11.722
11.568
11.415
11.264
11.118
10.981
10.856
10.743
10.639
10.538
10.438
10.338
10.238
10.139
10.043
9.948
9.857
9.769
9.685
9.603
9.523
9.445
9.367
9.291
9.215
9.139
9.065
8.993
8.924
8.857
8.794
8.732
8.672
8.614
8.557
8.500
8.445
8.391
8.338
8.286
8.237
8.188
8.143
8.099
8.057
8.017
7.978
7.941
7.903
7.865
7.828
7.791
7.755
7.719
7.684
7.651
7.619
7.589
7.560
7.532
7.506
7.479
7.453
7.427
7.402
7.377
7.352
7.328
7.306
7.285
7.266
7.249
7.233
7.216
7.201
7.186
7.171
7.156
7.141
7.126
7.110
7.095
7.080
7.065
7.051
7.037
7.023
7.010
6.998
6.986
6.975
6.964
6.952
6.941
6.930
6.918
6.907
6.895
6.883
6.872
6.862
6.853
6.845
6.838
6.831
6.824
6.817
6.810
6.804
6.798
6.793
6.790
6.787
6.786
6.786
6.786
6.787
6.788
6.790
6.793
6.797
6.802
6.808
6.815
6.823
6.831
6.840
6.848
6.858
6.868
6.878
6.888
6.899
6.910
6.919
6.927
6.932
6.935
6.936
6.935
6.933
6.932
6.931
6.930
6.929
6.927
6.923
6.916
6.907
6.893
6.876
6.855
6.829
6.798
6.764
6.727
6.691
6.655
6.621
6.589
6.558
6.523
6.483
6.434
6.374
6.304
6.225
6.142
6.055
5.969
5.884
5.802
5.720
5.640
5.560
5.479
5.400
5.320
5.243
5.170
5.101
5.036
4.978
4.925
4.877
4.832
4.792
4.755
4.720
4.688
4.658
4.630
4.603
4.579
4.554
4.530
4.504
4.475
4.443
4.407
4.367
4.324
4.281
4.238
4.199
4.163
4.132
4.104
4.077
4.049
4.019
3.985
3.947
3.907
3.867
3.830
3.799
3.775
3.761
3.759
3.771
3.799
3.845
3.912
4.001
4.114
4.254
4.423
4.623
4.856
5.125
5.429
5.765
6.130
6.519
6.930
7.359
7.801
8.248
8.691
9.120
9.526
9.900
10.233
10.514
10.743
10.912
11.018
11.056
11.023
10.915
10.733
10.485
10.176
9.814
9.403
8.954
8.470
7.961
7.435
6.901
6.368
5.844
5.339
4.859
4.408
3.988
3.603
3.255
2.946
2.681
2.460
2.282
2.147
2.054
2.001
1.989
2.017
2.082
2.184
2.323
2.495
2.700
2.936
3.202
3.497
3.814
4.152
4.505
4.871
5.244
5.620
5.996
6.366
6.721
7.058
7.368
7.647
7.888
8.086
8.239
8.346
8.405
8.416
8.377
8.287
8.145
7.955
7.722
7.451
7.145
6.812
6.455
6.080
5.691
5.293
4.892
4.492
4.097
3.715
3.347
3.000
2.673
2.368
2.084
1.821
1.581
1.363
1.169
0.996
0.843
0.710
0.593
0.493
0.407
0.334
0.271
0.219
0.176
0.140
0.112
0.089
0.070
0.055
0.043
0.033
0.025
0.019
0.014
0.011
0.008
0.006
0.004
0.003
0.002
0.001
0.001
0.000
0.000
-0.000
-0.000
-0.000
-0.000
-0.000
-0.000
-0.000
0.000
0.000
0.000
0.000
0.000
0.000
0.000
0.000
0.000
0.000
0.000
0.000
0.000
0.000
0.000
0.000
0.000
0.000
0.000
0.000
0.000
0.000
0.000
0.000
0.000
0.000
0.000
0.000
0.000
0.000
0.000
0.000
0.000
0.000
0.000
0.000
0.000
0.000
0.000
0.000
0.000
0.000
0.000
0.000
0.000
0.000
0.000
0.000
0.000
0.000
0.000
0.000
0.000
0.000
0.000
0.000
0.000
0.000
0.000
0.000
0.000
0.000
0.000
0.000
0.000
0.000
0.000
0.000
0.000
0.000
0.000
0.000
0.000
0.000
0.000
0.000
0.000
0.000
0.000
0.000
0.000
0.000
0.000
0.000
0.000
0.000
0.000
0.000
0.000
0.000
0.000
0.000
0.000
0.000
0.000
0.000
0.000
0.000
0.000
0.000
0.000
0.000
0.000
0.000
0.000
0.000
0.000
0.000
0.000
0.000
0.000
0.000
0.000
0.000
0.000
0.000
0.000
0.000
0.000
0.000
0.000
0.000
0.000
0.000
0.000
0.000
0.000
0.000
0.000
0.000
0.000
0.000
0.000
0.000
0.000
0.000
0.000
0.000
0.000
0.000
0.000
0.000
0.000
0.000
0.000
0.000
0.000
0.000
0.000
0.000
0.000
0.000
0.000
0.000
0.000
0.000
0.000
0.000
0.000
0.000
0.000
0.000
0.000
0.000
0.000
0.000
0.000
0.000
0.000
0.000
0.000
0.000
0.000
0.000
0.000
0.000
0.000
0.000
0.000
0.000
0.000
0.000
0.000
0.000
0.000
0.000
0.000
0.000
0.000
0.000
0.000
0.000
0.000
0.000
0.000
0.000
0.000
0.000
0.000
0.000
0.000
0.000
0.000
0.000
0.000
0.000
0.000
0.000
0.000
0.000
0.000
0.000
0.000
0.000
0.000
0.000
0.000
0.000
0.000
0.000
0.000
0.000
0.000
0.000
0.000
0.000
0.000
0.000
0.000
0.000
0.000
0.000
0.000
0.000
0.000
0.000
0.000
0.000
0.000
0.000
0.000
0.000
0.000
0.000
0.000
0.000
0.000
0.000
0.000
0.000
0.000
0.000
0.000
0.000
0.000
0.000
0.000
0.000
0.000
0.000
0.000
0.000
0.000
0.000
0.000
0.000
0.000
0.000
0.000
0.000
0.000
0.000
0.000
0.000
0.000
0.000
0.000
0.000
0.000
0.000
0.000
0.000
0.000
0.000
0.000
0.000
0.000
0.000
0.000
0.000
0.000
0.000
0.000
0.000
0.000
0.000
0.000
0.000
0.000
0.000
0.000
0.000
0.000
0.000
0.000
0.000
0.000
0.000
0.000
0.000
0.000
0.000
0.000
0.000
0.000
0.000
0.000
0.000
0.000
0.000
0.000
0.000
0.000
0.000
0.000
0.000
0.000
0.000
0.000
0.000
0.000
0.000
0.000
0.000
0.000
0.000
0.000
0.000
0.000
0.000
0.000
0.000
0.000
0.000
0.000
0.000
0.000
0.000
0.000
0.000
0.000
0.000
0.000
0.000
0.000
0.000
0.000
0.000
0.000
0.000
0.000
0.000
0.000
0.000
0.000
0.000
0.000
0.000
0.000
0.000
0.000
0.000
0.000
0.000
0.000
0.000
0.000
0.000
0.000
0.000
0.000
0.000
0.000
0.000
0.000
0.000
0.000
0.000
0.000
0.000
0.000
0.000
0.000
0.000
0.000
0.000
0.000
0.000
0.000
0.000
0.000
0.000
0.000
0.000
0.000
0.000
0.000
0.000
0.000
0.000
0.000
0.000
0.000
0.000
0.000
0.000
0.000
0.000
0.000
0.000
0.000
0.000
0.000
0.000
0.000
0.000
0.000
0.000
-0.000
-0.000
-0.000
-0.000
-0.000
-0.000
-0.000
-0.000
-0.000
-0.000
-0.000
0.000
0.000
0.000
0.000
0.000
0.000
0.000
0.000
0.000
0.000
0.000
0.000
0.000
0.000
0.000
0.000
0.000
0.000
0.000
0
0
0
0
0
0
0
0
0
0
0
0
0
0
0
0
0
0
0
0
0
0
0
0
0
0
0
0
0
0
0
0
0
0
0
0
0
0
0
0
0
0
0
0
0
0
0
0
0
0
0
0
0
0
0
0
0
0
0
0
0
0
0
0
0
0
0
0
0
0
0
0
0
0
0
0
0
0
0
0
0
0
0
0
0
0
0
0
0
0
0
0
0
0
0
0
0
0
0
0
0
0
0
0
0
0
0
0
0
0
0
0
0
0
0
0
0
0
0
0
0
0
0
0
0
0
0
0
0
0
0
0
0
0
0
0
0
0
0
0
0
0
0
0
0
0
0
0
0
0
0
0
0
0
0
0
0
0
0
0
0
0
0
0
0
0
0
0
0
0
0
0
0
0
0
0
0
0
0
0
0
0
0
0
0
0
0
0
0
0
0
0
0
0
0
0
0
0
0
0
0
0
0
0
0
0
0
0
0
0
0
0
0
0
0
0
0
0
0
$MCA_CAL:
3
-1.4656616 2.9313233 0.00000000000000
$ENER_FIT:
-1.4656616 2.9313233 0.00000000000000
$MCA_CAL_DATA:
3
298 872
597 1749
896 2625
$CAMBIO:
Parent file specification: C:\GADRAS-DRF\Temp\parallelGUI3\60CO_100.0_300.0_alum_7.49_8.0.pcf
Successful read of spectrum: Yes
Error message: None
Warning: None
Information: None
Neutrons: 0
Number of spectral records in the parent file: 1
Record number of this spectrum in the parent file: 1
Date and time of acquisition read successfully from the original file: Yes
Live time read successfully from the original file: Yes
True time read successfully from the original file: Yes
GADRAS Tag character is:  
Version: 130122
Parent file type: Sandia GADRAS PCF
