$SPEC_ID:
60CO,1uC{13,13.16}
$MEAS_TIM:
3600.00 3600.00
$DATE_MEA:
3/9/2018 5:22:25 PM
$DATA:
0 1193
131.747
124.926
116.237
362.529
314.846
274.889
240.188
210.919
189.427
170.509
160.469
153.640
149.328
147.143
148.821
151.152
154.443
159.837
167.418
176.385
185.756
195.128
202.513
204.316
206.584
208.754
210.163
211.350
212.549
213.692
214.894
216.191
217.046
215.284
213.368
211.452
209.569
207.574
204.311
200.941
197.566
194.271
191.143
187.933
185.538
184.314
183.534
182.658
181.784
180.826
179.745
178.659
177.528
176.148
174.489
172.776
171.066
169.309
167.525
165.739
163.950
162.222
160.685
158.685
155.855
153.139
150.622
148.096
145.683
143.459
141.453
139.677
138.038
136.348
134.377
132.045
129.514
126.731
123.580
120.199
116.757
113.367
110.070
106.858
103.880
101.261
98.756
96.173
93.656
91.288
88.993
86.682
84.288
82.011
80.244
78.904
77.567
76.136
74.715
73.326
71.929
70.515
69.102
67.684
66.246
64.788
63.332
61.880
60.407
58.940
57.606
56.490
55.496
54.518
53.552
52.630
51.747
50.874
49.995
49.112
48.233
47.353
46.472
45.591
44.716
43.857
43.034
42.270
41.580
40.981
40.452
39.943
39.415
38.876
38.338
37.804
37.275
36.745
36.211
35.667
35.129
34.627
34.188
33.799
33.437
33.085
32.742
32.409
32.083
31.761
31.436
31.110
30.783
30.454
30.130
29.812
29.504
29.204
28.914
28.631
28.359
28.094
27.837
27.590
27.350
27.118
26.891
26.668
26.450
26.238
26.030
25.830
25.635
25.446
25.259
25.073
24.883
24.692
24.505
24.325
24.153
23.987
23.830
23.676
23.524
23.372
23.219
23.068
22.922
22.782
22.644
22.506
22.368
22.234
22.104
21.980
21.863
21.752
21.646
21.540
21.438
21.334
21.229
21.124
21.021
20.920
20.821
20.726
20.633
20.543
20.454
20.367
20.280
20.193
20.108
20.024
19.941
19.859
19.778
19.697
19.619
19.545
19.477
19.416
19.357
19.299
19.239
19.178
19.117
19.057
19.000
18.943
18.886
18.828
18.770
18.711
18.655
18.600
18.547
18.495
18.445
18.393
18.342
18.291
18.241
18.192
18.142
18.093
18.042
17.991
17.939
17.890
17.842
17.798
17.755
17.713
17.672
17.629
17.587
17.546
17.506
17.467
17.431
17.397
17.367
17.341
17.317
17.295
17.274
17.255
17.237
17.221
17.209
17.200
17.194
17.192
17.192
17.194
17.198
17.205
17.213
17.221
17.230
17.239
17.245
17.249
17.248
17.244
17.236
17.222
17.205
17.185
17.162
17.139
17.116
17.094
17.072
17.052
17.031
17.009
16.979
16.941
16.887
16.818
16.736
16.649
16.560
16.479
16.405
16.330
16.251
16.163
16.061
15.943
15.808
15.654
15.483
15.292
15.089
14.877
14.663
14.449
14.236
14.025
13.811
13.598
13.382
13.171
12.967
12.777
12.606
12.455
12.321
12.202
12.096
12.000
11.912
11.832
11.759
11.691
11.629
11.571
11.517
11.465
11.416
11.369
11.320
11.268
11.209
11.141
11.061
10.974
10.880
10.784
10.688
10.596
10.509
10.430
10.360
10.301
10.252
10.203
10.145
10.064
9.953
9.803
9.626
9.436
9.247
9.071
8.921
8.799
8.705
8.640
8.603
8.597
8.633
8.730
8.904
9.173
9.550
10.049
10.672
11.426
12.313
13.340
14.502
15.776
17.147
18.589
20.088
21.612
23.119
24.560
25.887
27.048
28.001
28.717
29.180
29.379
29.297
28.921
28.251
27.325
26.171
24.827
23.324
21.703
19.996
18.248
16.497
14.783
13.149
11.617
10.202
8.905
7.737
6.705
5.813
5.057
4.427
3.912
3.502
3.187
2.958
2.812
2.744
2.751
2.829
2.974
3.188
3.476
3.843
4.294
4.836
5.472
6.202
7.023
7.935
8.933
10.018
11.179
12.398
13.652
14.919
16.173
17.394
18.556
19.630
20.590
21.407
22.054
22.500
22.736
22.764
22.593
22.225
21.668
20.929
20.025
18.981
17.826
16.589
15.295
13.974
12.648
11.338
10.060
8.837
7.687
6.629
5.670
4.808
4.039
3.360
2.766
2.255
1.821
1.456
1.153
0.905
0.703
0.540
0.410
0.308
0.230
0.171
0.127
0.094
0.069
0.049
0.035
0.024
0.017
0.012
0.008
0.005
0.003
0.001
0.001
0.000
-0.000
-0.000
-0.000
-0.000
-0.000
-0.000
0.000
0.000
0.000
0.000
0.000
0.000
0.000
0.000
0.000
0.000
0.000
0.000
0.000
0.000
0.000
0.000
0.000
0.000
0.000
0.000
0.000
0.000
0.000
0.000
0.000
0.000
0.000
0.000
0.000
0.000
0.000
0.000
0.000
0.000
0.000
0.000
0.000
0.000
0.000
0.000
0.000
0.000
0.000
0.000
0.000
0.000
0.000
0.000
0.000
0.000
0.000
0.000
0.000
0.000
0.000
0.000
0.000
0.000
0.000
0.000
0.000
0.000
0.000
0.000
0.000
0.000
0.000
0.000
0.000
0.000
0.000
0.000
0.000
0.000
0.000
0.000
0.000
0.000
0.000
0.000
0.000
0.000
0.000
0.000
0.000
0.000
0.000
0.000
0.000
0.000
0.000
0.000
0.000
0.000
0.000
0.000
0.000
0.000
0.000
0.000
0.000
0.000
0.000
0.000
0.000
0.000
0.000
0.000
0.000
0.000
0.000
0.000
0.000
0.000
0.000
0.000
0.000
0.000
0.000
0.000
0.000
0.000
0.000
0.000
0.000
0.000
0.000
0.000
0.000
0.000
0.000
0.000
0.000
0.000
0.000
0.000
0.000
0.000
0.000
0.000
0.000
0.000
0.000
0.000
0.000
0.000
0.000
0.000
0.000
0.000
0.000
0.000
0.000
0.000
0.000
0.000
0.000
0.000
0.000
0.000
0.000
0.000
0.000
0.000
0.000
0.000
0.000
0.000
0.000
0.000
0.000
0.000
0.000
0.000
0.000
0.000
0.000
0.000
0.000
0.000
0.000
0.000
0.000
0.000
0.000
0.000
0.000
0.000
0.000
0.000
0.000
0.000
0.000
0.000
0.000
0.000
0.000
0.000
0.000
0.000
0.000
0.000
0.000
0.000
0.000
0.000
0.000
0.000
0.000
0.000
0.000
0.000
0.000
0.000
0.000
0.000
0.000
0.000
0.000
0.000
0.000
0.000
0.000
0.000
0.000
0.000
0.000
0.000
0.000
0.000
0.000
0.000
0.000
0.000
0.000
0.000
0.000
0.000
0.000
0.000
0.000
0.000
0.000
0.000
0.000
0.000
0.000
0.000
0.000
0.000
0.000
0.000
0.000
0.000
0.000
0.000
0.000
0.000
0.000
0.000
0.000
0.000
0.000
0.000
0.000
0.000
0.000
0.000
0.000
0.000
0.000
0.000
0.000
0.000
0.000
0.000
0.000
0.000
0.000
0.000
0.000
0.000
0.000
0.000
0.000
0.000
0.000
0.000
0.000
0.000
0.000
0.000
0.000
0.000
0.000
0.000
0.000
0.000
0.000
0.000
0.000
0.000
0.000
0.000
0.000
0.000
0.000
0.000
0.000
0.000
0.000
0.000
0.000
0.000
0.000
0.000
0.000
0.000
0.000
0.000
0.000
0.000
0.000
0.000
0.000
0.000
0.000
0.000
0.000
0.000
0.000
0.000
0.000
0.000
0.000
0.000
0.000
0.000
0.000
0.000
0.000
0.000
0.000
0.000
0.000
0.000
0.000
0.000
0.000
0.000
0.000
0.000
0.000
0.000
0.000
0.000
0.000
0.000
0.000
0.000
0.000
0.000
0.000
0.000
0.000
0.000
0.000
0.000
0.000
0.000
0.000
0.000
0.000
0.000
0.000
0.000
0.000
0.000
0.000
0.000
0.000
0.000
0.000
0.000
0.000
0.000
0.000
0.000
0.000
0.000
0.000
0.000
0.000
0.000
0.000
0.000
0.000
0.000
0.000
0.000
0.000
0.000
0.000
0.000
0.000
0.000
0.000
0.000
0.000
0.000
0.000
0.000
0.000
0.000
0.000
0.000
0.000
0.000
0.000
0.000
0.000
0.000
0.000
-0.000
-0.000
-0.000
-0.000
-0.000
-0.000
-0.000
-0.000
-0.000
0.000
0.000
0.000
0.000
0.000
0.000
0.000
0.000
0.000
0.000
0.000
0.000
0.000
0.000
0.000
0.000
0
0
0
0
0
0
0
0
0
0
0
0
0
0
0
0
0
0
0
0
0
0
0
0
0
0
0
0
0
0
0
0
0
0
0
0
0
0
0
0
0
0
0
0
0
0
0
0
0
0
0
0
0
0
0
0
0
0
0
0
0
0
0
0
0
0
0
0
0
0
0
0
0
0
0
0
0
0
0
0
0
0
0
0
0
0
0
0
0
0
0
0
0
0
0
0
0
0
0
0
0
0
0
0
0
0
0
0
0
0
0
0
0
0
0
0
0
0
0
0
0
0
0
0
0
0
0
0
0
0
0
0
0
0
0
0
0
0
0
0
0
0
0
0
0
0
0
0
0
0
0
0
0
0
0
0
0
0
0
0
0
0
0
0
0
0
0
0
0
0
0
0
0
0
0
0
0
0
0
0
0
0
0
0
0
0
0
0
0
0
0
0
0
0
0
0
0
0
0
0
0
0
0
0
0
0
0
0
0
0
0
0
0
0
0
0
0
0
0
0
0
0
0
0
0
0
0
0
0
0
0
0
0
0
0
0
0
0
0
$MCA_CAL:
3
-1.4656616 2.9313233 0.00000000000000
$ENER_FIT:
-1.4656616 2.9313233 0.00000000000000
$MCA_CAL_DATA:
3
298 872
597 1749
896 2625
$CAMBIO:
Parent file specification: C:\GADRAS-DRF\Temp\parallelGUI3\60CO_75.0_175.0_alum_13.16_6.5.pcf
Successful read of spectrum: Yes
Error message: None
Warning: None
Information: None
Neutrons: 0
Number of spectral records in the parent file: 1
Record number of this spectrum in the parent file: 1
Date and time of acquisition read successfully from the original file: Yes
Live time read successfully from the original file: Yes
True time read successfully from the original file: Yes
GADRAS Tag character is:  
Version: 130122
Parent file type: Sandia GADRAS PCF
