$SPEC_ID:
60CO,1uC{26,6.28}
$MEAS_TIM:
3600.00 3600.00
$DATE_MEA:
3/9/2018 5:22:25 PM
$DATA:
0 1193
104.842
99.363
93.336
161.905
146.300
131.267
117.394
104.710
94.148
84.192
78.241
73.733
69.631
66.134
65.273
65.632
66.267
67.595
69.711
72.254
75.086
77.981
79.689
79.896
80.124
80.372
80.835
81.343
81.819
82.596
83.534
84.475
85.226
85.397
85.508
85.647
85.780
85.870
85.200
84.471
83.739
83.064
82.492
81.897
81.442
81.795
82.162
82.564
82.950
83.302
83.614
83.930
84.220
84.323
84.192
84.038
83.863
83.624
83.327
83.014
82.700
82.439
82.154
81.649
80.815
79.980
79.274
78.578
78.007
77.623
77.454
77.551
77.793
78.056
78.287
78.019
77.109
76.149
74.809
72.713
70.558
68.505
66.276
64.093
62.151
60.388
58.693
56.971
55.280
53.666
52.090
50.496
48.851
47.318
46.068
44.956
43.828
42.704
41.596
40.484
39.375
38.305
37.287
36.305
35.337
34.353
33.354
32.356
31.377
30.445
29.610
28.919
28.306
27.680
27.061
26.516
26.031
25.556
25.076
24.593
24.113
23.634
23.155
22.673
22.192
21.734
21.319
20.960
20.661
20.407
20.168
19.930
19.692
19.454
19.216
18.978
18.740
18.503
18.266
18.025
17.785
17.568
17.396
17.258
17.129
16.996
16.863
16.736
16.612
16.488
16.363
16.237
16.111
15.986
15.863
15.743
15.629
15.524
15.426
15.330
15.233
15.137
15.045
14.958
14.872
14.786
14.701
14.618
14.537
14.458
14.380
14.302
14.223
14.144
14.065
13.984
13.901
13.816
13.731
13.647
13.566
13.488
13.416
13.347
13.279
13.211
13.143
13.078
13.014
12.955
12.899
12.846
12.796
12.746
12.695
12.645
12.598
12.554
12.511
12.467
12.424
12.380
12.336
12.292
12.248
12.205
12.162
12.121
12.081
12.043
12.006
11.971
11.936
11.902
11.870
11.838
11.807
11.777
11.746
11.716
11.687
11.662
11.644
11.630
11.617
11.604
11.591
11.577
11.562
11.547
11.531
11.513
11.494
11.473
11.452
11.431
11.412
11.392
11.374
11.357
11.340
11.324
11.309
11.294
11.280
11.266
11.253
11.240
11.226
11.213
11.199
11.186
11.175
11.166
11.159
11.154
11.149
11.142
11.136
11.129
11.124
11.121
11.120
11.120
11.121
11.124
11.128
11.133
11.139
11.146
11.154
11.163
11.175
11.189
11.207
11.228
11.253
11.281
11.312
11.343
11.374
11.405
11.434
11.463
11.489
11.513
11.533
11.550
11.561
11.568
11.571
11.572
11.571
11.570
11.571
11.575
11.582
11.589
11.593
11.591
11.579
11.560
11.531
11.495
11.452
11.406
11.358
11.313
11.272
11.232
11.190
11.139
11.077
10.998
10.903
10.789
10.655
10.503
10.339
10.170
10.002
9.837
9.674
9.510
9.341
9.167
8.990
8.819
8.658
8.516
8.392
8.285
8.191
8.110
8.039
7.975
7.919
7.867
7.819
7.775
7.734
7.697
7.665
7.636
7.608
7.578
7.543
7.502
7.453
7.400
7.343
7.284
7.223
7.163
7.104
7.046
6.990
6.939
6.889
6.842
6.798
6.755
6.708
6.648
6.569
6.463
6.331
6.182
6.026
5.874
5.737
5.619
5.516
5.430
5.359
5.303
5.275
5.291
5.368
5.522
5.769
6.119
6.585
7.176
7.903
8.771
9.773
10.900
12.145
13.496
14.933
16.412
17.890
19.323
20.666
21.875
22.910
23.727
24.284
24.541
24.485
24.136
23.511
22.635
21.525
20.217
18.756
17.195
15.578
13.958
12.370
10.840
9.395
8.057
6.854
5.795
4.877
4.089
3.423
2.872
2.424
2.071
1.800
1.600
1.460
1.372
1.331
1.337
1.391
1.491
1.637
1.835
2.091
2.413
2.808
3.284
3.847
4.496
5.234
6.063
6.984
7.994
9.075
10.207
11.371
12.547
13.714
14.844
15.902
16.858
17.678
18.330
18.791
19.059
19.129
19.001
18.668
18.133
17.418
16.551
15.558
14.468
13.312
12.112
10.897
9.690
8.517
7.402
6.368
5.422
4.565
3.797
3.121
2.535
2.038
1.623
1.278
0.997
0.769
0.585
0.439
0.326
0.239
0.174
0.126
0.090
0.063
0.043
0.030
0.021
0.014
0.010
0.006
0.003
0.002
0.000
-0.000
-0.001
-0.001
-0.000
-0.000
-0.000
0.000
0.000
0.000
0.000
0.000
0.000
0.000
-0.000
-0.000
-0.000
0.000
0.000
0.000
0.000
0.000
0.000
0.000
0.000
0.000
0.000
0.000
0.000
0.000
0.000
0.000
0.000
0.000
0.000
0.000
0.000
0.000
0.000
0.000
0.000
0.000
0.000
0.000
0.000
0.000
0.000
0.000
0.000
0.000
0.000
0.000
0.000
0.000
0.000
0.000
0.000
0.000
0.000
0.000
0.000
0.000
0.000
0.000
0.000
0.000
0.000
0.000
0.000
0.000
0.000
0.000
0.000
0.000
0.000
0.000
0.000
0.000
0.000
0.000
0.000
0.000
0.000
0.000
0.000
0.000
0.000
0.000
0.000
0.000
0.000
0.000
0.000
0.000
0.000
0.000
0.000
0.000
0.000
0.000
0.000
0.000
0.000
0.000
0.000
0.000
0.000
0.000
0.000
0.000
0.000
0.000
0.000
0.000
0.000
0.000
0.000
0.000
0.000
0.000
0.000
0.000
0.000
0.000
0.000
0.000
0.000
0.000
0.000
0.000
0.000
0.000
0.000
0.000
0.000
0.000
0.000
0.000
0.000
0.000
0.000
0.000
0.000
0.000
0.000
0.000
0.000
0.000
0.000
0.000
0.000
0.000
0.000
0.000
0.000
0.000
0.000
0.000
0.000
0.000
0.000
0.000
0.000
0.000
0.000
0.000
0.000
0.000
0.000
0.000
0.000
0.000
0.000
0.000
0.000
0.000
0.000
0.000
0.000
0.000
0.000
0.000
0.000
0.000
0.000
0.000
0.000
0.000
0.000
0.000
0.000
0.000
0.000
0.000
0.000
0.000
0.000
0.000
0.000
0.000
0.000
0.000
0.000
0.000
0.000
0.000
0.000
0.000
0.000
0.000
0.000
0.000
0.000
0.000
0.000
0.000
0.000
0.000
0.000
0.000
0.000
0.000
0.000
0.000
0.000
0.000
0.000
0.000
0.000
0.000
0.000
0.000
0.000
0.000
0.000
0.000
0.000
0.000
0.000
0.000
0.000
0.000
0.000
0.000
0.000
0.000
0.000
0.000
0.000
0.000
0.000
0.000
0.000
0.000
0.000
0.000
0.000
0.000
0.000
0.000
0.000
0.000
0.000
0.000
0.000
0.000
0.000
0.000
0.000
0.000
0.000
0.000
0.000
0.000
0.000
0.000
0.000
0.000
0.000
0.000
0.000
0.000
0.000
0.000
0.000
0.000
0.000
0.000
0.000
0.000
0.000
0.000
0.000
0.000
0.000
0.000
0.000
0.000
0.000
0.000
0.000
0.000
0.000
0.000
0.000
0.000
0.000
0.000
0.000
0.000
0.000
0.000
0.000
0.000
0.000
0.000
0.000
0.000
0.000
0.000
0.000
0.000
0.000
0.000
0.000
0.000
0.000
0.000
0.000
0.000
0.000
0.000
0.000
0.000
0.000
0.000
0.000
0.000
0.000
0.000
0.000
0.000
0.000
0.000
0.000
0.000
0.000
0.000
0.000
0.000
0.000
0.000
0.000
0.000
0.000
0.000
0.000
0.000
0.000
0.000
0.000
0.000
0.000
0.000
0.000
0.000
0.000
0.000
0.000
0.000
0.000
0.000
0.000
0.000
0.000
0.000
0.000
0.000
0.000
0.000
0.000
0.000
0.000
0.000
0.000
0.000
0.000
0.000
0.000
0.000
0.000
0.000
0.000
0.000
0.000
0.000
0.000
0.000
0.000
0.000
0.000
0.000
0.000
0.000
0.000
0.000
0.000
0.000
0.000
0.000
0.000
0.000
0.000
0.000
0.000
0.000
0.000
0.000
0.000
0.000
0.000
0.000
0.000
-0.000
-0.000
-0.000
-0.000
-0.000
-0.000
-0.000
-0.000
-0.000
0.000
0.000
0.000
0.000
0.000
0.000
0.000
0.000
0.000
-0.000
-0.000
-0.000
-0.000
-0.000
-0.000
-0.000
-0.000
-0.000
0.000
0.000
0.000
0.000
0.000
0
0
0
0
0
0
0
0
0
0
0
0
0
0
0
0
0
0
0
0
0
0
0
0
0
0
0
0
0
0
0
0
0
0
0
0
0
0
0
0
0
0
0
0
0
0
0
0
0
0
0
0
0
0
0
0
0
0
0
0
0
0
0
0
0
0
0
0
0
0
0
0
0
0
0
0
0
0
0
0
0
0
0
0
0
0
0
0
0
0
0
0
0
0
0
0
0
0
0
0
0
0
0
0
0
0
0
0
0
0
0
0
0
0
0
0
0
0
0
0
0
0
0
0
0
0
0
0
0
0
0
0
0
0
0
0
0
0
0
0
0
0
0
0
0
0
0
0
0
0
0
0
0
0
0
0
0
0
0
0
0
0
0
0
0
0
0
0
0
0
0
0
0
0
0
0
0
0
0
0
0
0
0
0
0
0
0
0
0
0
0
0
0
0
0
0
0
0
0
0
0
0
0
0
0
0
0
0
0
0
0
0
0
0
0
0
0
0
0
0
0
0
0
0
0
0
0
0
0
0
0
0
0
0
0
0
0
0
0
0
0
0
0
0
$MCA_CAL:
3
-1.4656616 2.9313233 0.00000000000000
$ENER_FIT:
-1.4656616 2.9313233 0.00000000000000
$MCA_CAL_DATA:
3
298 872
597 1749
896 2625
$CAMBIO:
Parent file specification: C:\GADRAS-DRF\Temp\parallelGUI3\60CO_125.0_237.5_iron_6.28_6.0.pcf
Successful read of spectrum: Yes
Error message: None
Warning: None
Information: None
Neutrons: 0
Number of spectral records in the parent file: 1
Record number of this spectrum in the parent file: 1
Date and time of acquisition read successfully from the original file: Yes
Live time read successfully from the original file: Yes
True time read successfully from the original file: Yes
GADRAS Tag character is:  
Version: 130122
Parent file type: Sandia GADRAS PCF
