$SPEC_ID:
60CO,1uC{13,1.82}
$MEAS_TIM:
3600.00 3600.00
$DATE_MEA:
3/9/2018 5:22:25 PM
$DATA:
0 1193
189.359
179.496
170.979
205.587
186.095
171.146
156.053
141.065
127.276
113.827
105.618
99.759
94.100
88.674
87.276
87.632
88.137
88.996
91.005
93.519
96.198
98.896
100.430
100.749
101.163
101.505
101.527
101.429
101.330
101.509
102.007
102.560
103.055
103.032
102.916
102.800
102.686
102.533
102.258
101.886
101.540
101.306
101.249
101.199
101.266
101.730
102.309
102.891
103.453
103.964
104.408
104.856
105.312
105.601
105.777
105.946
106.109
106.268
106.422
106.559
106.734
107.020
107.295
107.481
107.662
107.993
108.618
109.447
110.418
111.748
113.519
115.559
117.595
119.269
120.150
119.839
118.519
116.520
113.616
109.565
105.058
100.900
97.033
93.209
89.631
86.580
83.852
81.085
78.330
75.837
73.569
71.257
68.880
66.740
64.998
63.456
61.898
60.305
58.710
57.136
55.590
54.101
52.734
51.526
50.407
49.270
48.081
46.875
45.693
44.612
43.704
42.946
42.229
41.485
40.765
40.148
39.640
39.177
38.697
38.195
37.690
37.191
36.697
36.200
35.710
35.244
34.820
34.443
34.104
33.797
33.509
33.226
32.934
32.640
32.346
32.055
31.763
31.465
31.163
30.871
30.602
30.362
30.150
29.958
29.784
29.619
29.458
29.297
29.134
28.973
28.810
28.648
28.487
28.325
28.166
28.008
27.856
27.707
27.560
27.412
27.265
27.119
26.978
26.842
26.709
26.579
26.449
26.321
26.195
26.073
25.954
25.839
25.726
25.613
25.501
25.388
25.273
25.155
25.037
24.921
24.807
24.695
24.587
24.481
24.377
24.276
24.177
24.081
23.987
23.896
23.808
23.723
23.641
23.563
23.487
23.414
23.343
23.275
23.207
23.140
23.074
23.007
22.940
22.872
22.808
22.745
22.686
22.631
22.579
22.531
22.484
22.440
22.397
22.355
22.315
22.275
22.236
22.196
22.158
22.120
22.087
22.061
22.044
22.036
22.031
22.030
22.027
22.021
22.013
22.003
21.992
21.979
21.965
21.953
21.941
21.930
21.923
21.915
21.910
21.905
21.902
21.899
21.897
21.896
21.896
21.895
21.895
21.896
21.897
21.899
21.904
21.911
21.923
21.939
21.958
21.979
22.001
22.020
22.041
22.061
22.085
22.112
22.146
22.183
22.224
22.268
22.313
22.359
22.407
22.457
22.510
22.565
22.626
22.691
22.760
22.834
22.914
22.997
23.083
23.171
23.258
23.343
23.424
23.503
23.578
23.649
23.713
23.773
23.827
23.871
23.908
23.937
23.961
23.986
24.016
24.056
24.106
24.158
24.200
24.222
24.209
24.158
24.072
23.965
23.846
23.728
23.617
23.516
23.417
23.313
23.202
23.075
22.931
22.763
22.573
22.355
22.108
21.831
21.531
21.212
20.882
20.543
20.203
19.864
19.526
19.193
18.865
18.545
18.233
17.936
17.653
17.391
17.150
16.933
16.739
16.562
16.403
16.257
16.124
15.999
15.886
15.783
15.691
15.608
15.535
15.466
15.393
15.312
15.215
15.097
14.955
14.799
14.633
14.469
14.310
14.166
14.035
13.916
13.801
13.686
13.568
13.441
13.308
13.165
13.018
12.862
12.703
12.539
12.385
12.253
12.157
12.109
12.123
12.213
12.390
12.668
13.059
13.577
14.234
15.042
16.002
17.123
18.405
19.856
21.477
23.265
25.191
27.220
29.321
31.457
33.601
35.709
37.741
39.645
41.375
42.877
44.108
45.019
45.595
45.839
45.745
45.314
44.536
43.419
41.980
40.270
38.325
36.201
33.930
31.565
29.143
26.702
24.283
21.917
19.648
17.508
15.533
13.729
12.103
10.654
9.388
8.306
7.411
6.702
6.173
5.820
5.636
5.617
5.756
6.051
6.495
7.089
7.827
8.708
9.728
10.886
12.172
13.572
15.072
16.654
18.306
20.010
21.753
23.506
25.242
26.925
28.530
30.022
31.370
32.550
33.543
34.337
34.912
35.260
35.362
35.209
34.791
34.133
33.255
32.180
30.928
29.519
27.981
26.332
24.603
22.822
21.017
19.213
17.441
15.726
14.090
12.534
11.071
9.703
8.436
7.279
6.237
5.309
4.489
3.769
3.142
2.599
2.134
1.738
1.405
1.127
0.899
0.714
0.564
0.445
0.348
0.269
0.206
0.156
0.117
0.087
0.065
0.048
0.034
0.024
0.016
0.010
0.005
0.002
0.001
-0.001
-0.001
-0.001
-0.001
-0.001
-0.001
-0.000
0.000
0.000
0.000
0.000
0.000
0.000
0.000
0.000
0.000
-0.000
-0.000
-0.000
-0.000
0.000
0.000
0.000
0.000
0.000
0.000
0.000
0.000
0.000
0.000
0.000
0.000
0.000
0.000
0.000
0.000
0.000
0.000
0.000
0.000
0.000
0.000
0.000
0.000
0.000
0.000
0.000
0.000
0.000
0.000
0.000
0.000
0.000
0.000
0.000
0.000
0.000
0.000
0.000
0.000
0.000
0.000
0.000
0.000
0.000
0.000
0.000
0.000
0.000
0.000
0.000
0.000
0.000
0.000
0.000
0.000
0.000
0.000
0.000
0.000
0.000
0.000
0.000
0.000
0.000
0.000
0.000
0.000
0.000
0.000
0.000
0.000
0.000
0.000
0.000
0.000
0.000
0.000
0.000
0.000
0.000
0.000
0.000
0.000
0.000
0.000
0.000
0.000
0.000
0.000
0.000
0.000
0.000
0.000
0.000
0.000
0.000
0.000
0.000
0.000
0.000
0.000
0.000
0.000
0.000
0.000
0.000
0.000
0.000
0.000
0.000
0.000
0.000
0.000
0.000
0.000
0.000
0.000
0.000
0.000
0.000
0.000
0.000
0.000
0.000
0.000
0.000
0.000
0.000
0.000
0.000
0.000
0.000
0.000
0.000
0.000
0.000
0.000
0.000
0.000
0.000
0.000
0.000
0.000
0.000
0.000
0.000
0.000
0.000
0.000
0.000
0.000
0.000
0.000
0.000
0.000
0.000
0.000
0.000
0.000
0.000
0.000
0.000
0.000
0.000
0.000
0.000
0.000
0.000
0.000
0.000
0.000
0.000
0.000
0.000
0.000
0.000
0.000
0.000
0.000
0.000
0.000
0.000
0.000
0.000
0.000
0.000
0.000
0.000
0.000
0.000
0.000
0.000
0.000
0.000
0.000
0.000
0.000
0.000
0.000
0.000
0.000
0.000
0.000
0.000
0.000
0.000
0.000
0.000
0.000
0.000
0.000
0.000
0.000
0.000
0.000
0.000
0.000
0.000
0.000
0.000
0.000
0.000
0.000
0.000
0.000
0.000
0.000
0.000
0.000
0.000
0.000
0.000
0.000
0.000
0.000
0.000
0.000
0.000
0.000
0.000
0.000
0.000
0.000
0.000
0.000
0.000
0.000
0.000
0.000
0.000
0.000
0.000
0.000
0.000
0.000
0.000
0.000
0.000
0.000
0.000
0.000
0.000
0.000
0.000
0.000
0.000
0.000
0.000
0.000
0.000
0.000
0.000
0.000
0.000
0.000
0.000
0.000
0.000
0.000
0.000
0.000
0.000
0.000
0.000
0.000
0.000
0.000
0.000
0.000
0.000
0.000
0.000
0.000
0.000
0.000
0.000
0.000
0.000
0.000
0.000
0.000
0.000
0.000
0.000
0.000
0.000
0.000
0.000
0.000
0.000
0.000
0.000
0.000
0.000
0.000
0.000
0.000
0.000
0.000
0.000
0.000
0.000
0.000
0.000
0.000
0.000
0.000
0.000
0.000
0.000
0.000
0.000
0.000
0.000
0.000
0.000
0.000
0.000
0.000
0.000
0.000
0.000
0.000
0.000
0.000
0.000
0.000
0.000
0.000
0.000
0.000
0.000
0.000
0.000
0.000
0.000
0.000
0.000
0.000
0.000
0.000
0.000
0.000
0.000
0.000
0.000
0.000
0.000
0.000
0.000
0.000
0.000
0.000
0.000
0.000
0.000
0.000
0.000
0.000
0.000
0.000
0.000
0.000
0.000
0.000
0.000
0.000
0.000
0.000
0.000
0.000
0.000
0.000
0.000
0.000
0.000
0.000
0.000
0.000
0.000
0.000
0.000
0.000
0.000
0.000
0.000
0.000
0.000
0.000
0.000
0.000
0.000
-0.000
-0.000
-0.000
-0.000
-0.000
-0.000
-0.000
-0.000
-0.000
-0.000
-0.000
0.000
0.000
0.000
0.000
0.000
0.000
0.000
0.000
0.000
0.000
0.000
-0.000
-0.000
-0.000
-0.000
-0.000
-0.000
-0.000
-0.000
-0.000
-0.000
-0.000
-0.000
0.000
0.000
0.000
0.000
0.000
0.000
0
0
0
0
0
0
0
0
0
0
0
0
0
0
0
0
0
0
0
0
0
0
0
0
0
0
0
0
0
0
0
0
0
0
0
0
0
0
0
0
0
0
0
0
0
0
0
0
0
0
0
0
0
0
0
0
0
0
0
0
0
0
0
0
0
0
0
0
0
0
0
0
0
0
0
0
0
0
0
0
0
0
0
0
0
0
0
0
0
0
0
0
0
0
0
0
0
0
0
0
0
0
0
0
0
0
0
0
0
0
0
0
0
0
0
0
0
0
0
0
0
0
0
0
0
0
0
0
0
0
0
0
0
0
0
0
0
0
0
0
0
0
0
0
0
0
0
0
0
0
0
0
0
0
0
0
0
0
0
0
0
0
0
0
0
0
0
0
0
0
0
0
0
0
0
0
0
0
0
0
0
0
0
0
0
0
0
0
0
0
0
0
0
0
0
0
0
0
0
0
0
0
0
0
0
0
0
0
0
0
0
0
0
0
0
0
$MCA_CAL:
3
-1.4656616 2.9313233 0.00000000000000
$ENER_FIT:
-1.4656616 2.9313233 0.00000000000000
$MCA_CAL_DATA:
3
298 872
597 1749
896 2625
$CAMBIO:
Parent file specification: C:\GADRAS-DRF\Temp\parallelGUI3\60CO_125.0_175.0_alum_1.82_7.5.pcf
Successful read of spectrum: Yes
Error message: None
Warning: None
Information: None
Neutrons: 0
Number of spectral records in the parent file: 1
Record number of this spectrum in the parent file: 1
Date and time of acquisition read successfully from the original file: Yes
Live time read successfully from the original file: Yes
True time read successfully from the original file: Yes
GADRAS Tag character is:  
Version: 130122
Parent file type: Sandia GADRAS PCF
