$SPEC_ID:
60CO,1uC{82,1.61}
$MEAS_TIM:
3600.00 3600.00
$DATE_MEA:
3/9/2018 5:22:25 PM
$DATA:
0 1193
89.106
84.478
79.918
85.245
78.641
72.948
66.901
60.641
54.610
48.635
44.968
42.377
39.845
37.438
37.094
37.603
38.149
38.756
39.491
40.278
41.087
41.901
42.578
43.096
43.624
44.094
44.166
44.086
44.024
43.994
44.103
44.268
44.428
44.524
44.591
44.659
44.728
44.795
44.794
44.783
44.761
44.801
44.910
45.030
45.161
45.319
45.508
45.704
45.883
46.026
46.117
46.200
46.279
46.305
46.240
46.147
46.059
45.928
45.771
45.613
45.459
45.351
45.271
45.135
45.029
45.036
45.117
45.252
45.457
45.793
46.294
46.925
47.597
48.184
48.523
48.522
48.306
47.817
46.715
45.134
43.616
42.205
40.687
39.200
37.984
36.944
35.908
34.871
33.869
32.906
31.975
31.049
30.109
29.216
28.436
27.733
27.028
26.309
25.592
24.882
24.173
23.478
22.834
22.253
21.697
21.123
20.527
19.917
19.322
18.787
18.323
17.895
17.468
17.051
16.658
16.296
15.962
15.649
15.348
15.045
14.737
14.427
14.116
13.810
13.516
13.237
12.981
12.752
12.550
12.374
12.217
12.069
11.916
11.760
11.603
11.448
11.293
11.136
10.976
10.823
10.682
10.556
10.449
10.361
10.285
10.214
10.140
10.064
9.987
9.911
9.835
9.760
9.684
9.608
9.533
9.458
9.388
9.324
9.270
9.220
9.172
9.122
9.071
9.021
8.971
8.923
8.876
8.831
8.788
8.748
8.710
8.672
8.634
8.592
8.546
8.498
8.449
8.399
8.350
8.302
8.255
8.209
8.165
8.122
8.081
8.042
8.002
7.963
7.926
7.892
7.862
7.836
7.812
7.789
7.765
7.741
7.718
7.695
7.674
7.652
7.631
7.609
7.587
7.565
7.544
7.524
7.505
7.488
7.473
7.459
7.447
7.434
7.422
7.409
7.397
7.385
7.372
7.360
7.350
7.340
7.332
7.326
7.321
7.320
7.319
7.320
7.321
7.322
7.322
7.321
7.319
7.317
7.314
7.311
7.308
7.305
7.303
7.302
7.301
7.301
7.301
7.301
7.301
7.302
7.303
7.305
7.306
7.308
7.310
7.312
7.316
7.320
7.326
7.332
7.340
7.347
7.355
7.363
7.372
7.381
7.392
7.403
7.416
7.429
7.443
7.458
7.473
7.489
7.506
7.523
7.542
7.562
7.585
7.609
7.635
7.664
7.693
7.724
7.755
7.787
7.818
7.849
7.880
7.910
7.938
7.964
7.988
8.010
8.029
8.045
8.059
8.070
8.079
8.088
8.098
8.111
8.128
8.148
8.167
8.180
8.182
8.170
8.143
8.107
8.066
8.026
7.988
7.954
7.922
7.891
7.859
7.825
7.786
7.737
7.677
7.600
7.507
7.399
7.283
7.162
7.040
6.922
6.805
6.691
6.576
6.460
6.343
6.227
6.115
6.008
5.910
5.823
5.745
5.675
5.612
5.555
5.504
5.456
5.413
5.375
5.341
5.312
5.287
5.263
5.239
5.214
5.185
5.152
5.115
5.075
5.031
4.984
4.935
4.885
4.835
4.789
4.746
4.709
4.676
4.642
4.607
4.565
4.515
4.454
4.386
4.313
4.239
4.164
4.094
4.029
3.975
3.934
3.909
3.905
3.924
3.976
4.064
4.198
4.382
4.623
4.926
5.294
5.730
6.238
6.819
7.475
8.195
8.965
9.777
10.615
11.470
12.323
13.154
13.939
14.657
15.283
15.799
16.191
16.452
16.577
16.559
16.391
16.068
15.606
15.019
14.327
13.545
12.694
11.788
10.850
9.894
8.942
8.011
7.120
6.285
5.510
4.799
4.153
3.578
3.076
2.647
2.291
2.002
1.777
1.613
1.506
1.453
1.452
1.504
1.608
1.763
1.969
2.225
2.531
2.886
3.292
3.746
4.250
4.803
5.398
6.028
6.684
7.358
8.042
8.727
9.402
10.054
10.668
11.230
11.727
12.145
12.473
12.708
12.848
12.888
12.830
12.666
12.400
12.037
11.592
11.074
10.496
9.871
9.209
8.522
7.821
7.117
6.422
5.746
5.100
4.494
3.929
3.408
2.930
2.496
2.108
1.765
1.467
1.210
0.990
0.803
0.646
0.516
0.407
0.319
0.248
0.191
0.147
0.113
0.086
0.065
0.048
0.035
0.025
0.018
0.013
0.009
0.006
0.004
0.002
0.001
0.001
0.000
-0.000
-0.000
-0.000
-0.000
-0.000
-0.000
0.000
0.000
0.000
0.000
0.000
0.000
0.000
0.000
0.000
0.000
0.000
0.000
0.000
0.000
0.000
0.000
0.000
0.000
0.000
0.000
0.000
0.000
0.000
0.000
0.000
0.000
0.000
0.000
0.000
0.000
0.000
0.000
0.000
0.000
0.000
0.000
0.000
0.000
0.000
0.000
0.000
0.000
0.000
0.000
0.000
0.000
0.000
0.000
0.000
0.000
0.000
0.000
0.000
0.000
0.000
0.000
0.000
0.000
0.000
0.000
0.000
0.000
0.000
0.000
0.000
0.000
0.000
0.000
0.000
0.000
0.000
0.000
0.000
0.000
0.000
0.000
0.000
0.000
0.000
0.000
0.000
0.000
0.000
0.000
0.000
0.000
0.000
0.000
0.000
0.000
0.000
0.000
0.000
0.000
0.000
0.000
0.000
0.000
0.000
0.000
0.000
0.000
0.000
0.000
0.000
0.000
0.000
0.000
0.000
0.000
0.000
0.000
0.000
0.000
0.000
0.000
0.000
0.000
0.000
0.000
0.000
0.000
0.000
0.000
0.000
0.000
0.000
0.000
0.000
0.000
0.000
0.000
0.000
0.000
0.000
0.000
0.000
0.000
0.000
0.000
0.000
0.000
0.000
0.000
0.000
0.000
0.000
0.000
0.000
0.000
0.000
0.000
0.000
0.000
0.000
0.000
0.000
0.000
0.000
0.000
0.000
0.000
0.000
0.000
0.000
0.000
0.000
0.000
0.000
0.000
0.000
0.000
0.000
0.000
0.000
0.000
0.000
0.000
0.000
0.000
0.000
0.000
0.000
0.000
0.000
0.000
0.000
0.000
0.000
0.000
0.000
0.000
0.000
0.000
0.000
0.000
0.000
0.000
0.000
0.000
0.000
0.000
0.000
0.000
0.000
0.000
0.000
0.000
0.000
0.000
0.000
0.000
0.000
0.000
0.000
0.000
0.000
0.000
0.000
0.000
0.000
0.000
0.000
0.000
0.000
0.000
0.000
0.000
0.000
0.000
0.000
0.000
0.000
0.000
0.000
0.000
0.000
0.000
0.000
0.000
0.000
0.000
0.000
0.000
0.000
0.000
0.000
0.000
0.000
0.000
0.000
0.000
0.000
0.000
0.000
0.000
0.000
0.000
0.000
0.000
0.000
0.000
0.000
0.000
0.000
0.000
0.000
0.000
0.000
0.000
0.000
0.000
0.000
0.000
0.000
0.000
0.000
0.000
0.000
0.000
0.000
0.000
0.000
0.000
0.000
0.000
0.000
0.000
0.000
0.000
0.000
0.000
0.000
0.000
0.000
0.000
0.000
0.000
0.000
0.000
0.000
0.000
0.000
0.000
0.000
0.000
0.000
0.000
0.000
0.000
0.000
0.000
0.000
0.000
0.000
0.000
0.000
0.000
0.000
0.000
0.000
0.000
0.000
0.000
0.000
0.000
0.000
0.000
0.000
0.000
0.000
0.000
0.000
0.000
0.000
0.000
0.000
0.000
0.000
0.000
0.000
0.000
0.000
0.000
0.000
0.000
0.000
0.000
0.000
0.000
0.000
0.000
0.000
0.000
0.000
0.000
0.000
0.000
0.000
0.000
0.000
0.000
0.000
0.000
0.000
0.000
0.000
0.000
0.000
0.000
0.000
0.000
0.000
0.000
0.000
0.000
0.000
0.000
0.000
0.000
0.000
0.000
0.000
0.000
0.000
0.000
0.000
0.000
0.000
0.000
0.000
0.000
0.000
0.000
0.000
0.000
0.000
0.000
0.000
0.000
0.000
0.000
0.000
0.000
0.000
0.000
0.000
0.000
0.000
0.000
0.000
0.000
0.000
0.000
0.000
0.000
0.000
0.000
0.000
0.000
0.000
0.000
-0.000
-0.000
-0.000
-0.000
-0.000
-0.000
-0.000
-0.000
-0.000
-0.000
0.000
0.000
0.000
0.000
0.000
0.000
0.000
0.000
0.000
0.000
0.000
-0.000
-0.000
-0.000
-0.000
-0.000
-0.000
-0.000
-0.000
-0.000
-0.000
-0.000
0.000
0.000
0.000
0.000
0.000
0.000
0.000
0.000
0.000
0.000
0.000
0.000
0.000
0.000
0.000
0.000
0
0
0
0
0
0
0
0
0
0
0
0
0
0
0
0
0
0
0
0
0
0
0
0
0
0
0
0
0
0
0
0
0
0
0
0
0
0
0
0
0
0
0
0
0
0
0
0
0
0
0
0
0
0
0
0
0
0
0
0
0
0
0
0
0
0
0
0
0
0
0
0
0
0
0
0
0
0
0
0
0
0
0
0
0
0
0
0
0
0
0
0
0
0
0
0
0
0
0
0
0
0
0
0
0
0
0
0
0
0
0
0
0
0
0
0
0
0
0
0
0
0
0
0
0
0
0
0
0
0
0
0
0
0
0
0
0
0
0
0
0
0
0
0
0
0
0
0
0
0
0
0
0
0
0
0
0
0
0
0
0
0
0
0
0
0
0
0
0
0
0
0
0
0
0
0
0
0
0
0
0
0
0
0
0
0
0
0
0
0
0
0
0
0
0
0
0
0
0
0
0
0
0
0
0
0
0
0
0
0
0
0
0
0
0
$MCA_CAL:
3
-1.4656616 2.9313233 0.00000000000000
$ENER_FIT:
-1.4656616 2.9313233 0.00000000000000
$MCA_CAL_DATA:
3
298 872
597 1749
896 2625
$CAMBIO:
Parent file specification: C:\GADRAS-DRF\Temp\parallelGUI3\60CO_150.0_300.0_lead_1.61_7.0.pcf
Successful read of spectrum: Yes
Error message: None
Warning: None
Information: None
Neutrons: 0
Number of spectral records in the parent file: 1
Record number of this spectrum in the parent file: 1
Date and time of acquisition read successfully from the original file: Yes
Live time read successfully from the original file: Yes
True time read successfully from the original file: Yes
GADRAS Tag character is:  
Version: 130122
Parent file type: Sandia GADRAS PCF
