$SPEC_ID:
60CO,1uC{26,6.28}
$MEAS_TIM:
3600.00 3600.00
$DATE_MEA:
3/9/2018 5:22:25 PM
$DATA:
0 1193
835.009
791.858
759.162
1185.588
1048.392
957.127
869.964
785.802
710.620
638.621
592.153
555.538
521.718
490.492
472.322
460.336
449.115
440.168
436.579
435.528
437.060
439.668
442.751
445.043
447.090
449.240
452.172
455.411
458.096
463.332
471.131
479.629
487.243
492.083
497.061
502.169
507.205
512.579
518.578
524.711
530.921
537.439
544.552
552.259
559.156
564.084
568.179
572.105
575.850
578.831
581.276
583.774
585.477
585.770
585.065
583.968
583.098
582.743
582.904
583.201
583.880
586.244
589.680
591.736
592.906
595.749
600.400
605.559
610.800
616.135
620.494
622.156
619.810
612.482
600.450
585.092
567.948
550.641
534.528
520.319
508.515
499.025
491.639
486.203
482.614
480.433
478.741
476.795
474.812
473.217
472.067
471.071
470.006
468.923
467.908
466.998
466.139
465.321
464.532
463.802
463.016
461.923
460.307
458.215
455.897
453.525
451.094
448.569
445.941
443.368
440.984
438.874
436.951
435.184
433.462
431.692
429.753
427.659
425.500
423.330
421.223
419.168
417.189
415.198
413.077
410.684
408.041
405.340
402.746
400.352
398.058
395.788
393.449
391.079
388.703
386.333
383.982
381.627
379.263
376.890
374.535
372.200
369.912
367.660
365.459
363.299
361.170
359.068
356.966
354.870
352.752
350.634
348.511
346.388
344.303
342.265
340.305
338.397
336.540
334.704
332.902
331.125
329.394
327.727
326.104
324.526
322.963
321.417
319.873
318.346
316.826
315.326
313.836
312.339
310.847
309.353
307.857
306.373
304.902
303.470
302.059
300.668
299.316
297.982
296.671
295.380
294.107
292.850
291.600
290.375
289.155
287.947
286.749
285.591
284.465
283.386
282.347
281.352
280.376
279.388
278.413
277.430
276.448
275.463
274.497
273.539
272.599
271.704
270.844
270.028
269.245
268.509
267.779
267.065
266.373
265.683
264.999
264.312
263.640
262.984
262.364
261.793
261.304
260.881
260.488
260.135
259.779
259.406
259.007
258.602
258.179
257.749
257.310
256.886
256.469
256.065
255.705
255.360
255.046
254.745
254.464
254.181
253.890
253.605
253.312
253.015
252.711
252.416
252.122
251.842
251.584
251.356
251.162
250.993
250.855
250.727
250.606
250.481
250.373
250.277
250.207
250.169
250.192
250.245
250.337
250.471
250.626
250.794
250.988
251.198
251.434
251.698
252.010
252.358
252.743
253.157
253.593
254.044
254.498
254.964
255.427
255.889
256.345
256.808
257.258
257.685
258.064
258.391
258.636
258.763
258.808
258.789
258.753
258.739
258.805
258.972
259.202
259.419
259.517
259.414
258.993
258.236
257.136
255.834
254.401
252.960
251.572
250.338
249.188
248.026
246.800
245.403
243.779
241.841
239.657
237.250
234.694
232.002
229.255
226.467
223.660
220.801
217.899
214.960
211.947
208.894
205.812
202.763
199.757
196.863
194.100
191.523
189.110
186.863
184.783
182.835
181.034
179.354
177.804
176.354
175.023
173.788
172.662
171.612
170.644
169.705
168.740
167.723
166.595
165.322
163.862
162.273
160.597
158.923
157.292
155.792
154.455
153.336
152.343
151.429
150.557
149.645
148.665
147.548
146.401
145.286
144.334
143.625
143.285
143.393
144.056
145.337
147.278
149.964
153.429
157.760
162.989
169.175
176.335
184.497
193.658
203.872
215.126
227.463
240.726
254.746
269.320
284.216
299.280
314.260
329.001
343.192
356.596
368.918
379.895
389.200
396.615
401.839
404.803
405.557
404.101
400.468
394.626
386.657
376.529
364.490
350.731
335.622
319.332
302.196
284.444
266.343
248.171
230.100
212.422
195.293
178.984
163.684
149.646
136.992
125.774
116.004
107.710
100.904
95.608
91.855
89.639
88.936
89.693
91.865
95.393
100.243
106.351
113.682
122.128
131.578
141.907
152.972
164.672
176.854
189.421
202.204
215.041
227.728
240.083
251.881
262.967
273.117
282.135
289.909
296.352
301.407
304.963
307.001
307.398
306.134
303.102
298.414
292.192
284.583
275.700
265.680
254.690
242.825
230.257
217.129
203.615
189.848
176.023
162.271
148.781
135.684
123.150
111.190
99.841
89.143
79.111
69.787
61.185
53.353
46.284
39.949
34.296
29.283
24.860
20.982
17.604
14.677
12.158
10.008
8.192
6.673
5.414
4.379
3.532
2.835
2.256
1.778
1.390
1.080
0.837
0.648
0.504
0.391
0.299
0.222
0.160
0.111
0.073
0.044
0.023
0.008
-0.001
-0.008
-0.011
-0.012
-0.011
-0.008
-0.005
-0.002
0.001
0.003
0.004
0.004
0.004
0.004
0.003
0.002
0.001
0.001
0.000
-0.000
-0.000
-0.000
0.000
0.000
0.001
0.001
0.001
0.001
0.001
0.001
0.001
0.001
0.001
0.001
0.001
0.001
0.001
0.001
0.001
0.001
0.001
0.001
0.001
0.001
0.001
0.001
0.001
0.001
0.001
0.001
0.001
0.001
0.001
0.001
0.001
0.001
0.001
0.001
0.001
0.001
0.001
0.001
0.001
0.001
0.001
0.001
0.001
0.001
0.001
0.001
0.001
0.001
0.001
0.001
0.001
0.001
0.001
0.001
0.001
0.001
0.001
0.001
0.001
0.001
0.001
0.001
0.001
0.001
0.001
0.001
0.001
0.001
0.001
0.001
0.001
0.001
0.001
0.001
0.001
0.001
0.001
0.001
0.001
0.001
0.001
0.001
0.001
0.001
0.001
0.001
0.001
0.001
0.001
0.001
0.001
0.001
0.001
0.001
0.001
0.001
0.001
0.001
0.001
0.001
0.001
0.001
0.001
0.001
0.001
0.001
0.001
0.001
0.001
0.001
0.001
0.001
0.001
0.001
0.001
0.001
0.001
0.001
0.001
0.001
0.001
0.001
0.000
0.000
0.000
0.000
0.000
0.000
0.000
0.000
0.000
0.000
0.000
0.000
0.000
0.000
0.000
0.000
0.000
0.000
0.000
0.000
0.000
0.000
0.000
0.000
0.000
0.000
0.000
0.000
0.000
0.000
0.000
0.000
0.000
0.000
0.000
0.000
0.000
0.000
0.000
0.000
0.000
0.000
0.000
0.000
0.000
0.000
0.001
0.001
0.001
0.001
0.001
0.001
0.001
0.001
0.001
0.001
0.001
0.001
0.001
0.001
0.001
0.001
0.001
0.001
0.001
0.001
0.001
0.002
0.002
0.002
0.002
0.002
0.002
0.002
0.002
0.002
0.002
0.002
0.002
0.002
0.002
0.002
0.002
0.002
0.002
0.002
0.002
0.002
0.002
0.001
0.001
0.001
0.001
0.001
0.001
0.001
0.001
0.001
0.001
0.001
0.001
0.001
0.001
0.001
0.001
0.001
0.001
0.001
0.000
0.000
0.000
0.000
0.000
0.000
0.000
0.000
0.000
0.000
0.000
0.000
0.000
0.000
0.000
0.000
0.000
0.000
0.000
0.000
0.000
0.000
0.000
0.000
0.000
0.000
0.000
0.000
0.000
0.000
0.000
0.000
0.000
0.000
0.000
0.000
0.000
0.000
0.000
0.000
0.000
0.000
0.000
0.000
0.000
0.000
0.000
0.000
0.000
0.000
0.000
0.000
0.000
0.000
0.000
0.000
0.000
0.000
0.000
0.000
0.000
0.000
0.000
0.000
0.000
0.000
0.000
0.000
0.000
0.000
0.000
0.000
0.000
0.000
0.000
0.000
0.000
0.000
0.000
0.000
0.000
0.000
0.000
0.000
0.000
0.000
0.000
0.000
0.000
0.000
0.000
0.000
0.000
0.000
0.000
0.000
0.000
0.000
0.000
0.000
0.000
0.000
0.000
0.000
0.000
0.000
0.000
0.000
0.000
0.000
0.000
0.000
0.000
0.000
0.000
0.000
0.000
0.000
0.000
0.000
0.000
0.000
0.000
0.000
0.000
0.000
0.000
0.000
0.000
0.000
0.000
0.000
0.000
0.000
0.000
0.000
0.000
0.000
0.000
0.000
0.000
0.000
0.000
0.000
0.000
0.000
0.000
0.000
0.000
0.000
0.000
0.000
0.000
0.000
0.000
0.000
0.000
0.000
0.000
0.000
0.000
0.000
0.000
0.000
0.000
0.000
0.000
0.000
0.000
0.000
0.000
0.000
0.000
0.000
0.000
0.000
0.000
-0.000
-0.000
-0.000
-0.000
-0.000
-0.000
-0.000
-0.000
-0.000
-0.000
-0.000
-0.000
0.000
0.000
0.000
0.000
0.000
0.000
0.000
0.000
0.000
0.000
0.000
0.000
0.000
-0.000
-0.000
-0.000
-0.000
-0.000
-0.000
-0.000
-0.000
-0.000
-0.000
-0.000
-0.000
-0.000
0.000
0.000
0.000
0.000
0.000
0.000
0.000
0
0
0
0
0
0
0
0
0
0
0
0
0
0
0
0
0
0
0
0
0
0
0
0
0
0
0
0
0
0
0
0
0
0
0
0
0
0
0
0
0
0
0
0
0
0
0
0
0
0
0
0
0
0
0
0
0
0
0
0
0
0
0
0
0
0
0
0
0
0
0
0
0
0
0
0
0
0
0
0
0
0
0
0
0
0
0
0
0
0
0
0
0
0
0
0
0
0
0
0
0
0
0
0
0
0
0
0
0
0
0
0
0
0
0
0
0
0
0
0
0
0
0
0
0
0
0
0
0
0
0
0
0
0
0
0
0
0
0
0
0
0
0
0
0
0
0
0
0
0
0
0
0
0
0
0
0
0
0
0
0
0
0
0
0
0
0
0
0
0
0
0
0
0
0
0
0
0
0
0
0
0
0
0
0
0
0
0
0
0
0
0
0
0
0
0
0
0
0
0
0
0
0
0
0
0
$MCA_CAL:
3
-1.4656616 2.9313233 0.00000000000000
$ENER_FIT:
-1.4656616 2.9313233 0.00000000000000
$MCA_CAL_DATA:
3
298 872
597 1749
896 2625
$CAMBIO:
Parent file specification: C:\GADRAS-DRF\Temp\parallelGUI3\60CO_150.0_50.0_iron_6.28_8.5.pcf
Successful read of spectrum: Yes
Error message: None
Warning: None
Information: None
Neutrons: 0
Number of spectral records in the parent file: 1
Record number of this spectrum in the parent file: 1
Date and time of acquisition read successfully from the original file: Yes
Live time read successfully from the original file: Yes
True time read successfully from the original file: Yes
GADRAS Tag character is:  
Version: 130122
Parent file type: Sandia GADRAS PCF
