$SPEC_ID:
60CO,1uC{26,6.28}
$MEAS_TIM:
3600.00 3600.00
$DATE_MEA:
3/9/2018 5:22:25 PM
$DATA:
0 1193
237.278
224.887
211.306
349.003
314.178
283.911
255.620
229.515
207.097
185.939
172.764
162.579
153.221
144.981
141.246
139.716
138.697
138.674
140.488
143.189
147.608
152.196
156.151
157.020
158.150
159.265
160.012
160.601
161.155
162.653
165.613
168.560
171.201
171.904
172.452
172.980
173.527
174.195
174.743
175.352
175.958
176.842
178.106
179.414
181.063
182.828
184.391
185.873
187.280
188.357
189.085
189.781
190.423
190.714
190.738
190.711
190.826
191.242
192.030
192.884
193.809
195.159
197.054
198.416
198.773
199.864
201.712
203.803
206.384
209.814
214.121
218.476
221.423
221.475
218.639
213.170
205.194
195.226
183.999
172.122
160.761
151.929
145.337
138.983
133.298
129.300
125.850
122.007
118.555
115.905
113.535
111.117
108.646
106.419
104.931
104.047
103.188
102.221
101.290
100.408
99.485
98.540
97.651
96.795
95.878
94.877
93.854
92.846
91.857
90.920
90.111
89.486
88.969
88.483
87.991
87.483
86.957
86.429
85.906
85.379
84.853
84.328
83.809
83.285
82.744
82.182
81.611
81.045
80.495
79.978
79.485
79.001
78.508
78.012
77.516
77.021
76.530
76.038
75.543
75.043
74.545
74.063
73.614
73.188
72.776
72.368
71.964
71.567
71.171
70.779
70.383
69.988
69.594
69.199
68.804
68.405
68.005
67.606
67.214
66.828
66.451
66.080
65.715
65.360
65.011
64.671
64.338
64.014
63.697
63.388
63.084
62.789
62.502
62.218
61.937
61.653
61.360
61.061
60.761
60.465
60.173
59.888
59.616
59.350
59.088
58.828
58.570
58.315
58.066
57.824
57.584
57.344
57.102
56.867
56.638
56.421
56.213
56.014
55.820
55.626
55.437
55.246
55.054
54.861
54.670
54.481
54.296
54.120
53.953
53.796
53.642
53.494
53.341
53.188
53.039
52.890
52.743
52.597
52.455
52.314
52.182
52.064
51.968
51.892
51.823
51.761
51.692
51.620
51.543
51.469
51.393
51.316
51.235
51.152
51.064
50.975
50.893
50.815
50.745
50.678
50.615
50.550
50.484
50.422
50.361
50.303
50.245
50.188
50.129
50.068
50.009
49.956
49.911
49.875
49.846
49.820
49.793
49.763
49.736
49.712
49.693
49.681
49.678
49.679
49.686
49.701
49.721
49.745
49.775
49.809
49.849
49.898
49.958
50.030
50.113
50.207
50.312
50.427
50.548
50.676
50.804
50.932
51.054
51.173
51.281
51.379
51.464
51.536
51.594
51.632
51.657
51.670
51.676
51.680
51.689
51.699
51.709
51.719
51.726
51.723
51.690
51.626
51.503
51.324
51.099
50.857
50.611
50.390
50.191
49.992
49.781
49.535
49.241
48.885
48.469
47.981
47.420
46.786
46.104
45.389
44.663
43.939
43.222
42.510
41.793
41.073
40.348
39.637
38.953
38.318
37.746
37.246
36.806
36.417
36.073
35.759
35.475
35.216
34.982
34.766
34.572
34.392
34.228
34.072
33.928
33.788
33.643
33.487
33.306
33.093
32.840
32.560
32.257
31.949
31.639
31.345
31.065
30.816
30.597
30.415
30.270
30.124
29.944
29.685
29.320
28.818
28.225
27.583
26.945
26.355
25.858
25.463
25.167
24.975
24.886
24.909
25.086
25.483
26.159
27.178
28.596
30.453
32.764
35.554
38.834
42.629
46.916
51.619
56.668
61.978
67.482
73.074
78.601
83.889
88.772
93.066
96.622
99.335
101.145
102.004
101.848
100.625
98.335
95.108
91.054
86.311
80.985
75.227
69.153
62.925
56.679
50.562
44.724
39.251
34.188
29.550
25.373
21.678
18.493
15.792
13.541
11.704
10.243
9.121
8.309
7.792
7.556
7.589
7.877
8.408
9.186
10.228
11.552
13.176
15.117
17.391
19.996
22.921
26.164
29.712
33.560
37.681
42.006
46.454
50.948
55.401
59.743
63.881
67.715
71.153
74.092
76.438
78.083
78.995
79.175
78.655
77.439
75.556
73.021
69.898
66.279
62.263
57.957
53.450
48.848
44.228
39.661
35.209
30.944
26.927
23.229
19.872
16.851
14.151
11.763
9.678
7.884
6.363
5.087
4.030
3.163
2.460
1.893
1.438
1.081
0.806
0.599
0.445
0.329
0.239
0.170
0.119
0.083
0.058
0.040
0.027
0.017
0.010
0.005
0.002
0.001
-0.000
-0.001
-0.001
-0.001
-0.000
-0.000
0.000
0.000
0.000
0.000
0.000
0.000
0.000
0.000
0.000
0.000
0.000
0.000
0.000
0.000
0.000
0.000
0.000
0.000
0.000
0.000
0.000
0.000
0.000
0.000
0.000
0.000
0.000
0.000
0.000
0.000
0.000
0.000
0.000
0.000
0.000
0.000
0.000
0.000
0.000
0.000
0.000
0.000
0.000
0.000
0.000
0.000
0.000
0.000
0.000
0.000
0.000
0.000
0.000
0.000
0.000
0.000
0.000
0.000
0.000
0.000
0.000
0.000
0.000
0.000
0.000
0.000
0.000
0.000
0.000
0.000
0.000
0.000
0.000
0.000
0.000
0.000
0.000
0.000
0.000
0.000
0.000
0.000
0.000
0.000
0.000
0.000
0.000
0.000
0.000
0.000
0.000
0.000
0.000
0.000
0.000
0.000
0.000
0.000
0.000
0.000
0.000
0.000
0.000
0.000
0.000
0.000
0.000
0.000
0.000
0.000
0.000
0.000
0.000
0.000
0.000
0.000
0.000
0.000
0.000
0.000
0.000
0.000
0.000
0.000
0.000
0.000
0.000
0.000
0.000
0.000
0.000
0.000
0.000
0.000
0.000
0.000
0.000
0.000
0.000
0.000
0.000
0.000
0.000
0.000
0.000
0.000
0.000
0.000
0.000
0.000
0.000
0.000
0.000
0.000
0.000
0.000
0.000
0.000
0.000
0.000
0.000
0.000
0.000
0.000
0.000
0.000
0.000
0.000
0.000
0.000
0.000
0.000
0.000
0.000
0.000
0.000
0.000
0.000
0.000
0.000
0.000
0.000
0.000
0.000
0.000
0.000
0.000
0.000
0.000
0.000
0.000
0.000
0.000
0.000
0.000
0.000
0.000
0.000
0.000
0.000
0.000
0.000
0.000
0.000
0.000
0.000
0.000
0.000
0.000
0.000
0.000
0.000
0.000
0.000
0.000
0.000
0.000
0.000
0.000
0.000
0.000
0.000
0.000
0.000
0.000
0.000
0.000
0.000
0.000
0.000
0.000
0.000
0.000
0.000
0.000
0.000
0.000
0.000
0.000
0.000
0.000
0.000
0.000
0.000
0.000
0.000
0.000
0.000
0.000
0.000
0.000
0.000
0.000
0.000
0.000
0.000
0.000
0.000
0.000
0.000
0.000
0.000
0.000
0.000
0.000
0.000
0.000
0.000
0.000
0.000
0.000
0.000
0.000
0.000
0.000
0.000
0.000
0.000
0.000
0.000
0.000
0.000
0.000
0.000
0.000
0.000
0.000
0.000
0.000
0.000
0.000
0.000
0.000
0.000
0.000
0.000
0.000
0.000
0.000
0.000
0.000
0.000
0.000
0.000
0.000
0.000
0.000
0.000
0.000
0.000
0.000
0.000
0.000
0.000
0.000
0.000
0.000
0.000
0.000
0.000
0.000
0.000
0.000
0.000
0.000
0.000
0.000
0.000
0.000
0.000
0.000
0.000
0.000
0.000
0.000
0.000
0.000
0.000
0.000
0.000
0.000
0.000
0.000
0.000
0.000
0.000
0.000
0.000
0.000
0.000
0.000
0.000
0.000
0.000
0.000
0.000
0.000
0.000
0.000
0.000
0.000
0.000
0.000
0.000
0.000
0.000
0.000
0.000
0.000
0.000
0.000
0.000
0.000
0.000
0.000
0.000
0.000
0.000
0.000
0.000
0.000
0.000
0.000
0.000
0.000
0.000
0.000
0.000
0.000
0.000
0.000
0.000
0.000
0.000
0.000
0.000
0.000
0.000
0.000
0.000
0.000
0.000
0.000
0.000
0.000
0.000
0.000
0.000
0.000
0.000
0.000
0.000
0.000
0.000
0.000
0.000
0.000
0.000
0.000
0.000
0.000
0.000
0.000
-0.000
-0.000
-0.000
-0.000
-0.000
-0.000
-0.000
-0.000
-0.000
0.000
0.000
0.000
0.000
0.000
0.000
0.000
0.000
0.000
0.000
0.000
0.000
0.000
0.000
0.000
0.000
0
0
0
0
0
0
0
0
0
0
0
0
0
0
0
0
0
0
0
0
0
0
0
0
0
0
0
0
0
0
0
0
0
0
0
0
0
0
0
0
0
0
0
0
0
0
0
0
0
0
0
0
0
0
0
0
0
0
0
0
0
0
0
0
0
0
0
0
0
0
0
0
0
0
0
0
0
0
0
0
0
0
0
0
0
0
0
0
0
0
0
0
0
0
0
0
0
0
0
0
0
0
0
0
0
0
0
0
0
0
0
0
0
0
0
0
0
0
0
0
0
0
0
0
0
0
0
0
0
0
0
0
0
0
0
0
0
0
0
0
0
0
0
0
0
0
0
0
0
0
0
0
0
0
0
0
0
0
0
0
0
0
0
0
0
0
0
0
0
0
0
0
0
0
0
0
0
0
0
0
0
0
0
0
0
0
0
0
0
0
0
0
0
0
0
0
0
0
0
0
0
0
0
0
0
0
0
0
0
0
0
0
0
0
0
0
0
0
0
0
0
0
0
0
0
0
0
0
0
0
0
0
0
0
0
0
0
0
0
$MCA_CAL:
3
-1.4656616 2.9313233 0.00000000000000
$ENER_FIT:
-1.4656616 2.9313233 0.00000000000000
$MCA_CAL_DATA:
3
298 872
597 1749
896 2625
$CAMBIO:
Parent file specification: C:\GADRAS-DRF\Temp\parallelGUI3\60CO_150.0_112.5_iron_6.28_6.5.pcf
Successful read of spectrum: Yes
Error message: None
Warning: None
Information: None
Neutrons: 0
Number of spectral records in the parent file: 1
Record number of this spectrum in the parent file: 1
Date and time of acquisition read successfully from the original file: Yes
Live time read successfully from the original file: Yes
True time read successfully from the original file: Yes
GADRAS Tag character is:  
Version: 130122
Parent file type: Sandia GADRAS PCF
