$SPEC_ID:
60CO,1uC{26,6.28}
$MEAS_TIM:
3600.00 3600.00
$DATE_MEA:
3/9/2018 5:22:25 PM
$DATA:
0 1193
145.063
137.505
132.209
228.929
198.633
178.610
159.922
142.350
127.468
113.431
104.950
98.685
93.070
88.150
86.886
87.349
88.035
89.426
91.602
94.190
96.926
99.785
101.519
102.098
102.649
103.173
103.471
103.703
103.856
104.468
105.519
106.702
107.671
107.943
108.255
108.583
108.987
109.212
108.902
108.485
108.075
107.659
107.236
106.744
106.409
106.361
106.180
105.864
105.579
105.207
104.742
104.266
103.710
103.006
102.157
101.228
100.305
99.389
98.458
97.506
96.575
95.776
95.011
93.978
92.721
91.527
90.448
89.401
88.391
87.475
86.658
85.910
85.181
84.412
83.539
82.496
81.244
79.776
78.117
76.342
74.523
72.662
70.758
68.894
67.211
65.736
64.333
62.891
61.457
60.116
58.865
57.620
56.343
55.141
54.138
53.325
52.575
51.788
50.962
50.124
49.291
48.479
47.701
46.946
46.195
45.432
44.655
43.868
43.083
42.333
41.648
41.037
40.471
39.924
39.383
38.855
38.345
37.849
37.360
36.869
36.374
35.879
35.386
34.894
34.400
33.898
33.397
32.916
32.473
32.074
31.700
31.330
30.949
30.562
30.174
29.790
29.407
29.022
28.630
28.236
27.853
27.491
27.160
26.852
26.560
26.276
25.995
25.718
25.441
25.165
24.888
24.610
24.331
24.052
23.777
23.507
23.244
22.988
22.737
22.489
22.245
22.004
21.768
21.538
21.313
21.093
20.877
20.664
20.454
20.248
20.045
19.847
19.652
19.459
19.268
19.078
18.891
18.705
18.523
18.346
18.171
18.000
17.831
17.663
17.497
17.333
17.171
17.010
16.851
16.694
16.537
16.382
16.228
16.078
15.934
15.797
15.665
15.540
15.417
15.294
15.171
15.047
14.923
14.799
14.675
14.553
14.434
14.321
14.215
14.116
14.022
13.933
13.845
13.758
13.672
13.585
13.499
13.413
13.328
13.245
13.167
13.095
13.032
12.977
12.926
12.879
12.832
12.783
12.733
12.681
12.629
12.576
12.523
12.472
12.421
12.372
12.325
12.280
12.237
12.195
12.154
12.113
12.070
12.028
11.986
11.944
11.904
11.866
11.829
11.794
11.760
11.729
11.700
11.672
11.646
11.620
11.595
11.569
11.544
11.520
11.497
11.477
11.461
11.448
11.438
11.430
11.424
11.419
11.416
11.414
11.413
11.415
11.419
11.425
11.434
11.444
11.455
11.466
11.478
11.491
11.503
11.515
11.528
11.542
11.555
11.569
11.581
11.591
11.598
11.600
11.598
11.593
11.588
11.583
11.583
11.586
11.592
11.598
11.598
11.590
11.568
11.532
11.481
11.421
11.356
11.291
11.227
11.171
11.118
11.065
11.008
10.944
10.870
10.783
10.684
10.576
10.461
10.341
10.218
10.093
9.968
9.840
9.710
9.579
9.444
9.308
9.171
9.035
8.901
8.771
8.648
8.533
8.426
8.326
8.233
8.146
8.066
7.991
7.922
7.857
7.798
7.743
7.692
7.645
7.602
7.560
7.517
7.472
7.421
7.365
7.300
7.229
7.155
7.080
7.008
6.941
6.882
6.832
6.788
6.748
6.709
6.669
6.625
6.575
6.525
6.475
6.433
6.401
6.386
6.391
6.420
6.477
6.563
6.682
6.835
7.027
7.258
7.532
7.849
8.211
8.616
9.069
9.567
10.113
10.701
11.322
11.967
12.627
13.293
13.957
14.609
15.238
15.831
16.376
16.862
17.274
17.602
17.832
17.963
17.996
17.930
17.769
17.509
17.155
16.706
16.172
15.561
14.891
14.169
13.409
12.622
11.820
11.015
10.214
9.430
8.671
7.948
7.270
6.648
6.087
5.590
5.157
4.790
4.488
4.253
4.087
3.989
3.958
3.992
4.089
4.245
4.461
4.732
5.057
5.432
5.851
6.309
6.800
7.318
7.859
8.416
8.983
9.552
10.114
10.662
11.185
11.676
12.126
12.526
12.870
13.156
13.379
13.537
13.627
13.644
13.587
13.452
13.244
12.967
12.629
12.235
11.790
11.302
10.775
10.217
9.635
9.035
8.424
7.810
7.200
6.602
6.020
5.464
4.934
4.430
3.955
3.510
3.096
2.715
2.367
2.054
1.773
1.522
1.299
1.103
0.931
0.781
0.651
0.539
0.444
0.363
0.296
0.240
0.194
0.157
0.126
0.100
0.079
0.062
0.048
0.037
0.029
0.022
0.017
0.013
0.010
0.007
0.005
0.003
0.002
0.001
0.000
-0.000
-0.000
-0.000
-0.001
-0.000
-0.000
-0.000
-0.000
0.000
0.000
0.000
0.000
0.000
0.000
0.000
0.000
0.000
0.000
0.000
-0.000
-0.000
-0.000
0.000
0.000
0.000
0.000
0.000
0.000
0.000
0.000
0.000
0.000
0.000
0.000
0.000
0.000
0.000
0.000
0.000
0.000
0.000
0.000
0.000
0.000
0.000
0.000
0.000
0.000
0.000
0.000
0.000
0.000
0.000
0.000
0.000
0.000
0.000
0.000
0.000
0.000
0.000
0.000
0.000
0.000
0.000
0.000
0.000
0.000
0.000
0.000
0.000
0.000
0.000
0.000
0.000
0.000
0.000
0.000
0.000
0.000
0.000
0.000
0.000
0.000
0.000
0.000
0.000
0.000
0.000
0.000
0.000
0.000
0.000
0.000
0.000
0.000
0.000
0.000
0.000
0.000
0.000
0.000
0.000
0.000
0.000
0.000
0.000
0.000
0.000
0.000
0.000
0.000
0.000
0.000
0.000
0.000
0.000
0.000
0.000
0.000
0.000
0.000
0.000
0.000
0.000
0.000
0.000
0.000
0.000
0.000
0.000
0.000
0.000
0.000
0.000
0.000
0.000
0.000
0.000
0.000
0.000
0.000
0.000
0.000
0.000
0.000
0.000
0.000
0.000
0.000
0.000
0.000
0.000
0.000
0.000
0.000
0.000
0.000
0.000
0.000
0.000
0.000
0.000
0.000
0.000
0.000
0.000
0.000
0.000
0.000
0.000
0.000
0.000
0.000
0.000
0.000
0.000
0.000
0.000
0.000
0.000
0.000
0.000
0.000
0.000
0.000
0.000
0.000
0.000
0.000
0.000
0.000
0.000
0.000
0.000
0.000
0.000
0.000
0.000
0.000
0.000
0.000
0.000
0.000
0.000
0.000
0.000
0.000
0.000
0.000
0.000
0.000
0.000
0.000
0.000
0.000
0.000
0.000
0.000
0.000
0.000
0.000
0.000
0.000
0.000
0.000
0.000
0.000
0.000
0.000
0.000
0.000
0.000
0.000
0.000
0.000
0.000
0.000
0.000
0.000
0.000
0.000
0.000
0.000
0.000
0.000
0.000
0.000
0.000
0.000
0.000
0.000
0.000
0.000
0.000
0.000
0.000
0.000
0.000
0.000
0.000
0.000
0.000
0.000
0.000
0.000
0.000
0.000
0.000
0.000
0.000
0.000
0.000
0.000
0.000
0.000
0.000
0.000
0.000
0.000
0.000
0.000
0.000
0.000
0.000
0.000
0.000
0.000
0.000
0.000
0.000
0.000
0.000
0.000
0.000
0.000
0.000
0.000
0.000
0.000
0.000
0.000
0.000
0.000
0.000
0.000
0.000
0.000
0.000
0.000
0.000
0.000
0.000
0.000
0.000
0.000
0.000
0.000
0.000
0.000
0.000
0.000
0.000
0.000
0.000
0.000
0.000
0.000
0.000
0.000
0.000
0.000
0.000
0.000
0.000
0.000
0.000
0.000
0.000
0.000
0.000
0.000
0.000
0.000
0.000
0.000
0.000
0.000
0.000
0.000
0.000
0.000
0.000
0.000
0.000
0.000
0.000
0.000
0.000
0.000
0.000
0.000
0.000
0.000
0.000
0.000
0.000
0.000
0.000
0.000
0.000
0.000
0.000
0.000
0.000
0.000
0.000
0.000
0.000
0.000
0.000
0.000
0.000
0.000
0.000
0.000
0.000
0.000
0.000
0.000
0.000
0.000
0.000
0.000
0.000
0.000
0.000
0.000
0.000
0.000
0.000
0.000
0.000
0.000
0.000
0.000
0.000
0.000
0.000
0.000
0.000
0.000
0.000
0.000
0.000
0.000
0.000
0.000
0.000
0.000
0.000
0.000
0.000
0.000
0.000
0.000
0.000
0.000
0.000
0.000
0.000
-0.000
-0.000
-0.000
-0.000
-0.000
-0.000
-0.000
-0.000
-0.000
-0.000
-0.000
-0.000
0.000
0.000
0.000
0.000
0.000
0.000
0.000
0.000
0.000
0.000
0.000
0.000
0.000
-0.000
-0.000
-0.000
-0.000
-0.000
-0.000
-0.000
-0.000
-0.000
-0.000
-0.000
-0.000
-0.000
0.000
0.000
0.000
0.000
0.000
0.000
0.000
0
0
0
0
0
0
0
0
0
0
0
0
0
0
0
0
0
0
0
0
0
0
0
0
0
0
0
0
0
0
0
0
0
0
0
0
0
0
0
0
0
0
0
0
0
0
0
0
0
0
0
0
0
0
0
0
0
0
0
0
0
0
0
0
0
0
0
0
0
0
0
0
0
0
0
0
0
0
0
0
0
0
0
0
0
0
0
0
0
0
0
0
0
0
0
0
0
0
0
0
0
0
0
0
0
0
0
0
0
0
0
0
0
0
0
0
0
0
0
0
0
0
0
0
0
0
0
0
0
0
0
0
0
0
0
0
0
0
0
0
0
0
0
0
0
0
0
0
0
0
0
0
0
0
0
0
0
0
0
0
0
0
0
0
0
0
0
0
0
0
0
0
0
0
0
0
0
0
0
0
0
0
0
0
0
0
0
0
0
0
0
0
0
0
0
0
0
0
0
0
0
0
0
0
0
0
$MCA_CAL:
3
-1.4656616 2.9313233 0.00000000000000
$ENER_FIT:
-1.4656616 2.9313233 0.00000000000000
$MCA_CAL_DATA:
3
298 872
597 1749
896 2625
$CAMBIO:
Parent file specification: C:\GADRAS-DRF\Temp\parallelGUI3\60CO_50.0_237.5_iron_6.28_8.5.pcf
Successful read of spectrum: Yes
Error message: None
Warning: None
Information: None
Neutrons: 0
Number of spectral records in the parent file: 1
Record number of this spectrum in the parent file: 1
Date and time of acquisition read successfully from the original file: Yes
Live time read successfully from the original file: Yes
True time read successfully from the original file: Yes
GADRAS Tag character is:  
Version: 130122
Parent file type: Sandia GADRAS PCF
