$SPEC_ID:
60CO,1uC{26,1.53}
$MEAS_TIM:
3600.00 3600.00
$DATE_MEA:
3/9/2018 5:22:25 PM
$DATA:
0 1193
177.738
168.458
160.196
184.062
167.685
154.692
141.412
128.077
115.608
103.382
95.857
90.472
85.224
80.139
78.631
78.679
78.831
79.252
80.779
82.770
84.904
87.051
88.251
88.512
88.846
89.123
89.112
88.993
88.872
89.000
89.425
89.903
90.339
90.383
90.330
90.271
90.207
90.145
90.041
89.878
89.734
89.709
89.853
90.018
90.262
90.780
91.371
91.959
92.525
93.035
93.488
93.937
94.401
94.784
95.122
95.476
95.841
96.241
96.685
97.123
97.604
98.212
98.828
99.378
99.963
100.736
101.833
103.147
104.611
106.459
108.768
111.329
113.813
115.806
116.839
116.496
114.992
112.699
109.377
104.780
99.728
95.161
90.974
86.834
82.969
79.709
76.821
73.888
70.995
68.470
66.257
63.996
61.643
59.575
57.997
56.658
55.291
53.875
52.458
51.065
49.705
48.406
47.238
46.244
45.345
44.428
43.455
42.466
41.503
40.638
39.936
39.374
38.853
38.306
37.775
37.322
36.955
36.622
36.277
35.914
35.549
35.189
34.833
34.475
34.120
33.781
33.469
33.184
32.921
32.674
32.434
32.198
31.956
31.714
31.473
31.233
30.992
30.747
30.499
30.258
30.034
29.832
29.649
29.483
29.328
29.181
29.036
28.892
28.746
28.601
28.455
28.310
28.165
28.021
27.878
27.736
27.598
27.461
27.324
27.187
27.050
26.913
26.781
26.653
26.528
26.406
26.283
26.163
26.045
25.930
25.818
25.708
25.601
25.494
25.388
25.280
25.170
25.059
24.946
24.835
24.725
24.617
24.513
24.411
24.312
24.215
24.121
24.028
23.938
23.851
23.766
23.685
23.606
23.530
23.458
23.388
23.320
23.254
23.189
23.124
23.060
22.996
22.931
22.866
22.804
22.743
22.686
22.634
22.585
22.538
22.494
22.453
22.412
22.372
22.335
22.297
22.260
22.222
22.186
22.150
22.119
22.095
22.081
22.075
22.073
22.075
22.074
22.072
22.066
22.059
22.050
22.039
22.027
22.017
22.007
21.999
21.994
21.989
21.986
21.983
21.983
21.983
21.983
21.984
21.986
21.988
21.990
21.994
21.997
22.002
22.009
22.020
22.034
22.053
22.075
22.099
22.124
22.146
22.170
22.193
22.220
22.250
22.287
22.328
22.372
22.419
22.467
22.516
22.567
22.620
22.676
22.735
22.799
22.867
22.940
23.018
23.101
23.189
23.279
23.370
23.461
23.549
23.634
23.717
23.795
23.868
23.936
23.999
24.055
24.102
24.142
24.173
24.200
24.227
24.260
24.302
24.354
24.410
24.454
24.478
24.466
24.416
24.330
24.223
24.103
23.984
23.872
23.771
23.671
23.567
23.455
23.327
23.182
23.012
22.820
22.599
22.349
22.068
21.763
21.439
21.103
20.759
20.413
20.069
19.725
19.387
19.053
18.729
18.412
18.110
17.823
17.557
17.312
17.091
16.894
16.714
16.553
16.405
16.269
16.143
16.028
15.924
15.830
15.747
15.673
15.603
15.530
15.448
15.349
15.229
15.085
14.927
14.759
14.592
14.431
14.285
14.152
14.031
13.915
13.798
13.679
13.551
13.415
13.270
13.121
12.963
12.801
12.636
12.480
12.346
12.248
12.201
12.216
12.309
12.490
12.775
13.174
13.703
14.374
15.197
16.178
17.321
18.629
20.109
21.763
23.587
25.552
27.621
29.765
31.944
34.131
36.282
38.354
40.297
42.062
43.594
44.851
45.782
46.372
46.623
46.531
46.093
45.303
44.167
42.703
40.963
38.983
36.820
34.508
32.100
29.633
27.148
24.684
22.274
19.964
17.784
15.772
13.935
12.278
10.802
9.512
8.410
7.498
6.776
6.237
5.877
5.690
5.671
5.813
6.113
6.566
7.171
7.922
8.820
9.859
11.038
12.348
13.774
15.301
16.912
18.595
20.330
22.104
23.889
25.656
27.371
29.005
30.524
31.898
33.100
34.112
34.922
35.509
35.865
35.970
35.816
35.392
34.724
33.832
32.739
31.466
30.033
28.469
26.791
25.033
23.221
21.384
19.549
17.746
16.002
14.336
12.754
11.265
9.873
8.584
7.407
6.346
5.402
4.568
3.835
3.197
2.645
2.171
1.768
1.429
1.147
0.915
0.726
0.574
0.452
0.354
0.274
0.209
0.158
0.119
0.089
0.066
0.049
0.035
0.024
0.016
0.010
0.005
0.002
0.001
-0.001
-0.001
-0.001
-0.001
-0.001
-0.001
-0.000
0.000
0.000
0.000
0.000
0.000
0.000
0.000
0.000
0.000
-0.000
-0.000
-0.000
-0.000
0.000
0.000
0.000
0.000
0.000
0.000
0.000
0.000
0.000
0.000
0.000
0.000
0.000
0.000
0.000
0.000
0.000
0.000
0.000
0.000
0.000
0.000
0.000
0.000
0.000
0.000
0.000
0.000
0.000
0.000
0.000
0.000
0.000
0.000
0.000
0.000
0.000
0.000
0.000
0.000
0.000
0.000
0.000
0.000
0.000
0.000
0.000
0.000
0.000
0.000
0.000
0.000
0.000
0.000
0.000
0.000
0.000
0.000
0.000
0.000
0.000
0.000
0.000
0.000
0.000
0.000
0.000
0.000
0.000
0.000
0.000
0.000
0.000
0.000
0.000
0.000
0.000
0.000
0.000
0.000
0.000
0.000
0.000
0.000
0.000
0.000
0.000
0.000
0.000
0.000
0.000
0.000
0.000
0.000
0.000
0.000
0.000
0.000
0.000
0.000
0.000
0.000
0.000
0.000
0.000
0.000
0.000
0.000
0.000
0.000
0.000
0.000
0.000
0.000
0.000
0.000
0.000
0.000
0.000
0.000
0.000
0.000
0.000
0.000
0.000
0.000
0.000
0.000
0.000
0.000
0.000
0.000
0.000
0.000
0.000
0.000
0.000
0.000
0.000
0.000
0.000
0.000
0.000
0.000
0.000
0.000
0.000
0.000
0.000
0.000
0.000
0.000
0.000
0.000
0.000
0.000
0.000
0.000
0.000
0.000
0.000
0.000
0.000
0.000
0.000
0.000
0.000
0.000
0.000
0.000
0.000
0.000
0.000
0.000
0.000
0.000
0.000
0.000
0.000
0.000
0.000
0.000
0.000
0.000
0.000
0.000
0.000
0.000
0.000
0.000
0.000
0.000
0.000
0.000
0.000
0.000
0.000
0.000
0.000
0.000
0.000
0.000
0.000
0.000
0.000
0.000
0.000
0.000
0.000
0.000
0.000
0.000
0.000
0.000
0.000
0.000
0.000
0.000
0.000
0.000
0.000
0.000
0.000
0.000
0.000
0.000
0.000
0.000
0.000
0.000
0.000
0.000
0.000
0.000
0.000
0.000
0.000
0.000
0.000
0.000
0.000
0.000
0.000
0.000
0.000
0.000
0.000
0.000
0.000
0.000
0.000
0.000
0.000
0.000
0.000
0.000
0.000
0.000
0.000
0.000
0.000
0.000
0.000
0.000
0.000
0.000
0.000
0.000
0.000
0.000
0.000
0.000
0.000
0.000
0.000
0.000
0.000
0.000
0.000
0.000
0.000
0.000
0.000
0.000
0.000
0.000
0.000
0.000
0.000
0.000
0.000
0.000
0.000
0.000
0.000
0.000
0.000
0.000
0.000
0.000
0.000
0.000
0.000
0.000
0.000
0.000
0.000
0.000
0.000
0.000
0.000
0.000
0.000
0.000
0.000
0.000
0.000
0.000
0.000
0.000
0.000
0.000
0.000
0.000
0.000
0.000
0.000
0.000
0.000
0.000
0.000
0.000
0.000
0.000
0.000
0.000
0.000
0.000
0.000
0.000
0.000
0.000
0.000
0.000
0.000
0.000
0.000
0.000
0.000
0.000
0.000
0.000
0.000
0.000
0.000
0.000
0.000
0.000
0.000
0.000
0.000
0.000
0.000
0.000
0.000
0.000
0.000
0.000
0.000
0.000
0.000
0.000
0.000
0.000
0.000
0.000
0.000
0.000
0.000
0.000
0.000
0.000
0.000
0.000
0.000
0.000
0.000
0.000
0.000
0.000
0.000
0.000
0.000
0.000
0.000
0.000
0.000
0.000
0.000
0.000
0.000
0.000
0.000
0.000
0.000
0.000
0.000
0.000
0.000
0.000
0.000
0.000
0.000
-0.000
-0.000
-0.000
-0.000
-0.000
-0.000
-0.000
-0.000
-0.000
-0.000
-0.000
0.000
0.000
0.000
0.000
0.000
0.000
0.000
0.000
0.000
0.000
0.000
-0.000
-0.000
-0.000
-0.000
-0.000
-0.000
-0.000
-0.000
-0.000
-0.000
-0.000
-0.000
0.000
0.000
0.000
0.000
0.000
0.000
0
0
0
0
0
0
0
0
0
0
0
0
0
0
0
0
0
0
0
0
0
0
0
0
0
0
0
0
0
0
0
0
0
0
0
0
0
0
0
0
0
0
0
0
0
0
0
0
0
0
0
0
0
0
0
0
0
0
0
0
0
0
0
0
0
0
0
0
0
0
0
0
0
0
0
0
0
0
0
0
0
0
0
0
0
0
0
0
0
0
0
0
0
0
0
0
0
0
0
0
0
0
0
0
0
0
0
0
0
0
0
0
0
0
0
0
0
0
0
0
0
0
0
0
0
0
0
0
0
0
0
0
0
0
0
0
0
0
0
0
0
0
0
0
0
0
0
0
0
0
0
0
0
0
0
0
0
0
0
0
0
0
0
0
0
0
0
0
0
0
0
0
0
0
0
0
0
0
0
0
0
0
0
0
0
0
0
0
0
0
0
0
0
0
0
0
0
0
0
0
0
0
0
0
0
0
0
0
0
0
0
0
0
0
0
0
$MCA_CAL:
3
-1.4656616 2.9313233 0.00000000000000
$ENER_FIT:
-1.4656616 2.9313233 0.00000000000000
$MCA_CAL_DATA:
3
298 872
597 1749
896 2625
$CAMBIO:
Parent file specification: C:\GADRAS-DRF\Temp\parallelGUI3\60CO_150.0_175.0_iron_1.53_7.5.pcf
Successful read of spectrum: Yes
Error message: None
Warning: None
Information: None
Neutrons: 0
Number of spectral records in the parent file: 1
Record number of this spectrum in the parent file: 1
Date and time of acquisition read successfully from the original file: Yes
Live time read successfully from the original file: Yes
True time read successfully from the original file: Yes
GADRAS Tag character is:  
Version: 130122
Parent file type: Sandia GADRAS PCF
