$SPEC_ID:
60CO,1uC{13,7.49}
$MEAS_TIM:
3600.00 3600.00
$DATE_MEA:
3/9/2018 5:22:25 PM
$DATA:
0 1193
108.533
102.891
98.280
219.585
186.634
165.310
146.220
129.286
116.197
104.239
97.384
92.528
88.639
85.866
85.947
87.094
88.697
91.286
94.901
99.149
103.574
108.083
111.325
112.300
113.338
114.306
114.807
115.135
115.470
116.022
116.854
117.765
118.540
117.912
117.351
116.762
116.188
115.589
114.044
112.404
110.800
109.249
107.824
106.388
105.174
104.914
104.816
104.641
104.483
104.266
103.972
103.674
103.350
102.884
102.234
101.525
100.829
100.053
99.233
98.403
97.563
96.841
96.111
94.963
93.574
92.220
90.926
89.691
88.527
87.495
86.638
85.939
85.349
84.768
83.986
82.899
81.781
80.636
79.021
76.976
74.970
73.031
70.968
68.923
67.132
65.507
63.887
62.263
60.676
59.137
57.640
56.132
54.577
53.127
51.950
50.957
49.965
48.938
47.913
46.903
45.891
44.876
43.869
42.874
41.881
40.876
39.858
38.835
37.820
36.834
35.898
35.039
34.271
33.562
32.867
32.177
31.502
30.848
30.206
29.560
28.912
28.260
27.608
26.961
26.324
25.708
25.129
24.600
24.131
23.727
23.376
23.046
22.705
22.354
22.001
21.652
21.305
20.953
20.599
20.252
19.924
19.620
19.342
19.092
18.866
18.656
18.454
18.258
18.062
17.866
17.668
17.468
17.268
17.070
16.876
16.690
16.516
16.358
16.217
16.089
15.965
15.841
15.718
15.598
15.484
15.375
15.268
15.164
15.061
14.960
14.861
14.763
14.666
14.570
14.474
14.377
14.279
14.180
14.081
13.985
13.893
13.804
13.719
13.635
13.553
13.472
13.392
13.312
13.233
13.159
13.088
13.020
12.955
12.891
12.827
12.764
12.704
12.647
12.594
12.541
12.489
12.436
12.382
12.329
12.276
12.225
12.176
12.129
12.084
12.041
11.999
11.958
11.918
11.878
11.839
11.801
11.763
11.727
11.692
11.658
11.626
11.596
11.569
11.544
11.521
11.500
11.479
11.458
11.435
11.413
11.389
11.366
11.342
11.319
11.296
11.274
11.253
11.231
11.211
11.190
11.171
11.152
11.133
11.115
11.097
11.079
11.061
11.043
11.025
11.007
10.989
10.973
10.959
10.945
10.933
10.921
10.909
10.897
10.887
10.876
10.867
10.859
10.853
10.847
10.843
10.842
10.841
10.842
10.844
10.847
10.850
10.856
10.863
10.874
10.886
10.901
10.918
10.935
10.953
10.972
10.991
11.010
11.029
11.048
11.066
11.082
11.096
11.106
11.114
11.117
11.118
11.116
11.111
11.106
11.102
11.102
11.108
11.117
11.125
11.127
11.115
11.088
11.044
10.991
10.932
10.873
10.817
10.766
10.717
10.668
10.619
10.567
10.509
10.441
10.359
10.260
10.143
10.010
9.867
9.719
9.571
9.426
9.284
9.143
9.002
8.860
8.716
8.574
8.435
8.304
8.183
8.075
7.978
7.891
7.813
7.742
7.677
7.617
7.563
7.514
7.471
7.432
7.398
7.365
7.333
7.299
7.260
7.218
7.170
7.118
7.062
7.002
6.939
6.876
6.813
6.754
6.698
6.651
6.607
6.563
6.517
6.464
6.400
6.324
6.240
6.149
6.057
5.965
5.877
5.795
5.726
5.672
5.636
5.624
5.640
5.692
5.788
5.934
6.140
6.411
6.752
7.169
7.661
8.236
8.894
9.635
10.449
11.321
12.240
13.190
14.161
15.130
16.073
16.964
17.777
18.482
19.057
19.487
19.765
19.885
19.840
19.623
19.228
18.673
17.975
17.157
16.236
15.236
14.174
13.074
11.956
10.842
9.755
8.715
7.741
6.837
6.009
5.257
4.588
4.002
3.504
3.088
2.751
2.488
2.296
2.169
2.105
2.101
2.159
2.277
2.454
2.690
2.985
3.339
3.751
4.221
4.749
5.335
5.978
6.671
7.405
8.170
8.955
9.753
10.552
11.339
12.099
12.813
13.465
14.039
14.519
14.892
15.154
15.303
15.336
15.252
15.046
14.719
14.281
13.746
13.127
12.438
11.693
10.905
10.088
9.256
8.421
7.595
6.794
6.029
5.312
4.644
4.028
3.464
2.952
2.493
2.088
1.736
1.431
1.171
0.949
0.764
0.609
0.480
0.376
0.292
0.226
0.174
0.134
0.102
0.077
0.057
0.042
0.030
0.022
0.016
0.011
0.007
0.005
0.003
0.001
0.001
0.000
-0.000
-0.000
-0.000
-0.000
-0.000
-0.000
0.000
0.000
0.000
0.000
0.000
0.000
0.000
0.000
0.000
0.000
0.000
0.000
0.000
0.000
0.000
0.000
0.000
0.000
0.000
0.000
0.000
0.000
0.000
0.000
0.000
0.000
0.000
0.000
0.000
0.000
0.000
0.000
0.000
0.000
0.000
0.000
0.000
0.000
0.000
0.000
0.000
0.000
0.000
0.000
0.000
0.000
0.000
0.000
0.000
0.000
0.000
0.000
0.000
0.000
0.000
0.000
0.000
0.000
0.000
0.000
0.000
0.000
0.000
0.000
0.000
0.000
0.000
0.000
0.000
0.000
0.000
0.000
0.000
0.000
0.000
0.000
0.000
0.000
0.000
0.000
0.000
0.000
0.000
0.000
0.000
0.000
0.000
0.000
0.000
0.000
0.000
0.000
0.000
0.000
0.000
0.000
0.000
0.000
0.000
0.000
0.000
0.000
0.000
0.000
0.000
0.000
0.000
0.000
0.000
0.000
0.000
0.000
0.000
0.000
0.000
0.000
0.000
0.000
0.000
0.000
0.000
0.000
0.000
0.000
0.000
0.000
0.000
0.000
0.000
0.000
0.000
0.000
0.000
0.000
0.000
0.000
0.000
0.000
0.000
0.000
0.000
0.000
0.000
0.000
0.000
0.000
0.000
0.000
0.000
0.000
0.000
0.000
0.000
0.000
0.000
0.000
0.000
0.000
0.000
0.000
0.000
0.000
0.000
0.000
0.000
0.000
0.000
0.000
0.000
0.000
0.000
0.000
0.000
0.000
0.000
0.000
0.000
0.000
0.000
0.000
0.000
0.000
0.000
0.000
0.000
0.000
0.000
0.000
0.000
0.000
0.000
0.000
0.000
0.000
0.000
0.000
0.000
0.000
0.000
0.000
0.000
0.000
0.000
0.000
0.000
0.000
0.000
0.000
0.000
0.000
0.000
0.000
0.000
0.000
0.000
0.000
0.000
0.000
0.000
0.000
0.000
0.000
0.000
0.000
0.000
0.000
0.000
0.000
0.000
0.000
0.000
0.000
0.000
0.000
0.000
0.000
0.000
0.000
0.000
0.000
0.000
0.000
0.000
0.000
0.000
0.000
0.000
0.000
0.000
0.000
0.000
0.000
0.000
0.000
0.000
0.000
0.000
0.000
0.000
0.000
0.000
0.000
0.000
0.000
0.000
0.000
0.000
0.000
0.000
0.000
0.000
0.000
0.000
0.000
0.000
0.000
0.000
0.000
0.000
0.000
0.000
0.000
0.000
0.000
0.000
0.000
0.000
0.000
0.000
0.000
0.000
0.000
0.000
0.000
0.000
0.000
0.000
0.000
0.000
0.000
0.000
0.000
0.000
0.000
0.000
0.000
0.000
0.000
0.000
0.000
0.000
0.000
0.000
0.000
0.000
0.000
0.000
0.000
0.000
0.000
0.000
0.000
0.000
0.000
0.000
0.000
0.000
0.000
0.000
0.000
0.000
0.000
0.000
0.000
0.000
0.000
0.000
0.000
0.000
0.000
0.000
0.000
0.000
0.000
0.000
0.000
0.000
0.000
0.000
0.000
0.000
0.000
0.000
0.000
0.000
0.000
0.000
0.000
0.000
0.000
0.000
0.000
0.000
0.000
0.000
0.000
0.000
0.000
0.000
0.000
0.000
0.000
0.000
0.000
0.000
0.000
0.000
0.000
0.000
0.000
0.000
0.000
0.000
0.000
0.000
0.000
0.000
0.000
0.000
0.000
0.000
0.000
0.000
0.000
0.000
0.000
0.000
0.000
0.000
0.000
0.000
0.000
0.000
0.000
0.000
0.000
0.000
0.000
0.000
0.000
0.000
0.000
0.000
0.000
0.000
0.000
0.000
0.000
0.000
0.000
0.000
0.000
-0.000
-0.000
-0.000
-0.000
-0.000
-0.000
-0.000
-0.000
-0.000
-0.000
0.000
0.000
0.000
0.000
0.000
0.000
0.000
0.000
0.000
0.000
0.000
-0.000
-0.000
-0.000
-0.000
-0.000
-0.000
-0.000
-0.000
-0.000
-0.000
-0.000
0.000
0.000
0.000
0.000
0.000
0.000
0.000
0.000
0.000
0.000
0.000
0.000
0.000
0.000
0.000
0.000
0
0
0
0
0
0
0
0
0
0
0
0
0
0
0
0
0
0
0
0
0
0
0
0
0
0
0
0
0
0
0
0
0
0
0
0
0
0
0
0
0
0
0
0
0
0
0
0
0
0
0
0
0
0
0
0
0
0
0
0
0
0
0
0
0
0
0
0
0
0
0
0
0
0
0
0
0
0
0
0
0
0
0
0
0
0
0
0
0
0
0
0
0
0
0
0
0
0
0
0
0
0
0
0
0
0
0
0
0
0
0
0
0
0
0
0
0
0
0
0
0
0
0
0
0
0
0
0
0
0
0
0
0
0
0
0
0
0
0
0
0
0
0
0
0
0
0
0
0
0
0
0
0
0
0
0
0
0
0
0
0
0
0
0
0
0
0
0
0
0
0
0
0
0
0
0
0
0
0
0
0
0
0
0
0
0
0
0
0
0
0
0
0
0
0
0
0
0
0
0
0
0
0
0
0
0
0
0
0
0
0
0
0
0
0
$MCA_CAL:
3
-1.4656616 2.9313233 0.00000000000000
$ENER_FIT:
-1.4656616 2.9313233 0.00000000000000
$MCA_CAL_DATA:
3
298 872
597 1749
896 2625
$CAMBIO:
Parent file specification: C:\GADRAS-DRF\Temp\parallelGUI3\60CO_100.0_237.5_alum_7.49_7.0.pcf
Successful read of spectrum: Yes
Error message: None
Warning: None
Information: None
Neutrons: 0
Number of spectral records in the parent file: 1
Record number of this spectrum in the parent file: 1
Date and time of acquisition read successfully from the original file: Yes
Live time read successfully from the original file: Yes
True time read successfully from the original file: Yes
GADRAS Tag character is:  
Version: 130122
Parent file type: Sandia GADRAS PCF
