$SPEC_ID:
60CO,1uC{13,7.49}
$MEAS_TIM:
3600.00 3600.00
$DATE_MEA:
3/9/2018 5:22:25 PM
$DATA:
0 1193
64.886
61.518
57.564
131.808
115.866
102.293
90.232
79.765
71.676
64.353
60.172
57.181
54.843
53.139
53.172
53.768
54.686
56.284
58.617
61.400
64.339
67.280
69.560
69.976
70.547
71.095
71.466
71.779
72.089
72.525
73.213
73.930
74.522
74.350
74.114
73.875
73.651
73.369
72.407
71.389
70.367
69.383
68.458
67.498
66.857
66.672
66.668
66.636
66.601
66.536
66.430
66.327
66.202
65.966
65.604
65.218
64.831
64.414
63.979
63.542
63.102
62.682
62.338
61.776
60.840
59.977
59.221
58.468
57.783
57.209
56.762
56.433
56.157
55.823
55.328
54.628
53.771
52.693
51.323
49.804
48.253
46.666
45.067
43.514
42.085
40.826
39.621
38.380
37.165
36.011
34.885
33.753
32.591
31.483
30.590
29.874
29.159
28.406
27.661
26.927
26.179
25.437
24.750
24.109
23.463
22.795
22.122
21.454
20.791
20.152
19.586
19.122
18.708
18.292
17.886
17.523
17.198
16.883
16.561
16.237
15.916
15.594
15.270
14.947
14.632
14.331
14.049
13.795
13.571
13.382
13.220
13.065
12.904
12.738
12.572
12.408
12.246
12.084
11.920
11.751
11.585
11.437
11.320
11.226
11.140
11.052
10.964
10.879
10.796
10.715
10.632
10.549
10.466
10.384
10.301
10.218
10.134
10.052
9.973
9.896
9.822
9.750
9.678
9.609
9.541
9.474
9.410
9.347
9.286
9.227
9.171
9.117
9.063
9.009
8.954
8.898
8.842
8.784
8.727
8.671
8.617
8.564
8.514
8.466
8.418
8.370
8.322
8.275
8.230
8.188
8.147
8.107
8.067
8.028
7.991
7.955
7.920
7.888
7.856
7.825
7.794
7.763
7.732
7.700
7.670
7.640
7.610
7.582
7.556
7.530
7.505
7.481
7.456
7.432
7.407
7.384
7.360
7.337
7.314
7.291
7.270
7.250
7.233
7.219
7.205
7.193
7.179
7.165
7.151
7.137
7.123
7.109
7.095
7.081
7.065
7.050
7.036
7.022
7.010
6.997
6.985
6.973
6.961
6.950
6.938
6.927
6.916
6.905
6.893
6.882
6.870
6.860
6.850
6.842
6.835
6.828
6.820
6.813
6.806
6.799
6.793
6.787
6.783
6.780
6.777
6.776
6.775
6.775
6.776
6.777
6.779
6.782
6.787
6.793
6.801
6.810
6.820
6.832
6.845
6.858
6.872
6.885
6.898
6.911
6.922
6.933
6.941
6.948
6.952
6.955
6.955
6.955
6.953
6.951
6.949
6.948
6.946
6.945
6.944
6.941
6.935
6.924
6.906
6.881
6.850
6.817
6.783
6.753
6.725
6.697
6.668
6.634
6.594
6.546
6.490
6.426
6.352
6.268
6.179
6.085
5.990
5.896
5.802
5.708
5.615
5.520
5.425
5.332
5.243
5.159
5.084
5.019
4.961
4.909
4.864
4.823
4.785
4.751
4.720
4.691
4.665
4.641
4.619
4.598
4.579
4.560
4.540
4.519
4.495
4.467
4.433
4.396
4.356
4.315
4.275
4.236
4.199
4.166
4.136
4.112
4.093
4.073
4.049
4.015
3.967
3.901
3.823
3.739
3.656
3.579
3.514
3.461
3.422
3.396
3.384
3.385
3.407
3.457
3.543
3.673
3.854
4.092
4.388
4.746
5.167
5.654
6.204
6.807
7.455
8.137
8.844
9.562
10.272
10.951
11.578
12.129
12.584
12.930
13.159
13.266
13.241
13.080
12.781
12.361
11.836
11.221
10.531
9.786
9.001
8.196
7.388
6.598
5.843
5.136
4.482
3.883
3.343
2.866
2.455
2.106
1.815
1.577
1.389
1.244
1.139
1.072
1.041
1.045
1.082
1.151
1.251
1.385
1.556
1.766
2.017
2.311
2.648
3.026
3.446
3.905
4.403
4.936
5.496
6.072
6.654
7.230
7.792
8.327
8.823
9.267
9.646
9.948
10.159
10.275
10.296
10.226
10.066
9.820
9.489
9.082
8.611
8.089
7.529
6.943
6.345
5.744
5.151
4.572
4.018
3.496
3.016
2.580
2.188
1.837
1.527
1.257
1.024
0.826
0.661
0.523
0.411
0.319
0.246
0.187
0.140
0.105
0.078
0.058
0.043
0.031
0.022
0.016
0.011
0.008
0.005
0.003
0.002
0.001
0.001
0.000
0.000
-0.000
-0.000
-0.000
-0.000
-0.000
-0.000
0.000
0.000
0.000
0.000
0.000
0.000
0.000
0.000
0.000
0.000
0.000
0.000
0.000
0.000
0.000
0.000
0.000
0.000
0.000
0.000
0.000
0.000
0.000
0.000
0.000
0.000
0.000
0.000
0.000
0.000
0.000
0.000
0.000
0.000
0.000
0.000
0.000
0.000
0.000
0.000
0.000
0.000
0.000
0.000
0.000
0.000
0.000
0.000
0.000
0.000
0.000
0.000
0.000
0.000
0.000
0.000
0.000
0.000
0.000
0.000
0.000
0.000
0.000
0.000
0.000
0.000
0.000
0.000
0.000
0.000
0.000
0.000
0.000
0.000
0.000
0.000
0.000
0.000
0.000
0.000
0.000
0.000
0.000
0.000
0.000
0.000
0.000
0.000
0.000
0.000
0.000
0.000
0.000
0.000
0.000
0.000
0.000
0.000
0.000
0.000
0.000
0.000
0.000
0.000
0.000
0.000
0.000
0.000
0.000
0.000
0.000
0.000
0.000
0.000
0.000
0.000
0.000
0.000
0.000
0.000
0.000
0.000
0.000
0.000
0.000
0.000
0.000
0.000
0.000
0.000
0.000
0.000
0.000
0.000
0.000
0.000
0.000
0.000
0.000
0.000
0.000
0.000
0.000
0.000
0.000
0.000
0.000
0.000
0.000
0.000
0.000
0.000
0.000
0.000
0.000
0.000
0.000
0.000
0.000
0.000
0.000
0.000
0.000
0.000
0.000
0.000
0.000
0.000
0.000
0.000
0.000
0.000
0.000
0.000
0.000
0.000
0.000
0.000
0.000
0.000
0.000
0.000
0.000
0.000
0.000
0.000
0.000
0.000
0.000
0.000
0.000
0.000
0.000
0.000
0.000
0.000
0.000
0.000
0.000
0.000
0.000
0.000
0.000
0.000
0.000
0.000
0.000
0.000
0.000
0.000
0.000
0.000
0.000
0.000
0.000
0.000
0.000
0.000
0.000
0.000
0.000
0.000
0.000
0.000
0.000
0.000
0.000
0.000
0.000
0.000
0.000
0.000
0.000
0.000
0.000
0.000
0.000
0.000
0.000
0.000
0.000
0.000
0.000
0.000
0.000
0.000
0.000
0.000
0.000
0.000
0.000
0.000
0.000
0.000
0.000
0.000
0.000
0.000
0.000
0.000
0.000
0.000
0.000
0.000
0.000
0.000
0.000
0.000
0.000
0.000
0.000
0.000
0.000
0.000
0.000
0.000
0.000
0.000
0.000
0.000
0.000
0.000
0.000
0.000
0.000
0.000
0.000
0.000
0.000
0.000
0.000
0.000
0.000
0.000
0.000
0.000
0.000
0.000
0.000
0.000
0.000
0.000
0.000
0.000
0.000
0.000
0.000
0.000
0.000
0.000
0.000
0.000
0.000
0.000
0.000
0.000
0.000
0.000
0.000
0.000
0.000
0.000
0.000
0.000
0.000
0.000
0.000
0.000
0.000
0.000
0.000
0.000
0.000
0.000
0.000
0.000
0.000
0.000
0.000
0.000
0.000
0.000
0.000
0.000
0.000
0.000
0.000
0.000
0.000
0.000
0.000
0.000
0.000
0.000
0.000
0.000
0.000
0.000
0.000
0.000
0.000
0.000
0.000
0.000
0.000
0.000
0.000
0.000
0.000
0.000
0.000
0.000
0.000
0.000
0.000
0.000
0.000
0.000
0.000
0.000
0.000
0.000
0.000
0.000
0.000
0.000
0.000
0.000
0.000
0.000
0.000
0.000
0.000
0.000
0.000
0.000
0.000
0.000
0.000
0.000
0.000
0.000
0.000
0.000
0.000
0.000
0.000
0.000
0.000
0.000
0.000
0.000
0.000
0.000
0.000
0.000
0.000
0.000
0.000
0.000
0.000
0.000
0.000
-0.000
-0.000
-0.000
-0.000
-0.000
-0.000
-0.000
-0.000
-0.000
0.000
0.000
0.000
0.000
0.000
0.000
0.000
0.000
0.000
0.000
0.000
0.000
0.000
0.000
0.000
0.000
0
0
0
0
0
0
0
0
0
0
0
0
0
0
0
0
0
0
0
0
0
0
0
0
0
0
0
0
0
0
0
0
0
0
0
0
0
0
0
0
0
0
0
0
0
0
0
0
0
0
0
0
0
0
0
0
0
0
0
0
0
0
0
0
0
0
0
0
0
0
0
0
0
0
0
0
0
0
0
0
0
0
0
0
0
0
0
0
0
0
0
0
0
0
0
0
0
0
0
0
0
0
0
0
0
0
0
0
0
0
0
0
0
0
0
0
0
0
0
0
0
0
0
0
0
0
0
0
0
0
0
0
0
0
0
0
0
0
0
0
0
0
0
0
0
0
0
0
0
0
0
0
0
0
0
0
0
0
0
0
0
0
0
0
0
0
0
0
0
0
0
0
0
0
0
0
0
0
0
0
0
0
0
0
0
0
0
0
0
0
0
0
0
0
0
0
0
0
0
0
0
0
0
0
0
0
0
0
0
0
0
0
0
0
0
0
0
0
0
0
0
0
0
0
0
0
0
0
0
0
0
0
0
0
0
0
0
0
0
$MCA_CAL:
3
-1.4656616 2.9313233 0.00000000000000
$ENER_FIT:
-1.4656616 2.9313233 0.00000000000000
$MCA_CAL_DATA:
3
298 872
597 1749
896 2625
$CAMBIO:
Parent file specification: C:\GADRAS-DRF\Temp\parallelGUI3\60CO_150.0_300.0_alum_7.49_6.5.pcf
Successful read of spectrum: Yes
Error message: None
Warning: None
Information: None
Neutrons: 0
Number of spectral records in the parent file: 1
Record number of this spectrum in the parent file: 1
Date and time of acquisition read successfully from the original file: Yes
Live time read successfully from the original file: Yes
True time read successfully from the original file: Yes
GADRAS Tag character is:  
Version: 130122
Parent file type: Sandia GADRAS PCF
