$SPEC_ID:
60CO,1uC{82,0.51}
$MEAS_TIM:
3600.00 3600.00
$DATE_MEA:
3/9/2018 5:22:25 PM
$DATA:
0 1193
319.358
302.637
286.884
279.189
263.474
246.346
227.602
207.707
188.007
168.141
155.976
147.073
138.272
129.691
126.264
125.519
124.660
123.864
124.145
124.817
125.517
126.239
126.991
127.629
128.317
128.873
128.912
128.673
128.458
128.236
128.122
128.074
128.005
127.920
127.875
127.848
127.818
128.011
128.670
129.431
130.236
131.241
132.572
134.143
135.688
136.821
137.635
138.400
139.043
139.439
139.511
139.419
139.402
139.561
139.892
140.265
140.770
141.744
143.131
144.609
146.343
148.749
151.668
154.703
158.088
162.322
167.275
172.488
177.867
183.564
189.185
193.755
196.473
196.873
194.689
190.181
183.682
175.198
164.626
152.857
141.891
133.166
126.194
120.132
114.640
109.718
105.391
101.716
98.751
96.334
94.158
92.013
90.076
88.612
87.672
87.023
86.416
85.762
85.064
84.337
83.628
82.998
82.482
82.026
81.564
81.054
80.514
79.971
79.445
78.972
78.578
78.274
78.020
77.786
77.545
77.303
77.058
76.817
76.581
76.344
76.111
75.877
75.645
75.411
75.165
74.891
74.574
74.215
73.828
73.431
73.033
72.639
72.243
71.849
71.456
71.059
70.661
70.259
69.861
69.470
69.094
68.730
68.380
68.040
67.711
67.388
67.067
66.748
66.425
66.103
65.776
65.448
65.121
64.796
64.482
64.179
63.890
63.610
63.341
63.077
62.820
62.565
62.311
62.058
61.805
61.556
61.309
61.070
60.834
60.605
60.377
60.155
59.934
59.713
59.493
59.273
59.052
58.830
58.607
58.388
58.168
57.949
57.736
57.525
57.318
57.117
56.921
56.730
56.546
56.369
56.197
56.031
55.868
55.713
55.561
55.414
55.271
55.134
55.001
54.867
54.736
54.602
54.467
54.332
54.204
54.081
53.967
53.866
53.773
53.687
53.607
53.536
53.464
53.393
53.325
53.252
53.176
53.100
53.031
52.972
52.928
52.902
52.894
52.896
52.902
52.913
52.922
52.928
52.930
52.931
52.928
52.921
52.911
52.905
52.901
52.903
52.916
52.934
52.957
52.984
53.014
53.043
53.070
53.099
53.127
53.156
53.186
53.220
53.256
53.297
53.345
53.401
53.465
53.536
53.616
53.700
53.787
53.876
53.970
54.066
54.168
54.275
54.393
54.518
54.651
54.794
54.942
55.094
55.251
55.412
55.577
55.748
55.928
56.116
56.314
56.522
56.738
56.959
57.183
57.411
57.637
57.859
58.074
58.282
58.476
58.654
58.814
58.959
59.091
59.210
59.325
59.434
59.542
59.643
59.735
59.811
59.866
59.896
59.896
59.863
59.793
59.694
59.553
59.377
59.161
58.912
58.628
58.323
57.998
57.655
57.306
56.943
56.565
56.155
55.713
55.225
54.689
54.092
53.449
52.763
52.048
51.306
50.547
49.783
49.013
48.249
47.492
46.753
46.029
45.334
44.665
44.028
43.419
42.839
42.294
41.775
41.291
40.837
40.418
40.028
39.673
39.350
39.063
38.805
38.569
38.341
38.104
37.851
37.565
37.235
36.855
36.444
36.014
35.590
35.182
34.815
34.497
34.244
34.037
33.864
33.718
33.581
33.446
33.294
33.142
33.006
32.919
32.903
32.991
33.205
33.574
34.120
34.849
35.777
36.910
38.263
39.841
41.660
43.721
46.018
48.536
51.275
54.215
57.357
60.681
64.177
67.794
71.467
75.151
78.774
82.293
85.636
88.757
91.603
94.134
96.294
98.053
99.354
100.154
100.416
100.116
99.284
97.938
96.123
93.854
91.175
88.098
84.682
80.954
76.995
72.859
68.612
64.325
60.049
55.866
51.814
47.942
44.274
40.849
37.695
34.848
32.339
30.202
28.450
27.080
26.090
25.472
25.224
25.339
25.815
26.641
27.807
29.279
31.039
33.052
35.299
37.752
40.380
43.163
46.057
49.029
52.027
55.016
57.953
60.797
63.500
66.030
68.348
70.426
72.244
73.773
74.989
75.856
76.362
76.467
76.185
75.522
74.509
73.163
71.508
69.559
67.336
64.869
62.173
59.294
56.266
53.128
49.911
46.660
43.406
40.192
37.043
33.987
31.027
28.179
25.459
22.876
20.447
18.180
16.094
14.184
12.445
10.867
9.442
8.161
7.016
6.000
5.102
4.315
3.630
3.039
2.532
2.100
1.736
1.429
1.172
0.955
0.772
0.620
0.495
0.394
0.313
0.248
0.198
0.157
0.123
0.094
0.070
0.050
0.035
0.022
0.013
0.006
0.001
-0.002
-0.005
-0.005
-0.006
-0.005
-0.004
-0.002
-0.001
0.000
0.001
0.002
0.002
0.002
0.002
0.001
0.001
0.001
0.000
-0.000
-0.000
-0.000
-0.000
-0.000
-0.000
-0.000
0.000
0.000
0.000
0.000
0.000
0.000
0.000
0.000
0.000
0.000
0.000
0.000
0.000
0.000
0.000
0.000
0.000
0.000
0.000
0.000
0.000
0.000
0.000
0.000
0.000
0.000
0.000
0.000
0.000
0.000
0.000
0.000
0.000
0.000
0.000
0.000
0.000
0.000
0.000
0.000
0.000
0.000
0.000
0.000
0.000
0.000
0.000
0.000
0.000
0.000
0.000
0.000
0.000
0.000
0.000
0.000
0.000
0.000
0.000
0.000
0.000
0.000
0.000
0.000
0.000
0.000
0.000
0.000
0.000
0.000
0.000
0.000
0.000
0.000
0.000
0.000
0.000
0.000
0.000
0.000
0.000
0.000
0.000
0.000
0.000
0.000
0.000
0.000
0.000
0.000
0.000
0.000
0.000
0.000
0.000
0.000
0.000
0.000
0.000
0.000
0.000
0.000
0.000
0.000
0.000
0.000
0.000
0.000
0.000
0.000
0.000
0.000
0.000
0.000
0.000
0.000
0.000
0.000
0.000
0.000
0.000
0.000
0.000
0.000
0.000
0.000
0.000
0.000
0.000
0.000
0.000
0.000
0.000
0.000
0.000
0.000
0.000
0.000
0.000
0.000
0.000
0.000
0.000
0.000
0.000
0.000
0.000
0.000
0.000
0.000
0.000
0.000
0.000
0.000
0.000
0.000
0.000
0.000
0.000
0.000
0.000
0.000
0.000
0.000
0.000
0.000
0.000
0.000
0.000
0.000
0.000
0.000
0.000
0.000
0.000
0.000
0.000
0.000
0.000
0.000
0.000
0.000
0.000
0.000
0.000
0.000
0.000
0.000
0.000
0.000
0.000
0.000
0.000
0.000
0.000
0.000
0.000
0.000
0.000
0.000
0.000
0.000
0.000
0.000
0.000
0.000
0.000
0.000
0.000
0.000
0.000
0.000
0.000
0.000
0.000
0.000
0.000
0.000
0.000
0.000
0.000
0.000
0.000
0.000
0.000
0.000
0.000
0.000
0.000
0.000
0.000
0.000
0.000
0.000
0.000
0.000
0.000
0.000
0.000
0.000
0.000
0.000
0.000
0.000
0.000
0.000
0.000
0.000
0.000
0.000
0.000
0.000
0.000
0.000
0.000
0.000
0.000
0.000
0.000
0.000
0.000
0.000
0.000
0.000
0.000
0.000
0.000
0.000
0.000
0.000
0.000
0.000
0.000
0.000
0.000
0.000
0.000
0.000
0.000
0.000
0.000
0.000
0.000
0.000
0.000
0.000
0.000
0.000
0.000
0.000
0.000
0.000
0.000
0.000
0.000
0.000
0.000
0.000
0.000
0.000
0.000
0.000
0.000
0.000
0.000
0.000
0.000
0.000
0.000
0.000
0.000
0.000
0.000
0.000
0.000
0.000
0.000
0.000
0.000
0.000
0.000
0.000
0.000
0.000
0.000
0.000
0.000
0.000
0.000
0.000
0.000
0.000
0.000
0.000
0.000
0.000
0.000
0.000
0.000
0.000
0.000
0.000
0.000
0.000
0.000
0.000
0.000
0.000
0.000
0.000
0.000
0.000
0.000
0.000
0.000
0.000
0.000
0.000
0.000
0.000
0.000
0.000
0.000
0.000
0.000
0.000
0.000
0.000
0.000
0.000
0.000
0.000
0.000
0.000
0.000
0.000
0.000
0.000
0.000
0.000
0.000
0.000
0.000
0.000
0.000
0.000
0.000
0.000
0.000
0.000
0.000
0.000
0.000
0.000
0.000
0.000
0.000
0.000
0.000
0.000
0.000
0.000
0.000
0.000
0.000
0.000
0.000
0.000
0.000
0.000
-0.000
-0.000
-0.000
-0.000
-0.000
-0.000
-0.000
-0.000
-0.000
-0.000
-0.000
-0.000
-0.000
0.000
0.000
0.000
0.000
0.000
0.000
0.000
0.000
0.000
0.000
0.000
0.000
0.000
0.000
-0.000
-0.000
-0.000
-0.000
-0.000
-0.000
-0.000
-0.000
-0.000
-0.000
-0.000
-0.000
-0.000
-0.000
0.000
0.000
0.000
0.000
0.000
0.000
0.000
0
0
0
0
0
0
0
0
0
0
0
0
0
0
0
0
0
0
0
0
0
0
0
0
0
0
0
0
0
0
0
0
0
0
0
0
0
0
0
0
0
0
0
0
0
0
0
0
0
0
0
0
0
0
0
0
0
0
0
0
0
0
0
0
0
0
0
0
0
0
0
0
0
0
0
0
0
0
0
0
0
0
0
0
0
0
0
0
0
0
0
0
0
0
0
0
0
0
0
0
0
0
0
0
0
0
0
0
0
0
0
0
0
0
0
0
0
0
0
0
0
0
0
0
0
0
0
0
0
0
0
0
0
0
0
0
0
0
0
0
0
0
0
0
0
0
0
0
0
0
0
0
0
0
0
0
0
0
0
0
0
0
0
0
0
0
0
0
0
0
0
0
0
0
0
0
0
0
0
0
0
0
0
0
0
0
0
0
0
0
0
0
0
0
0
0
0
$MCA_CAL:
3
-1.4656616 2.9313233 0.00000000000000
$ENER_FIT:
-1.4656616 2.9313233 0.00000000000000
$MCA_CAL_DATA:
3
298 872
597 1749
896 2625
$CAMBIO:
Parent file specification: C:\GADRAS-DRF\Temp\parallelGUI3\60CO_150.0_112.5_lead_0.51_9.0.pcf
Successful read of spectrum: Yes
Error message: None
Warning: None
Information: None
Neutrons: 0
Number of spectral records in the parent file: 1
Record number of this spectrum in the parent file: 1
Date and time of acquisition read successfully from the original file: Yes
Live time read successfully from the original file: Yes
True time read successfully from the original file: Yes
GADRAS Tag character is:  
Version: 130122
Parent file type: Sandia GADRAS PCF
