$SPEC_ID:
60CO,1uC{26,1.53}
$MEAS_TIM:
3600.00 3600.00
$DATE_MEA:
3/9/2018 5:22:25 PM
$DATA:
0 1193
97.323
92.237
86.971
100.029
92.419
84.950
77.453
70.027
63.135
56.360
52.235
49.262
46.365
43.594
43.139
43.639
44.207
44.955
46.054
47.305
48.633
49.963
50.621
50.749
50.882
51.019
51.170
51.314
51.449
51.669
51.902
52.135
52.328
52.404
52.509
52.634
52.757
52.861
52.751
52.613
52.477
52.394
52.397
52.412
52.456
52.652
52.839
53.033
53.216
53.338
53.392
53.437
53.478
53.426
53.245
53.033
52.800
52.526
52.215
51.898
51.588
51.326
51.095
50.827
50.500
50.232
50.042
49.867
49.791
49.854
50.078
50.507
51.034
51.554
52.033
52.095
51.594
50.959
49.963
48.379
46.806
45.381
43.870
42.429
41.206
40.157
39.176
38.169
37.194
36.297
35.428
34.550
33.652
32.803
32.073
31.398
30.711
30.029
29.358
28.687
28.016
27.361
26.723
26.095
25.466
24.827
24.179
23.530
22.896
22.293
21.731
21.215
20.716
20.208
19.712
19.269
18.870
18.479
18.084
17.688
17.293
16.899
16.506
16.108
15.712
15.337
15.002
14.707
14.447
14.211
13.988
13.769
13.551
13.333
13.113
12.893
12.675
12.457
12.240
12.016
11.793
11.599
11.461
11.361
11.268
11.164
11.056
10.952
10.851
10.750
10.648
10.546
10.443
10.341
10.240
10.142
10.050
9.969
9.895
9.824
9.752
9.681
9.611
9.543
9.476
9.409
9.342
9.278
9.219
9.163
9.108
9.054
9.000
8.945
8.890
8.834
8.776
8.717
8.657
8.596
8.536
8.480
8.430
8.383
8.337
8.290
8.244
8.200
8.159
8.122
8.089
8.060
8.033
8.007
7.981
7.955
7.930
7.907
7.885
7.862
7.840
7.817
7.794
7.771
7.749
7.727
7.707
7.687
7.669
7.653
7.637
7.623
7.608
7.593
7.578
7.564
7.551
7.537
7.523
7.510
7.498
7.489
7.485
7.485
7.486
7.487
7.488
7.488
7.487
7.486
7.485
7.482
7.478
7.473
7.467
7.462
7.458
7.454
7.451
7.448
7.447
7.446
7.445
7.444
7.445
7.445
7.446
7.448
7.449
7.451
7.453
7.455
7.459
7.464
7.472
7.480
7.488
7.496
7.503
7.511
7.520
7.530
7.542
7.555
7.568
7.582
7.596
7.610
7.626
7.643
7.660
7.679
7.700
7.722
7.747
7.775
7.806
7.840
7.875
7.911
7.947
7.982
8.015
8.048
8.079
8.107
8.133
8.155
8.173
8.188
8.201
8.211
8.219
8.228
8.238
8.250
8.265
8.280
8.293
8.299
8.298
8.290
8.274
8.252
8.225
8.195
8.163
8.135
8.109
8.085
8.058
8.024
7.981
7.925
7.856
7.770
7.668
7.550
7.422
7.289
7.158
7.029
6.901
6.774
6.642
6.505
6.367
6.233
6.108
5.997
5.902
5.820
5.749
5.687
5.633
5.584
5.541
5.502
5.467
5.434
5.404
5.378
5.355
5.334
5.315
5.294
5.269
5.239
5.203
5.163
5.120
5.076
5.031
4.986
4.942
4.899
4.858
4.819
4.782
4.747
4.715
4.683
4.647
4.602
4.541
4.459
4.356
4.239
4.118
3.999
3.892
3.800
3.722
3.656
3.603
3.562
3.544
3.562
3.629
3.758
3.962
4.251
4.633
5.119
5.716
6.430
7.254
8.180
9.201
10.308
11.484
12.693
13.902
15.074
16.174
17.167
18.020
18.698
19.165
19.391
19.364
19.100
18.611
17.918
17.033
15.986
14.814
13.560
12.260
10.957
9.680
8.451
7.289
6.214
5.245
4.392
3.652
3.016
2.479
2.033
1.673
1.388
1.170
1.010
0.899
0.828
0.797
0.805
0.850
0.933
1.053
1.214
1.421
1.682
2.002
2.386
2.838
3.360
3.953
4.618
5.356
6.165
7.031
7.938
8.870
9.812
10.748
11.655
12.505
13.274
13.936
14.465
14.843
15.067
15.134
15.042
14.787
14.370
13.808
13.125
12.341
11.479
10.564
9.614
8.652
7.695
6.765
5.881
5.060
4.309
3.627
3.017
2.478
2.013
1.618
1.288
1.015
0.792
0.611
0.465
0.349
0.259
0.190
0.139
0.100
0.071
0.049
0.034
0.024
0.016
0.011
0.008
0.005
0.003
0.001
0.000
-0.000
-0.000
-0.000
-0.000
-0.000
-0.000
0.000
0.000
0.000
0.000
0.000
0.000
0.000
-0.000
-0.000
-0.000
0.000
0.000
0.000
0.000
0.000
0.000
0.000
0.000
0.000
0.000
0.000
0.000
0.000
0.000
0.000
0.000
0.000
0.000
0.000
0.000
0.000
0.000
0.000
0.000
0.000
0.000
0.000
0.000
0.000
0.000
0.000
0.000
0.000
0.000
0.000
0.000
0.000
0.000
0.000
0.000
0.000
0.000
0.000
0.000
0.000
0.000
0.000
0.000
0.000
0.000
0.000
0.000
0.000
0.000
0.000
0.000
0.000
0.000
0.000
0.000
0.000
0.000
0.000
0.000
0.000
0.000
0.000
0.000
0.000
0.000
0.000
0.000
0.000
0.000
0.000
0.000
0.000
0.000
0.000
0.000
0.000
0.000
0.000
0.000
0.000
0.000
0.000
0.000
0.000
0.000
0.000
0.000
0.000
0.000
0.000
0.000
0.000
0.000
0.000
0.000
0.000
0.000
0.000
0.000
0.000
0.000
0.000
0.000
0.000
0.000
0.000
0.000
0.000
0.000
0.000
0.000
0.000
0.000
0.000
0.000
0.000
0.000
0.000
0.000
0.000
0.000
0.000
0.000
0.000
0.000
0.000
0.000
0.000
0.000
0.000
0.000
0.000
0.000
0.000
0.000
0.000
0.000
0.000
0.000
0.000
0.000
0.000
0.000
0.000
0.000
0.000
0.000
0.000
0.000
0.000
0.000
0.000
0.000
0.000
0.000
0.000
0.000
0.000
0.000
0.000
0.000
0.000
0.000
0.000
0.000
0.000
0.000
0.000
0.000
0.000
0.000
0.000
0.000
0.000
0.000
0.000
0.000
0.000
0.000
0.000
0.000
0.000
0.000
0.000
0.000
0.000
0.000
0.000
0.000
0.000
0.000
0.000
0.000
0.000
0.000
0.000
0.000
0.000
0.000
0.000
0.000
0.000
0.000
0.000
0.000
0.000
0.000
0.000
0.000
0.000
0.000
0.000
0.000
0.000
0.000
0.000
0.000
0.000
0.000
0.000
0.000
0.000
0.000
0.000
0.000
0.000
0.000
0.000
0.000
0.000
0.000
0.000
0.000
0.000
0.000
0.000
0.000
0.000
0.000
0.000
0.000
0.000
0.000
0.000
0.000
0.000
0.000
0.000
0.000
0.000
0.000
0.000
0.000
0.000
0.000
0.000
0.000
0.000
0.000
0.000
0.000
0.000
0.000
0.000
0.000
0.000
0.000
0.000
0.000
0.000
0.000
0.000
0.000
0.000
0.000
0.000
0.000
0.000
0.000
0.000
0.000
0.000
0.000
0.000
0.000
0.000
0.000
0.000
0.000
0.000
0.000
0.000
0.000
0.000
0.000
0.000
0.000
0.000
0.000
0.000
0.000
0.000
0.000
0.000
0.000
0.000
0.000
0.000
0.000
0.000
0.000
0.000
0.000
0.000
0.000
0.000
0.000
0.000
0.000
0.000
0.000
0.000
0.000
0.000
0.000
0.000
0.000
0.000
0.000
0.000
0.000
0.000
0.000
0.000
0.000
0.000
0.000
0.000
0.000
0.000
0.000
0.000
0.000
0.000
0.000
0.000
0.000
0.000
0.000
0.000
0.000
0.000
0.000
0.000
0.000
0.000
0.000
0.000
0.000
0.000
0.000
0.000
0.000
0.000
0.000
0.000
0.000
0.000
0.000
0.000
0.000
0.000
0.000
0.000
0.000
0.000
0.000
0.000
0.000
0.000
0.000
0.000
0.000
0.000
0.000
0.000
0.000
0.000
0.000
0.000
0.000
0.000
0.000
0.000
0.000
0.000
0.000
0.000
0.000
0.000
0.000
-0.000
-0.000
-0.000
-0.000
-0.000
-0.000
-0.000
-0.000
-0.000
0.000
0.000
0.000
0.000
0.000
0.000
0.000
0.000
0.000
-0.000
-0.000
-0.000
-0.000
-0.000
-0.000
-0.000
-0.000
-0.000
0.000
0.000
0.000
0.000
0.000
0
0
0
0
0
0
0
0
0
0
0
0
0
0
0
0
0
0
0
0
0
0
0
0
0
0
0
0
0
0
0
0
0
0
0
0
0
0
0
0
0
0
0
0
0
0
0
0
0
0
0
0
0
0
0
0
0
0
0
0
0
0
0
0
0
0
0
0
0
0
0
0
0
0
0
0
0
0
0
0
0
0
0
0
0
0
0
0
0
0
0
0
0
0
0
0
0
0
0
0
0
0
0
0
0
0
0
0
0
0
0
0
0
0
0
0
0
0
0
0
0
0
0
0
0
0
0
0
0
0
0
0
0
0
0
0
0
0
0
0
0
0
0
0
0
0
0
0
0
0
0
0
0
0
0
0
0
0
0
0
0
0
0
0
0
0
0
0
0
0
0
0
0
0
0
0
0
0
0
0
0
0
0
0
0
0
0
0
0
0
0
0
0
0
0
0
0
0
0
0
0
0
0
0
0
0
0
0
0
0
0
0
0
0
0
0
0
0
0
0
0
0
0
0
0
0
0
0
0
0
0
0
0
0
0
0
0
0
0
0
0
0
0
0
$MCA_CAL:
3
-1.4656616 2.9313233 0.00000000000000
$ENER_FIT:
-1.4656616 2.9313233 0.00000000000000
$MCA_CAL_DATA:
3
298 872
597 1749
896 2625
$CAMBIO:
Parent file specification: C:\GADRAS-DRF\Temp\parallelGUI3\60CO_125.0_300.0_iron_1.53_6.0.pcf
Successful read of spectrum: Yes
Error message: None
Warning: None
Information: None
Neutrons: 0
Number of spectral records in the parent file: 1
Record number of this spectrum in the parent file: 1
Date and time of acquisition read successfully from the original file: Yes
Live time read successfully from the original file: Yes
True time read successfully from the original file: Yes
GADRAS Tag character is:  
Version: 130122
Parent file type: Sandia GADRAS PCF
