$SPEC_ID:
60CO,1uC{0,0}
$MEAS_TIM:
3600.00 3600.00
$DATE_MEA:
3/9/2018 5:22:25 PM
$DATA:
0 1193
105.045
99.597
94.193
88.787
83.381
77.982
71.934
65.435
58.934
52.423
48.446
45.733
43.032
40.305
39.936
40.520
41.082
41.656
42.577
43.618
44.653
45.670
46.146
46.448
46.755
47.034
47.096
47.087
47.081
47.065
47.097
47.176
47.254
47.317
47.367
47.418
47.471
47.516
47.538
47.537
47.543
47.596
47.717
47.868
48.009
48.136
48.270
48.407
48.528
48.600
48.598
48.573
48.554
48.456
48.280
48.063
47.826
47.564
47.264
46.950
46.653
46.404
46.188
46.003
45.889
45.869
45.948
46.094
46.295
46.618
47.095
47.684
48.309
48.865
49.216
49.225
48.909
48.331
47.427
46.145
44.702
43.344
42.065
40.803
39.629
38.637
37.756
36.862
35.956
35.102
34.296
33.483
32.657
31.879
31.182
30.526
29.866
29.199
28.532
27.870
27.213
26.564
25.938
25.341
24.759
24.170
23.567
22.962
22.363
21.789
21.254
20.751
20.248
19.730
19.228
18.782
18.396
18.035
17.664
17.281
16.896
16.514
16.136
15.756
15.381
15.025
14.700
14.407
14.145
13.909
13.688
13.471
13.247
13.021
12.796
12.573
12.349
12.118
11.883
11.659
11.459
11.292
11.154
11.037
10.937
10.846
10.755
10.660
10.563
10.466
10.369
10.273
10.177
10.081
9.986
9.895
9.811
9.733
9.658
9.586
9.516
9.446
9.376
9.307
9.238
9.169
9.101
9.035
8.973
8.915
8.861
8.810
8.760
8.710
8.661
8.611
8.560
8.509
8.457
8.407
8.357
8.308
8.262
8.216
8.173
8.132
8.092
8.053
8.016
7.982
7.950
7.921
7.895
7.871
7.848
7.825
7.803
7.781
7.760
7.739
7.718
7.696
7.675
7.653
7.633
7.614
7.597
7.583
7.570
7.558
7.546
7.536
7.526
7.516
7.506
7.497
7.487
7.477
7.468
7.459
7.451
7.447
7.446
7.448
7.452
7.457
7.461
7.464
7.466
7.468
7.469
7.469
7.469
7.469
7.469
7.470
7.472
7.474
7.477
7.480
7.484
7.488
7.492
7.497
7.501
7.506
7.511
7.516
7.522
7.528
7.535
7.544
7.554
7.565
7.578
7.591
7.604
7.617
7.630
7.643
7.658
7.673
7.691
7.710
7.731
7.752
7.774
7.796
7.819
7.842
7.866
7.892
7.919
7.948
7.979
8.011
8.046
8.082
8.119
8.156
8.193
8.229
8.264
8.297
8.329
8.360
8.388
8.414
8.438
8.458
8.476
8.491
8.504
8.517
8.533
8.551
8.574
8.597
8.617
8.628
8.627
8.611
8.582
8.545
8.504
8.462
8.424
8.389
8.355
8.320
8.281
8.237
8.186
8.126
8.058
7.979
7.889
7.788
7.678
7.560
7.438
7.313
7.187
7.062
6.938
6.815
6.694
6.577
6.462
6.353
6.249
6.153
6.064
5.984
5.912
5.847
5.789
5.735
5.686
5.641
5.599
5.562
5.528
5.498
5.472
5.448
5.421
5.392
5.357
5.314
5.262
5.205
5.144
5.084
5.026
4.974
4.926
4.883
4.841
4.799
4.756
4.710
4.662
4.610
4.556
4.499
4.441
4.381
4.326
4.278
4.244
4.228
4.235
4.270
4.338
4.444
4.592
4.788
5.036
5.341
5.703
6.125
6.609
7.155
7.766
8.440
9.166
9.930
10.722
11.527
12.335
13.129
13.894
14.612
15.265
15.832
16.298
16.645
16.867
16.964
16.935
16.780
16.494
16.081
15.547
14.912
14.188
13.397
12.551
11.669
10.766
9.857
8.954
8.072
7.226
6.427
5.690
5.016
4.408
3.867
3.393
2.989
2.654
2.390
2.192
2.061
1.993
1.986
2.039
2.150
2.317
2.539
2.815
3.145
3.526
3.959
4.440
4.963
5.523
6.114
6.731
7.367
8.017
8.671
9.318
9.947
10.546
11.103
11.608
12.050
12.423
12.722
12.940
13.073
13.115
13.061
12.909
12.668
12.344
11.947
11.484
10.962
10.392
9.780
9.139
8.478
7.808
7.138
6.480
5.843
5.235
4.657
4.114
3.605
3.135
2.705
2.318
1.973
1.668
1.401
1.168
0.966
0.793
0.646
0.522
0.419
0.334
0.265
0.210
0.165
0.129
0.100
0.076
0.058
0.043
0.032
0.024
0.018
0.013
0.009
0.006
0.004
0.002
0.001
0.000
-0.000
-0.000
-0.001
-0.001
-0.000
-0.000
-0.000
0.000
0.000
0.000
0.000
0.000
0.000
0.000
0.000
0.000
-0.000
-0.000
-0.000
-0.000
0.000
0.000
0.000
0.000
0.000
0.000
0.000
0.000
0.000
0.000
0.000
0.000
0.000
0.000
0.000
0.000
0.000
0.000
0.000
0.000
0.000
0.000
0.000
0.000
0.000
0.000
0.000
0.000
0.000
0.000
0.000
0.000
0.000
0.000
0.000
0.000
0.000
0.000
0.000
0.000
0.000
0.000
0.000
0.000
0.000
0.000
0.000
0.000
0.000
0.000
0.000
0.000
0.000
0.000
0.000
0.000
0.000
0.000
0.000
0.000
0.000
0.000
0.000
0.000
0.000
0.000
0.000
0.000
0.000
0.000
0.000
0.000
0.000
0.000
0.000
0.000
0.000
0.000
0.000
0.000
0.000
0.000
0.000
0.000
0.000
0.000
0.000
0.000
0.000
0.000
0.000
0.000
0.000
0.000
0.000
0.000
0.000
0.000
0.000
0.000
0.000
0.000
0.000
0.000
0.000
0.000
0.000
0.000
0.000
0.000
0.000
0.000
0.000
0.000
0.000
0.000
0.000
0.000
0.000
0.000
0.000
0.000
0.000
0.000
0.000
0.000
0.000
0.000
0.000
0.000
0.000
0.000
0.000
0.000
0.000
0.000
0.000
0.000
0.000
0.000
0.000
0.000
0.000
0.000
0.000
0.000
0.000
0.000
0.000
0.000
0.000
0.000
0.000
0.000
0.000
0.000
0.000
0.000
0.000
0.000
0.000
0.000
0.000
0.000
0.000
0.000
0.000
0.000
0.000
0.000
0.000
0.000
0.000
0.000
0.000
0.000
0.000
0.000
0.000
0.000
0.000
0.000
0.000
0.000
0.000
0.000
0.000
0.000
0.000
0.000
0.000
0.000
0.000
0.000
0.000
0.000
0.000
0.000
0.000
0.000
0.000
0.000
0.000
0.000
0.000
0.000
0.000
0.000
0.000
0.000
0.000
0.000
0.000
0.000
0.000
0.000
0.000
0.000
0.000
0.000
0.000
0.000
0.000
0.000
0.000
0.000
0.000
0.000
0.000
0.000
0.000
0.000
0.000
0.000
0.000
0.000
0.000
0.000
0.000
0.000
0.000
0.000
0.000
0.000
0.000
0.000
0.000
0.000
0.000
0.000
0.000
0.000
0.000
0.000
0.000
0.000
0.000
0.000
0.000
0.000
0.000
0.000
0.000
0.000
0.000
0.000
0.000
0.000
0.000
0.000
0.000
0.000
0.000
0.000
0.000
0.000
0.000
0.000
0.000
0.000
0.000
0.000
0.000
0.000
0.000
0.000
0.000
0.000
0.000
0.000
0.000
0.000
0.000
0.000
0.000
0.000
0.000
0.000
0.000
0.000
0.000
0.000
0.000
0.000
0.000
0.000
0.000
0.000
0.000
0.000
0.000
0.000
0.000
0.000
0.000
0.000
0.000
0.000
0.000
0.000
0.000
0.000
0.000
0.000
0.000
0.000
0.000
0.000
0.000
0.000
0.000
0.000
0.000
0.000
0.000
0.000
0.000
0.000
0.000
0.000
0.000
0.000
0.000
0.000
0.000
0.000
0.000
0.000
0.000
0.000
0.000
0.000
0.000
0.000
0.000
0.000
0.000
0.000
0.000
0.000
0.000
0.000
0.000
0.000
0.000
0.000
0.000
0.000
0.000
0.000
0.000
0.000
0.000
0.000
0.000
0.000
0.000
0.000
0.000
0.000
0.000
0.000
0.000
0.000
0.000
0.000
0.000
0.000
0.000
0.000
0.000
0.000
0.000
0.000
0.000
0.000
0.000
0.000
0.000
0.000
0.000
0.000
0.000
0.000
0.000
0.000
0.000
0.000
0.000
0.000
0.000
0.000
0.000
-0.000
-0.000
-0.000
-0.000
-0.000
-0.000
-0.000
-0.000
-0.000
-0.000
-0.000
0.000
0.000
0.000
0.000
0.000
0.000
0.000
0.000
0.000
0.000
0.000
-0.000
-0.000
-0.000
-0.000
-0.000
-0.000
-0.000
-0.000
-0.000
-0.000
-0.000
-0.000
0.000
0.000
0.000
0.000
0.000
0.000
0
0
0
0
0
0
0
0
0
0
0
0
0
0
0
0
0
0
0
0
0
0
0
0
0
0
0
0
0
0
0
0
0
0
0
0
0
0
0
0
0
0
0
0
0
0
0
0
0
0
0
0
0
0
0
0
0
0
0
0
0
0
0
0
0
0
0
0
0
0
0
0
0
0
0
0
0
0
0
0
0
0
0
0
0
0
0
0
0
0
0
0
0
0
0
0
0
0
0
0
0
0
0
0
0
0
0
0
0
0
0
0
0
0
0
0
0
0
0
0
0
0
0
0
0
0
0
0
0
0
0
0
0
0
0
0
0
0
0
0
0
0
0
0
0
0
0
0
0
0
0
0
0
0
0
0
0
0
0
0
0
0
0
0
0
0
0
0
0
0
0
0
0
0
0
0
0
0
0
0
0
0
0
0
0
0
0
0
0
0
0
0
0
0
0
0
0
0
0
0
0
0
0
0
0
0
0
0
0
0
0
0
0
0
0
0
$MCA_CAL:
3
-1.4656616 2.9313233 0.00000000000000
$ENER_FIT:
-1.4656616 2.9313233 0.00000000000000
$MCA_CAL_DATA:
3
298 872
597 1749
896 2625
$CAMBIO:
Parent file specification: C:\GADRAS-DRF\Temp\parallelGUI3\60CO_125.0_300.0_none_0_7.5.pcf
Successful read of spectrum: Yes
Error message: None
Warning: None
Information: None
Neutrons: 0
Number of spectral records in the parent file: 1
Record number of this spectrum in the parent file: 1
Date and time of acquisition read successfully from the original file: Yes
Live time read successfully from the original file: Yes
True time read successfully from the original file: Yes
GADRAS Tag character is:  
Version: 130122
Parent file type: Sandia GADRAS PCF
