$SPEC_ID:
60CO,1uC{13,7.49}
$MEAS_TIM:
3600.00 3600.00
$DATE_MEA:
3/9/2018 5:22:25 PM
$DATA:
0 1193
134.123
127.072
123.759
233.174
227.126
200.855
177.734
156.970
140.394
125.134
116.578
110.537
105.646
102.070
101.591
102.893
104.525
107.245
111.043
115.434
119.809
124.260
127.530
128.348
129.579
130.572
131.118
131.463
131.830
132.347
133.067
133.998
134.452
134.151
133.746
133.333
133.054
132.547
131.318
129.940
128.619
127.270
125.876
124.540
123.412
122.616
121.965
121.199
120.380
119.532
118.585
117.578
116.568
115.467
114.235
112.968
111.712
110.454
109.175
107.874
106.616
105.484
104.329
102.916
101.323
99.775
98.315
96.891
95.500
94.184
92.948
91.762
90.576
89.318
87.942
86.486
84.999
83.424
81.662
79.718
77.717
75.760
73.870
72.054
70.309
68.624
66.995
65.431
63.942
62.501
61.057
59.587
58.178
56.940
55.903
54.991
54.116
53.245
52.368
51.483
50.601
49.735
48.897
48.076
47.259
46.436
45.603
44.758
43.912
43.103
42.369
41.726
41.142
40.586
40.036
39.494
38.963
38.444
37.934
37.426
36.917
36.405
35.891
35.374
34.858
34.346
33.845
33.359
32.892
32.451
32.035
31.638
31.245
30.851
30.451
30.046
29.639
29.231
28.826
28.429
28.045
27.675
27.322
26.987
26.671
26.371
26.080
25.796
25.514
25.234
24.952
24.670
24.387
24.105
23.827
23.554
23.287
23.025
22.766
22.509
22.257
22.009
21.769
21.537
21.311
21.090
20.872
20.655
20.441
20.230
20.022
19.819
19.619
19.421
19.224
19.027
18.831
18.638
18.449
18.268
18.093
17.922
17.754
17.587
17.420
17.252
17.086
16.922
16.761
16.602
16.446
16.292
16.138
15.987
15.839
15.695
15.557
15.426
15.300
15.177
15.055
14.933
14.808
14.683
14.559
14.439
14.322
14.211
14.105
14.003
13.904
13.810
13.717
13.626
13.536
13.445
13.354
13.263
13.175
13.092
13.015
12.946
12.885
12.827
12.772
12.717
12.662
12.605
12.548
12.492
12.435
12.380
12.325
12.272
12.220
12.170
12.122
12.074
12.028
11.983
11.938
11.893
11.847
11.802
11.758
11.714
11.671
11.630
11.590
11.552
11.516
11.481
11.448
11.416
11.386
11.357
11.328
11.300
11.272
11.245
11.220
11.196
11.175
11.156
11.140
11.127
11.116
11.106
11.098
11.092
11.087
11.083
11.081
11.081
11.083
11.086
11.090
11.096
11.102
11.109
11.117
11.125
11.132
11.139
11.145
11.150
11.152
11.153
11.153
11.150
11.148
11.144
11.140
11.134
11.127
11.118
11.106
11.091
11.072
11.049
11.021
10.990
10.952
10.909
10.861
10.807
10.749
10.687
10.622
10.554
10.486
10.415
10.342
10.264
10.183
10.095
10.001
9.898
9.790
9.676
9.558
9.436
9.311
9.185
9.058
8.932
8.807
8.685
8.565
8.450
8.340
8.235
8.135
8.040
7.951
7.866
7.787
7.713
7.645
7.581
7.523
7.470
7.422
7.378
7.338
7.299
7.258
7.214
7.166
7.110
7.048
6.980
6.909
6.839
6.772
6.710
6.656
6.612
6.574
6.541
6.512
6.484
6.456
6.425
6.394
6.365
6.343
6.331
6.336
6.359
6.406
6.479
6.581
6.712
6.874
7.068
7.296
7.560
7.859
8.193
8.559
8.958
9.387
9.845
10.330
10.839
11.367
11.902
12.438
12.964
13.475
13.959
14.409
14.818
15.180
15.485
15.729
15.904
16.003
16.021
15.954
15.806
15.580
15.285
14.922
14.497
14.014
13.482
12.903
12.291
11.654
11.000
10.342
9.685
9.043
8.421
7.827
7.264
6.738
6.254
5.816
5.431
5.103
4.835
4.625
4.473
4.378
4.339
4.355
4.426
4.551
4.726
4.948
5.214
5.518
5.858
6.230
6.629
7.052
7.492
7.944
8.400
8.855
9.301
9.733
10.142
10.524
10.873
11.183
11.453
11.678
11.854
11.976
12.041
12.044
11.987
11.871
11.700
11.479
11.210
10.896
10.541
10.149
9.723
9.269
8.794
8.301
7.798
7.289
6.780
6.277
5.785
5.307
4.844
4.398
3.972
3.568
3.188
2.834
2.508
2.210
1.939
1.693
1.471
1.271
1.093
0.935
0.795
0.673
0.566
0.474
0.395
0.328
0.271
0.223
0.183
0.149
0.120
0.097
0.077
0.061
0.049
0.039
0.031
0.024
0.019
0.015
0.011
0.008
0.005
0.003
0.002
0.001
0.000
-0.000
-0.001
-0.001
-0.001
-0.001
-0.001
-0.000
-0.000
0.000
0.000
0.000
0.000
0.000
0.000
0.000
0.000
0.000
0.000
0.000
-0.000
-0.000
-0.000
-0.000
-0.000
0.000
0.000
0.000
0.000
0.000
0.000
0.000
0.000
0.000
0.000
0.000
0.000
0.000
0.000
0.000
0.000
0.000
0.000
0.000
0.000
0.000
0.000
0.000
0.000
0.000
0.000
0.000
0.000
0.000
0.000
0.000
0.000
0.000
0.000
0.000
0.000
0.000
0.000
0.000
0.000
0.000
0.000
0.000
0.000
0.000
0.000
0.000
0.000
0.000
0.000
0.000
0.000
0.000
0.000
0.000
0.000
0.000
0.000
0.000
0.000
0.000
0.000
0.000
0.000
0.000
0.000
0.000
0.000
0.000
0.000
0.000
0.000
0.000
0.000
0.000
0.000
0.000
0.000
0.000
0.000
0.000
0.000
0.000
0.000
0.000
0.000
0.000
0.000
0.000
0.000
0.000
0.000
0.000
0.000
0.000
0.000
0.000
0.000
0.000
0.000
0.000
0.000
0.000
0.000
0.000
0.000
0.000
0.000
0.000
0.000
0.000
0.000
0.000
0.000
0.000
0.000
0.000
0.000
0.000
0.000
0.000
0.000
0.000
0.000
0.000
0.000
0.000
0.000
0.000
0.000
0.000
0.000
0.000
0.000
0.000
0.000
0.000
0.000
0.000
0.000
0.000
0.000
0.000
0.000
0.000
0.000
0.000
0.000
0.000
0.000
0.000
0.000
0.000
0.000
0.000
0.000
0.000
0.000
0.000
0.000
0.000
0.000
0.000
0.000
0.000
0.000
0.000
0.000
0.000
0.000
0.000
0.000
0.000
0.000
0.000
0.000
0.000
0.000
0.000
0.000
0.000
0.000
0.000
0.000
0.000
0.000
0.000
0.000
0.000
0.000
0.000
0.000
0.000
0.000
0.000
0.000
0.000
0.000
0.000
0.000
0.000
0.000
0.000
0.000
0.000
0.000
0.000
0.000
0.000
0.000
0.000
0.000
0.000
0.000
0.000
0.000
0.000
0.000
0.000
0.000
0.000
0.000
0.000
0.000
0.000
0.000
0.000
0.000
0.000
0.000
0.000
0.000
0.000
0.000
0.000
0.000
0.000
0.000
0.000
0.000
0.000
0.000
0.000
0.000
0.000
0.000
0.000
0.000
0.000
0.000
0.000
0.000
0.000
0.000
0.000
0.000
0.000
0.000
0.000
0.000
0.000
0.000
0.000
0.000
0.000
0.000
0.000
0.000
0.000
0.000
0.000
0.000
0.000
0.000
0.000
0.000
0.000
0.000
0.000
0.000
0.000
0.000
0.000
0.000
0.000
0.000
0.000
0.000
0.000
0.000
0.000
0.000
0.000
0.000
0.000
0.000
0.000
0.000
0.000
0.000
0.000
0.000
0.000
0.000
0.000
0.000
0.000
0.000
0.000
0.000
0.000
0.000
0.000
0.000
0.000
0.000
0.000
0.000
0.000
0.000
0.000
0.000
0.000
0.000
0.000
0.000
0.000
0.000
0.000
0.000
0.000
0.000
0.000
0.000
0.000
0.000
0.000
0.000
0.000
0.000
0.000
0.000
0.000
0.000
0.000
0.000
0.000
0.000
0.000
0.000
0.000
0.000
0.000
0.000
0.000
0.000
0.000
0.000
0.000
0.000
0.000
0.000
0.000
0.000
0.000
0.000
0.000
0.000
0.000
0.000
0.000
0.000
0.000
0.000
0.000
0.000
0.000
0.000
0.000
0.000
0.000
0.000
0.000
0.000
0.000
0.000
0.000
0.000
0.000
0.000
0.000
0.000
0.000
0.000
0.000
0.000
0.000
0.000
0.000
0.000
0.000
0.000
0.000
0.000
0.000
0.000
0.000
0.000
0.000
0.000
0.000
-0.000
-0.000
-0.000
-0.000
-0.000
-0.000
-0.000
-0.000
-0.000
-0.000
-0.000
-0.000
-0.000
0.000
0.000
0.000
0.000
0.000
0.000
0.000
0.000
0.000
0.000
0.000
0.000
0.000
0.000
-0.000
-0.000
-0.000
-0.000
-0.000
-0.000
-0.000
-0.000
-0.000
-0.000
-0.000
-0.000
-0.000
-0.000
0.000
0.000
0.000
0.000
0.000
0.000
0.000
0
0
0
0
0
0
0
0
0
0
0
0
0
0
0
0
0
0
0
0
0
0
0
0
0
0
0
0
0
0
0
0
0
0
0
0
0
0
0
0
0
0
0
0
0
0
0
0
0
0
0
0
0
0
0
0
0
0
0
0
0
0
0
0
0
0
0
0
0
0
0
0
0
0
0
0
0
0
0
0
0
0
0
0
0
0
0
0
0
0
0
0
0
0
0
0
0
0
0
0
0
0
0
0
0
0
0
0
0
0
0
0
0
0
0
0
0
0
0
0
0
0
0
0
0
0
0
0
0
0
0
0
0
0
0
0
0
0
0
0
0
0
0
0
0
0
0
0
0
0
0
0
0
0
0
0
0
0
0
0
0
0
0
0
0
0
0
0
0
0
0
0
0
0
0
0
0
0
0
0
0
0
0
0
0
0
0
0
0
0
0
0
0
0
0
0
0
$MCA_CAL:
3
-1.4656616 2.9313233 0.00000000000000
$ENER_FIT:
-1.4656616 2.9313233 0.00000000000000
$MCA_CAL_DATA:
3
298 872
597 1749
896 2625
$CAMBIO:
Parent file specification: C:\GADRAS-DRF\Temp\parallelGUI3\60CO_50.0_237.5_alum_7.49_9.0.pcf
Successful read of spectrum: Yes
Error message: None
Warning: None
Information: None
Neutrons: 0
Number of spectral records in the parent file: 1
Record number of this spectrum in the parent file: 1
Date and time of acquisition read successfully from the original file: Yes
Live time read successfully from the original file: Yes
True time read successfully from the original file: Yes
GADRAS Tag character is:  
Version: 130122
Parent file type: Sandia GADRAS PCF
