$SPEC_ID:
60CO,1uC{82,0.92}
$MEAS_TIM:
3600.00 3600.00
$DATE_MEA:
3/9/2018 5:22:25 PM
$DATA:
0 1193
365.976
346.872
328.826
332.315
309.347
288.573
266.053
242.322
219.040
195.786
181.358
171.254
161.246
151.204
148.651
149.070
149.433
149.944
151.413
153.228
155.103
156.991
158.424
159.508
160.606
161.611
161.697
161.436
161.219
160.978
160.813
160.732
160.604
160.353
160.039
159.722
159.405
159.239
159.369
159.553
159.763
160.195
161.020
161.979
162.912
163.787
164.598
165.370
166.090
166.599
166.909
167.168
167.455
167.801
168.199
168.646
169.159
169.865
170.827
171.892
173.070
174.690
176.722
178.784
181.078
184.193
188.041
192.157
196.573
201.567
206.858
211.808
215.665
217.607
217.236
214.523
209.507
202.273
193.256
183.643
174.498
165.864
157.559
149.945
143.710
138.892
134.565
129.984
125.500
121.708
118.618
115.727
112.710
109.855
107.538
105.752
104.164
102.496
100.703
98.810
96.901
95.161
93.758
92.611
91.514
90.298
88.994
87.680
86.427
85.300
84.355
83.594
82.932
82.293
81.649
81.037
80.485
79.993
79.530
79.058
78.576
78.086
77.599
77.115
76.635
76.153
75.673
75.203
74.745
74.303
73.868
73.436
72.998
72.560
72.123
71.688
71.255
70.815
70.367
69.916
69.481
69.076
68.713
68.375
68.047
67.714
67.372
67.029
66.684
66.344
66.003
65.662
65.318
64.974
64.639
64.315
64.010
63.718
63.439
63.167
62.901
62.636
62.374
62.114
61.855
61.599
61.348
61.104
60.865
60.631
60.400
60.172
59.946
59.719
59.493
59.268
59.040
58.812
58.580
58.349
58.118
57.889
57.667
57.452
57.243
57.040
56.842
56.648
56.457
56.272
56.092
55.916
55.746
55.583
55.427
55.278
55.135
54.998
54.864
54.726
54.589
54.450
54.312
54.173
54.038
53.906
53.781
53.667
53.564
53.474
53.392
53.320
53.246
53.172
53.099
53.025
52.950
52.874
52.802
52.735
52.679
52.635
52.612
52.607
52.610
52.623
52.635
52.643
52.643
52.640
52.633
52.621
52.606
52.593
52.581
52.572
52.574
52.582
52.598
52.617
52.641
52.664
52.684
52.706
52.726
52.747
52.768
52.793
52.821
52.854
52.894
52.942
52.998
53.061
53.132
53.206
53.282
53.358
53.438
53.520
53.609
53.706
53.816
53.934
54.060
54.196
54.335
54.477
54.624
54.774
54.930
55.094
55.270
55.457
55.653
55.858
56.068
56.281
56.494
56.708
56.921
57.131
57.338
57.544
57.745
57.937
58.116
58.280
58.422
58.534
58.624
58.698
58.769
58.844
58.941
59.063
59.201
59.334
59.435
59.480
59.439
59.306
59.081
58.800
58.485
58.167
57.864
57.603
57.364
57.122
56.862
56.557
56.188
55.736
55.215
54.634
54.009
53.347
52.668
51.975
51.275
50.560
49.834
49.097
48.342
47.577
46.806
46.043
45.291
44.567
43.875
43.230
42.625
42.063
41.542
41.055
40.606
40.188
39.804
39.447
39.120
38.819
38.546
38.295
38.064
37.842
37.613
37.371
37.101
36.793
36.437
36.047
35.635
35.224
34.824
34.457
34.134
33.867
33.633
33.420
33.218
33.007
32.777
32.514
32.242
31.981
31.763
31.611
31.557
31.622
31.835
32.211
32.763
33.511
34.467
35.651
37.073
38.750
40.687
42.892
45.368
48.129
51.175
54.518
58.115
61.920
65.876
69.922
74.012
78.081
82.083
85.937
89.582
92.940
95.944
98.507
100.574
102.065
102.962
103.275
103.003
102.153
100.714
98.706
96.120
93.020
89.460
85.537
81.299
76.836
72.209
67.491
62.754
58.044
53.433
48.963
44.703
40.700
37.021
33.696
30.743
28.166
25.975
24.177
22.779
21.792
21.218
21.048
21.267
21.861
22.814
24.115
25.745
27.694
29.933
32.432
35.159
38.078
41.161
44.370
47.677
51.041
54.418
57.758
61.013
64.126
67.057
69.748
72.150
74.233
75.973
77.354
78.347
78.946
79.117
78.854
78.128
76.969
75.406
73.481
71.220
68.660
65.845
62.799
59.566
56.185
52.700
49.147
45.576
42.021
38.533
35.145
31.901
28.805
25.866
23.095
20.496
18.081
15.853
13.824
11.994
10.354
8.891
7.594
6.449
5.445
4.571
3.812
3.159
2.601
2.129
1.734
1.406
1.136
0.915
0.733
0.582
0.458
0.358
0.278
0.215
0.167
0.130
0.101
0.078
0.058
0.042
0.029
0.019
0.012
0.006
0.002
-0.001
-0.002
-0.003
-0.003
-0.003
-0.002
-0.002
-0.001
0.000
0.001
0.001
0.001
0.001
0.001
0.001
0.001
0.000
0.000
-0.000
-0.000
-0.000
-0.000
-0.000
0.000
0.000
0.000
0.000
0.000
0.000
0.000
0.000
0.000
0.000
0.000
0.000
0.000
0.000
0.000
0.000
0.000
0.000
0.000
0.000
0.000
0.000
0.000
0.000
0.000
0.000
0.000
0.000
0.000
0.000
0.000
0.000
0.000
0.000
0.000
0.000
0.000
0.000
0.000
0.000
0.000
0.000
0.000
0.000
0.000
0.000
0.000
0.000
0.000
0.000
0.000
0.000
0.000
0.000
0.000
0.000
0.000
0.000
0.000
0.000
0.000
0.000
0.000
0.000
0.000
0.000
0.000
0.000
0.000
0.000
0.000
0.000
0.000
0.000
0.000
0.000
0.000
0.000
0.000
0.000
0.000
0.000
0.000
0.000
0.000
0.000
0.000
0.000
0.000
0.000
0.000
0.000
0.000
0.000
0.000
0.000
0.000
0.000
0.000
0.000
0.000
0.000
0.000
0.000
0.000
0.000
0.000
0.000
0.000
0.000
0.000
0.000
0.000
0.000
0.000
0.000
0.000
0.000
0.000
0.000
0.000
0.000
0.000
0.000
0.000
0.000
0.000
0.000
0.000
0.000
0.000
0.000
0.000
0.000
0.000
0.000
0.000
0.000
0.000
0.000
0.000
0.000
0.000
0.000
0.000
0.000
0.000
0.000
0.000
0.000
0.000
0.000
0.000
0.000
0.000
0.000
0.000
0.000
0.000
0.000
0.000
0.000
0.000
0.000
0.000
0.000
0.000
0.000
0.000
0.000
0.000
0.000
0.000
0.000
0.000
0.000
0.000
0.000
0.000
0.000
0.000
0.000
0.000
0.000
0.000
0.000
0.000
0.000
0.000
0.000
0.000
0.000
0.000
0.000
0.000
0.000
0.000
0.000
0.000
0.000
0.000
0.000
0.000
0.000
0.000
0.000
0.000
0.000
0.000
0.000
0.000
0.000
0.000
0.000
0.000
0.000
0.000
0.000
0.000
0.000
0.000
0.000
0.000
0.000
0.000
0.000
0.000
0.000
0.000
0.000
0.000
0.000
0.000
0.000
0.000
0.000
0.000
0.000
0.000
0.000
0.000
0.000
0.000
0.000
0.000
0.000
0.000
0.000
0.000
0.000
0.000
0.000
0.000
0.000
0.000
0.000
0.000
0.000
0.000
0.000
0.000
0.000
0.000
0.000
0.000
0.000
0.000
0.000
0.000
0.000
0.000
0.000
0.000
0.000
0.000
0.000
0.000
0.000
0.000
0.000
0.000
0.000
0.000
0.000
0.000
0.000
0.000
0.000
0.000
0.000
0.000
0.000
0.000
0.000
0.000
0.000
0.000
0.000
0.000
0.000
0.000
0.000
0.000
0.000
0.000
0.000
0.000
0.000
0.000
0.000
0.000
0.000
0.000
0.000
0.000
0.000
0.000
0.000
0.000
0.000
0.000
0.000
0.000
0.000
0.000
0.000
0.000
0.000
0.000
0.000
0.000
0.000
0.000
0.000
0.000
0.000
0.000
0.000
0.000
0.000
0.000
0.000
0.000
0.000
0.000
0.000
0.000
0.000
0.000
0.000
0.000
0.000
0.000
0.000
0.000
0.000
0.000
0.000
0.000
0.000
0.000
0.000
0.000
0.000
0.000
0.000
0.000
0.000
0.000
0.000
0.000
0.000
0.000
0.000
0.000
0.000
0.000
0.000
0.000
0.000
0.000
0.000
0.000
0.000
0.000
0.000
0.000
0.000
0.000
0.000
0.000
0.000
0.000
0.000
0.000
0.000
0.000
0.000
0.000
0.000
0.000
0.000
0.000
0.000
0.000
0.000
0.000
0.000
-0.000
-0.000
-0.000
-0.000
-0.000
-0.000
-0.000
-0.000
-0.000
-0.000
-0.000
-0.000
0.000
0.000
0.000
0.000
0.000
0.000
0.000
0.000
0.000
0.000
0.000
0.000
0.000
-0.000
-0.000
-0.000
-0.000
-0.000
-0.000
-0.000
-0.000
-0.000
-0.000
-0.000
-0.000
-0.000
0.000
0.000
0.000
0.000
0.000
0.000
0.000
0
0
0
0
0
0
0
0
0
0
0
0
0
0
0
0
0
0
0
0
0
0
0
0
0
0
0
0
0
0
0
0
0
0
0
0
0
0
0
0
0
0
0
0
0
0
0
0
0
0
0
0
0
0
0
0
0
0
0
0
0
0
0
0
0
0
0
0
0
0
0
0
0
0
0
0
0
0
0
0
0
0
0
0
0
0
0
0
0
0
0
0
0
0
0
0
0
0
0
0
0
0
0
0
0
0
0
0
0
0
0
0
0
0
0
0
0
0
0
0
0
0
0
0
0
0
0
0
0
0
0
0
0
0
0
0
0
0
0
0
0
0
0
0
0
0
0
0
0
0
0
0
0
0
0
0
0
0
0
0
0
0
0
0
0
0
0
0
0
0
0
0
0
0
0
0
0
0
0
0
0
0
0
0
0
0
0
0
0
0
0
0
0
0
0
0
0
0
0
0
0
0
0
0
0
0
$MCA_CAL:
3
-1.4656616 2.9313233 0.00000000000000
$ENER_FIT:
-1.4656616 2.9313233 0.00000000000000
$MCA_CAL_DATA:
3
298 872
597 1749
896 2625
$CAMBIO:
Parent file specification: C:\GADRAS-DRF\Temp\parallelGUI3\60CO_100.0_112.5_lead_0.92_8.5.pcf
Successful read of spectrum: Yes
Error message: None
Warning: None
Information: None
Neutrons: 0
Number of spectral records in the parent file: 1
Record number of this spectrum in the parent file: 1
Date and time of acquisition read successfully from the original file: Yes
Live time read successfully from the original file: Yes
True time read successfully from the original file: Yes
GADRAS Tag character is:  
Version: 130122
Parent file type: Sandia GADRAS PCF
