$SPEC_ID:
67GA,1uC{13,4.18}
$MEAS_TIM:
3600.00 3600.00
$DATE_MEA:
3/9/2018 5:22:25 PM
$DATA:
0 1193
122.517
153.686
143.473
182.818
142.872
112.620
89.493
73.801
63.359
56.134
52.599
51.733
54.368
59.747
65.792
72.488
80.681
91.410
104.414
121.080
139.751
162.493
180.585
186.843
187.490
187.231
189.272
199.040
223.252
262.083
304.181
319.201
278.602
209.609
146.800
111.946
96.659
90.031
85.623
81.819
78.627
75.734
73.441
71.844
70.750
71.373
73.041
75.158
77.027
77.760
77.097
75.151
72.362
69.249
66.068
63.371
61.951
62.750
66.821
74.058
82.720
89.953
92.565
87.893
76.860
62.309
47.982
36.524
29.212
25.169
23.050
21.624
20.222
18.621
16.923
15.342
14.124
13.353
12.885
12.597
12.404
12.250
12.098
11.928
11.734
11.521
11.297
11.072
10.856
10.668
10.542
10.560
10.829
11.491
12.700
14.615
17.373
20.892
24.954
29.032
32.359
34.292
34.368
32.401
28.828
24.192
19.134
14.308
10.121
6.822
4.487
2.942
1.993
1.462
1.177
1.030
0.962
0.930
0.922
0.932
0.963
1.019
1.113
1.266
1.499
1.827
2.260
2.800
3.427
4.114
4.805
5.417
5.868
6.108
6.104
5.839
5.359
4.716
3.971
3.199
2.471
1.829
1.293
0.879
0.577
0.367
0.228
0.142
0.091
0.062
0.046
0.038
0.034
0.032
0.032
0.033
0.034
0.037
0.040
0.044
0.048
0.054
0.059
0.065
0.071
0.076
0.080
0.083
0.083
0.082
0.079
0.074
0.068
0.062
0.055
0.048
0.042
0.037
0.033
0.029
0.027
0.025
0.023
0.022
0.021
0.021
0.021
0.021
0.021
0.020
0.020
0.020
0.020
0.020
0.020
0.020
0.020
0.020
0.019
0.019
0.019
0.019
0.019
0.019
0.018
0.018
0.018
0.018
0.018
0.018
0.018
0.018
0.017
0.017
0.017
0.017
0.017
0.017
0.016
0.016
0.016
0.016
0.015
0.015
0.015
0.015
0.015
0.015
0.014
0.014
0.014
0.014
0.014
0.014
0.014
0.014
0.014
0.014
0.014
0.014
0.013
0.013
0.013
0.012
0.012
0.011
0.011
0.010
0.010
0.009
0.009
0.009
0.009
0.009
0.009
0.009
0.010
0.011
0.012
0.013
0.014
0.015
0.017
0.018
0.020
0.021
0.023
0.024
0.025
0.025
0.026
0.025
0.025
0.024
0.023
0.022
0.021
0.019
0.018
0.016
0.015
0.014
0.013
0.012
0.012
0.012
0.013
0.014
0.016
0.018
0.020
0.023
0.026
0.029
0.033
0.036
0.039
0.042
0.045
0.047
0.049
0.050
0.051
0.050
0.049
0.048
0.045
0.043
0.040
0.036
0.033
0.029
0.025
0.022
0.019
0.016
0.013
0.011
0.008
0.007
0.005
0.004
0.003
0.002
0.002
0.001
0.001
0.001
0.000
0.000
0.000
0.000
0.000
0.000
0.000
0.000
0.000
0.000
0.000
0.000
0.000
-0.000
-0.000
-0.000
-0.000
-0.000
0.000
0.000
0.000
0.000
0.000
-0.000
-0.000
-0.000
-0.000
-0.000
-0.000
0.000
0.000
0.000
0
0
0
0
0
0
0
0
0
0
0
0
0
0
0
0
0
0
0
0
0
0
0
0
0
0
0
0
0
0
0
0
0
0
0
0
0
0
0
0
0
0
0
0
0
0
0
0
0
0
0
0
0
0
0
0
0
0
0
0
0
0
0
0
0
0
0
0
0
0
0
0
0
0
0
0
0
0
0
0
0
0
0
0
0
0
0
0
0
0
0
0
0
0
0
0
0
0
0
0
0
0
0
0
0
0
0
0
0
0
0
0
0
0
0
0
0
0
0
0
0
0
0
0
0
0
0
0
0
0
0
0
0
0
0
0
0
0
0
0
0
0
0
0
0
0
0
0
0
0
0
0
0
0
0
0
0
0
0
0
0
0
0
0
0
0
0
0
0
0
0
0
0
0
0
0
0
0
0
0
0
0
0
0
0
0
0
0
0
0
0
0
0
0
0
0
0
0
0
0
0
0
0
0
0
0
0
0
0
0
0
0
0
0
0
0
0
0
0
0
0
0
0
0
0
0
0
0
0
0
0
0
0
0
0
0
0
0
0
0
0
0
0
0
0
0
0
0
0
0
0
0
0
0
0
0
0
0
0
0
0
0
0
0
0
0
0
0
0
0
0
0
0
0
0
0
0
0
0
0
0
0
0
0
0
0
0
0
0
0
0
0
0
0
0
0
0
0
0
0
0
0
0
0
0
0
0
0
0
0
0
0
0
0
0
0
0
0
0
0
0
0
0
0
0
0
0
0
0
0
0
0
0
0
0
0
0
0
0
0
0
0
0
0
0
0
0
0
0
0
0
0
0
0
0
0
0
0
0
0
0
0
0
0
0
0
0
0
0
0
0
0
0
0
0
0
0
0
0
0
0
0
0
0
0
0
0
0
0
0
0
0
0
0
0
0
0
0
0
0
0
0
0
0
0
0
0
0
0
0
0
0
0
0
0
0
0
0
0
0
0
0
0
0
0
0
0
0
0
0
0
0
0
0
0
0
0
0
0
0
0
0
0
0
0
0
0
0
0
0
0
0
0
0
0
0
0
0
0
0
0
0
0
0
0
0
0
0
0
0
0
0
0
0
0
0
0
0
0
0
0
0
0
0
0
0
0
0
0
0
0
0
0
0
0
0
0
0
0
0
0
0
0
0
0
0
0
0
0
0
0
0
0
0
0
0
0
0
0
0
0
0
0
0
0
0
0
0
0
0
0
0
0
0
0
0
0
0
0
0
0
0
0
0
0
0
0
0
0
0
0
0
0
0
0
0
0
0
0
0
0
0
0
0
0
0
0
0
0
0
0
0
0
0
0
0
0
0
0
0
0
0
0
0
0
0
0
0
0
0
0
0
0
0
0
0
0
0
0
0
0
0
0
0
0
0
0
0
0
0
0
0
0
0
0
0
0
0
0
0
0
0
0
0
0
0
0
0
0
0
0
0
0
0
0
0
0
0
0
0
0
0
0
0
0
0
0
0
0
0
0
0
0
0
0
0
0
0
0
0
0
0
0
0
0
0
0
0
0
0
0
0
0
0
0
0
0
0
0
0
0
0
0
0
0
0
0
0
0
0
0
0
0
0
0
0
0
0
0
0
0
0
0
0
0
0
0
0
0
0
0
0
0
0
0
0
0
0
0
0
0
0
0
0
0
0
0
0
0
0
0
0
0
0
0
0
0
0
0
0
0
0
0
0
0
0
0
0
0
0
0
0
0
0
0
0
0
0
0
0
0
0
0
0
0
0
0
0
0
0
0
0
0
0
0
0
0
0
0
0
0
0
0
0
0
0
0
0
0
0
0
0
0
0
0
0
0
0
0
0
0
0
0
0
0
0
0
0
0
0
0
0
0
0
0
0
0
0
0
0
0
0
0
0
0
0
0
0
0
0
0
0
0
0
$MCA_CAL:
3
-1.4656616 2.9313233 0.00000000000000
$ENER_FIT:
-1.4656616 2.9313233 0.00000000000000
$MCA_CAL_DATA:
3
298 872
597 1749
896 2625
$CAMBIO:
Parent file specification: C:\GADRAS-DRF\Temp\parallelGUI3\67GA_100.0_237.5_alum_4.18_7.0.pcf
Successful read of spectrum: Yes
Error message: None
Warning: None
Information: None
Neutrons: 0
Number of spectral records in the parent file: 1
Record number of this spectrum in the parent file: 1
Date and time of acquisition read successfully from the original file: Yes
Live time read successfully from the original file: Yes
True time read successfully from the original file: Yes
GADRAS Tag character is:  
Version: 130122
Parent file type: Sandia GADRAS PCF
