$SPEC_ID:
67GA,1uC{13,13.16}
$MEAS_TIM:
3600.00 3600.00
$DATE_MEA:
3/9/2018 5:22:25 PM
$DATA:
0 1193
47.896
56.391
51.765
115.182
94.346
75.265
60.632
50.470
44.159
39.626
37.778
37.626
39.924
44.279
49.351
54.492
60.687
68.883
78.119
88.380
96.413
105.746
112.594
113.654
113.925
114.942
116.334
118.595
122.655
128.652
136.926
138.859
121.679
96.981
78.784
70.084
66.183
63.279
60.460
57.859
55.585
53.530
51.726
50.307
49.146
49.284
49.792
50.563
51.043
50.743
49.628
47.868
45.822
43.913
42.253
40.648
39.422
38.953
39.751
42.146
45.416
48.588
49.514
46.381
40.118
32.507
25.718
21.384
19.057
17.989
17.469
16.841
15.944
14.870
13.759
12.736
11.926
11.439
11.142
10.857
10.591
10.348
10.105
9.858
9.608
9.357
9.104
8.846
8.588
8.333
8.085
7.861
7.692
7.631
7.756
8.206
9.111
10.542
12.448
14.607
16.561
17.661
17.569
16.207
13.862
11.016
8.149
5.697
3.815
2.529
1.741
1.308
1.100
0.998
0.947
0.920
0.904
0.893
0.883
0.876
0.871
0.872
0.884
0.911
0.965
1.065
1.230
1.464
1.767
2.126
2.517
2.893
3.176
3.310
3.277
3.073
2.730
2.293
1.817
1.359
0.965
0.648
0.415
0.255
0.154
0.096
0.065
0.049
0.040
0.036
0.034
0.033
0.033
0.032
0.032
0.032
0.032
0.033
0.034
0.035
0.037
0.040
0.043
0.046
0.050
0.053
0.055
0.057
0.057
0.055
0.053
0.049
0.045
0.040
0.035
0.031
0.028
0.025
0.023
0.021
0.020
0.020
0.019
0.019
0.018
0.018
0.018
0.018
0.018
0.018
0.018
0.017
0.017
0.017
0.017
0.017
0.017
0.016
0.016
0.016
0.016
0.016
0.015
0.015
0.015
0.015
0.015
0.015
0.015
0.014
0.014
0.014
0.014
0.014
0.014
0.014
0.014
0.013
0.013
0.013
0.013
0.013
0.012
0.012
0.012
0.012
0.012
0.012
0.011
0.011
0.011
0.011
0.011
0.011
0.011
0.011
0.011
0.011
0.011
0.011
0.011
0.011
0.010
0.010
0.009
0.009
0.009
0.008
0.008
0.008
0.007
0.007
0.007
0.007
0.007
0.007
0.007
0.008
0.008
0.009
0.010
0.010
0.011
0.013
0.014
0.015
0.016
0.017
0.017
0.018
0.018
0.018
0.018
0.017
0.016
0.015
0.014
0.012
0.011
0.010
0.009
0.008
0.007
0.007
0.006
0.006
0.007
0.007
0.008
0.009
0.011
0.012
0.015
0.017
0.019
0.022
0.024
0.027
0.029
0.031
0.032
0.033
0.034
0.033
0.032
0.031
0.029
0.027
0.024
0.021
0.018
0.016
0.013
0.011
0.009
0.007
0.005
0.004
0.003
0.002
0.002
0.001
0.001
0.000
0.000
0.000
0.000
0.000
0.000
0.000
0.000
0.000
0.000
-0.000
-0.000
-0.000
-0.000
-0.000
0.000
0.000
0.000
0.000
-0.000
-0.000
-0.000
-0.000
-0.000
0.000
0.000
0
0
0
0
0
0
0
0
0
0
0
0
0
0
0
0
0
0
0
0
0
0
0
0
0
0
0
0
0
0
0
0
0
0
0
0
0
0
0
0
0
0
0
0
0
0
0
0
0
0
0
0
0
0
0
0
0
0
0
0
0
0
0
0
0
0
0
0
0
0
0
0
0
0
0
0
0
0
0
0
0
0
0
0
0
0
0
0
0
0
0
0
0
0
0
0
0
0
0
0
0
0
0
0
0
0
0
0
0
0
0
0
0
0
0
0
0
0
0
0
0
0
0
0
0
0
0
0
0
0
0
0
0
0
0
0
0
0
0
0
0
0
0
0
0
0
0
0
0
0
0
0
0
0
0
0
0
0
0
0
0
0
0
0
0
0
0
0
0
0
0
0
0
0
0
0
0
0
0
0
0
0
0
0
0
0
0
0
0
0
0
0
0
0
0
0
0
0
0
0
0
0
0
0
0
0
0
0
0
0
0
0
0
0
0
0
0
0
0
0
0
0
0
0
0
0
0
0
0
0
0
0
0
0
0
0
0
0
0
0
0
0
0
0
0
0
0
0
0
0
0
0
0
0
0
0
0
0
0
0
0
0
0
0
0
0
0
0
0
0
0
0
0
0
0
0
0
0
0
0
0
0
0
0
0
0
0
0
0
0
0
0
0
0
0
0
0
0
0
0
0
0
0
0
0
0
0
0
0
0
0
0
0
0
0
0
0
0
0
0
0
0
0
0
0
0
0
0
0
0
0
0
0
0
0
0
0
0
0
0
0
0
0
0
0
0
0
0
0
0
0
0
0
0
0
0
0
0
0
0
0
0
0
0
0
0
0
0
0
0
0
0
0
0
0
0
0
0
0
0
0
0
0
0
0
0
0
0
0
0
0
0
0
0
0
0
0
0
0
0
0
0
0
0
0
0
0
0
0
0
0
0
0
0
0
0
0
0
0
0
0
0
0
0
0
0
0
0
0
0
0
0
0
0
0
0
0
0
0
0
0
0
0
0
0
0
0
0
0
0
0
0
0
0
0
0
0
0
0
0
0
0
0
0
0
0
0
0
0
0
0
0
0
0
0
0
0
0
0
0
0
0
0
0
0
0
0
0
0
0
0
0
0
0
0
0
0
0
0
0
0
0
0
0
0
0
0
0
0
0
0
0
0
0
0
0
0
0
0
0
0
0
0
0
0
0
0
0
0
0
0
0
0
0
0
0
0
0
0
0
0
0
0
0
0
0
0
0
0
0
0
0
0
0
0
0
0
0
0
0
0
0
0
0
0
0
0
0
0
0
0
0
0
0
0
0
0
0
0
0
0
0
0
0
0
0
0
0
0
0
0
0
0
0
0
0
0
0
0
0
0
0
0
0
0
0
0
0
0
0
0
0
0
0
0
0
0
0
0
0
0
0
0
0
0
0
0
0
0
0
0
0
0
0
0
0
0
0
0
0
0
0
0
0
0
0
0
0
0
0
0
0
0
0
0
0
0
0
0
0
0
0
0
0
0
0
0
0
0
0
0
0
0
0
0
0
0
0
0
0
0
0
0
0
0
0
0
0
0
0
0
0
0
0
0
0
0
0
0
0
0
0
0
0
0
0
0
0
0
0
0
0
0
0
0
0
0
0
0
0
0
0
0
0
0
0
0
0
0
0
0
0
0
0
0
0
0
0
0
0
0
0
0
0
0
0
0
0
0
0
0
0
0
0
0
0
0
0
0
0
0
0
0
0
0
0
0
0
0
0
0
0
0
0
0
0
0
0
0
0
0
0
0
0
0
0
0
0
0
0
0
0
0
0
0
0
0
0
0
0
0
0
0
0
0
0
0
0
0
0
0
0
0
0
0
0
0
0
0
0
0
0
0
0
0
0
0
0
0
0
0
0
0
0
0
0
0
0
0
0
0
0
0
0
0
$MCA_CAL:
3
-1.4656616 2.9313233 0.00000000000000
$ENER_FIT:
-1.4656616 2.9313233 0.00000000000000
$MCA_CAL_DATA:
3
298 872
597 1749
896 2625
$CAMBIO:
Parent file specification: C:\GADRAS-DRF\Temp\parallelGUI3\67GA_50.0_237.5_alum_13.16_6.0.pcf
Successful read of spectrum: Yes
Error message: None
Warning: None
Information: None
Neutrons: 0
Number of spectral records in the parent file: 1
Record number of this spectrum in the parent file: 1
Date and time of acquisition read successfully from the original file: Yes
Live time read successfully from the original file: Yes
True time read successfully from the original file: Yes
GADRAS Tag character is:  
Version: 130122
Parent file type: Sandia GADRAS PCF
