$SPEC_ID:
67GA,1uC{82,0.51}
$MEAS_TIM:
3600.00 3600.00
$DATE_MEA:
3/9/2018 5:22:25 PM
$DATA:
0 1193
95.019
101.657
94.107
82.994
68.376
55.246
44.402
36.786
30.640
26.337
23.617
21.786
21.335
21.363
21.716
22.448
23.561
24.906
26.147
27.354
28.970
31.292
33.368
34.666
35.657
36.652
38.016
40.327
44.179
50.604
59.724
67.733
69.885
67.071
63.367
60.639
58.427
55.863
52.991
50.263
48.113
46.504
45.648
45.881
46.625
48.766
52.475
56.569
60.085
61.610
60.835
58.198
54.459
50.315
46.180
42.643
40.489
40.716
44.395
51.960
62.308
72.390
77.337
74.351
63.762
49.334
35.505
25.521
19.975
17.755
17.120
16.688
15.807
14.443
12.922
11.583
10.633
10.070
9.779
9.656
9.606
9.550
9.461
9.355
9.239
9.109
8.963
8.799
8.623
8.454
8.332
8.332
8.573
9.262
10.688
13.136
16.868
21.890
27.986
34.357
39.828
43.322
43.887
41.394
36.383
29.734
22.640
16.057
10.612
6.641
3.965
2.328
1.422
0.949
0.729
0.633
0.592
0.576
0.573
0.581
0.604
0.656
0.752
0.918
1.188
1.594
2.167
2.926
3.851
4.908
6.006
7.012
7.799
8.263
8.313
7.946
7.230
6.246
5.125
4.000
2.968
2.086
1.400
0.897
0.548
0.322
0.187
0.109
0.066
0.046
0.035
0.030
0.029
0.028
0.028
0.029
0.031
0.034
0.038
0.043
0.049
0.057
0.066
0.076
0.085
0.094
0.101
0.105
0.106
0.105
0.100
0.093
0.084
0.074
0.064
0.055
0.046
0.039
0.034
0.030
0.027
0.024
0.023
0.022
0.022
0.021
0.021
0.021
0.021
0.021
0.021
0.021
0.021
0.021
0.021
0.021
0.020
0.020
0.020
0.020
0.020
0.020
0.020
0.019
0.019
0.019
0.019
0.019
0.019
0.019
0.019
0.018
0.018
0.018
0.018
0.018
0.018
0.018
0.017
0.017
0.017
0.016
0.016
0.016
0.016
0.016
0.015
0.015
0.015
0.015
0.015
0.015
0.015
0.015
0.015
0.015
0.015
0.015
0.015
0.015
0.015
0.014
0.013
0.013
0.012
0.011
0.010
0.010
0.009
0.008
0.008
0.008
0.007
0.007
0.008
0.008
0.009
0.010
0.011
0.013
0.014
0.016
0.019
0.021
0.023
0.025
0.028
0.029
0.031
0.032
0.032
0.032
0.031
0.030
0.029
0.027
0.025
0.022
0.020
0.018
0.016
0.014
0.013
0.012
0.011
0.011
0.012
0.014
0.016
0.018
0.022
0.025
0.030
0.034
0.039
0.045
0.050
0.054
0.059
0.062
0.065
0.067
0.068
0.067
0.066
0.063
0.060
0.056
0.051
0.046
0.041
0.036
0.031
0.026
0.022
0.018
0.014
0.011
0.009
0.007
0.005
0.004
0.003
0.002
0.001
0.001
0.001
0.000
0.000
0.000
0.000
0.000
0.000
0.000
0.000
0.000
0.000
0.000
0.000
0.000
-0.000
-0.000
-0.000
-0.000
0.000
0.000
0.000
0
0
0
0
0
0
0
0
0
0
0
0
0
0
0
0
0
0
0
0
0
0
0
0
0
0
0
0
0
0
0
0
0
0
0
0
0
0
0
0
0
0
0
0
0
0
0
0
0
0
0
0
0
0
0
0
0
0
0
0
0
0
0
0
0
0
0
0
0
0
0
0
0
0
0
0
0
0
0
0
0
0
0
0
0
0
0
0
0
0
0
0
0
0
0
0
0
0
0
0
0
0
0
0
0
0
0
0
0
0
0
0
0
0
0
0
0
0
0
0
0
0
0
0
0
0
0
0
0
0
0
0
0
0
0
0
0
0
0
0
0
0
0
0
0
0
0
0
0
0
0
0
0
0
0
0
0
0
0
0
0
0
0
0
0
0
0
0
0
0
0
0
0
0
0
0
0
0
0
0
0
0
0
0
0
0
0
0
0
0
0
0
0
0
0
0
0
0
0
0
0
0
0
0
0
0
0
0
0
0
0
0
0
0
0
0
0
0
0
0
0
0
0
0
0
0
0
0
0
0
0
0
0
0
0
0
0
0
0
0
0
0
0
0
0
0
0
0
0
0
0
0
0
0
0
0
0
0
0
0
0
0
0
0
0
0
0
0
0
0
0
0
0
0
0
0
0
0
0
0
0
0
0
0
0
0
0
0
0
0
0
0
0
0
0
0
0
0
0
0
0
0
0
0
0
0
0
0
0
0
0
0
0
0
0
0
0
0
0
0
0
0
0
0
0
0
0
0
0
0
0
0
0
0
0
0
0
0
0
0
0
0
0
0
0
0
0
0
0
0
0
0
0
0
0
0
0
0
0
0
0
0
0
0
0
0
0
0
0
0
0
0
0
0
0
0
0
0
0
0
0
0
0
0
0
0
0
0
0
0
0
0
0
0
0
0
0
0
0
0
0
0
0
0
0
0
0
0
0
0
0
0
0
0
0
0
0
0
0
0
0
0
0
0
0
0
0
0
0
0
0
0
0
0
0
0
0
0
0
0
0
0
0
0
0
0
0
0
0
0
0
0
0
0
0
0
0
0
0
0
0
0
0
0
0
0
0
0
0
0
0
0
0
0
0
0
0
0
0
0
0
0
0
0
0
0
0
0
0
0
0
0
0
0
0
0
0
0
0
0
0
0
0
0
0
0
0
0
0
0
0
0
0
0
0
0
0
0
0
0
0
0
0
0
0
0
0
0
0
0
0
0
0
0
0
0
0
0
0
0
0
0
0
0
0
0
0
0
0
0
0
0
0
0
0
0
0
0
0
0
0
0
0
0
0
0
0
0
0
0
0
0
0
0
0
0
0
0
0
0
0
0
0
0
0
0
0
0
0
0
0
0
0
0
0
0
0
0
0
0
0
0
0
0
0
0
0
0
0
0
0
0
0
0
0
0
0
0
0
0
0
0
0
0
0
0
0
0
0
0
0
0
0
0
0
0
0
0
0
0
0
0
0
0
0
0
0
0
0
0
0
0
0
0
0
0
0
0
0
0
0
0
0
0
0
0
0
0
0
0
0
0
0
0
0
0
0
0
0
0
0
0
0
0
0
0
0
0
0
0
0
0
0
0
0
0
0
0
0
0
0
0
0
0
0
0
0
0
0
0
0
0
0
0
0
0
0
0
0
0
0
0
0
0
0
0
0
0
0
0
0
0
0
0
0
0
0
0
0
0
0
0
0
0
0
0
0
0
0
0
0
0
0
0
0
0
0
0
0
0
0
0
0
0
0
0
0
0
0
0
0
0
0
0
0
0
0
0
0
0
0
0
0
0
0
0
0
0
0
0
0
0
0
0
0
0
0
0
0
0
0
0
0
0
0
0
0
0
0
0
0
0
0
0
0
0
0
0
0
0
0
0
0
0
0
0
0
0
0
0
0
0
0
0
0
0
0
0
0
0
0
0
0
0
0
0
0
$MCA_CAL:
3
-1.4656616 2.9313233 0.00000000000000
$ENER_FIT:
-1.4656616 2.9313233 0.00000000000000
$MCA_CAL_DATA:
3
298 872
597 1749
896 2625
$CAMBIO:
Parent file specification: C:\GADRAS-DRF\Temp\parallelGUI3\67GA_150.0_237.5_lead_0.51_6.5.pcf
Successful read of spectrum: Yes
Error message: None
Warning: None
Information: None
Neutrons: 0
Number of spectral records in the parent file: 1
Record number of this spectrum in the parent file: 1
Date and time of acquisition read successfully from the original file: Yes
Live time read successfully from the original file: Yes
True time read successfully from the original file: Yes
GADRAS Tag character is:  
Version: 130122
Parent file type: Sandia GADRAS PCF
