$SPEC_ID:
67GA,1uC{26,11.02}
$MEAS_TIM:
3600.00 3600.00
$DATE_MEA:
3/9/2018 5:22:25 PM
$DATA:
0 1193
75.536
78.474
71.578
112.128
93.194
75.881
62.188
52.658
46.040
41.222
38.330
36.056
34.751
33.899
33.371
33.248
33.649
34.845
36.855
39.558
44.124
49.588
53.252
53.413
53.449
54.019
56.416
60.088
65.612
75.319
89.629
101.711
102.479
93.865
86.381
82.820
80.692
78.232
75.583
73.741
73.097
73.159
73.793
75.409
77.278
80.852
85.024
88.626
90.537
90.290
88.705
86.839
85.214
83.790
82.328
81.030
80.894
83.621
91.708
106.854
126.946
146.838
156.848
149.131
126.577
97.224
70.751
54.213
46.425
44.207
44.195
43.570
41.564
38.536
35.208
32.341
30.408
29.365
28.878
28.596
28.423
28.302
28.186
28.041
27.859
27.662
27.447
27.198
26.917
26.613
26.311
26.134
26.288
26.914
28.284
31.305
36.843
45.304
56.360
68.693
79.953
86.965
87.819
81.750
70.175
55.692
40.891
28.135
18.322
11.643
7.584
5.374
4.329
3.848
3.636
3.549
3.515
3.503
3.501
3.505
3.523
3.574
3.680
3.875
4.215
4.811
5.761
7.095
8.812
10.834
13.038
15.155
16.781
17.605
17.518
16.477
14.663
12.327
9.761
7.290
5.159
3.441
2.178
1.318
0.773
0.457
0.290
0.201
0.156
0.135
0.125
0.121
0.120
0.120
0.121
0.122
0.124
0.128
0.134
0.143
0.155
0.170
0.188
0.208
0.228
0.247
0.262
0.271
0.273
0.266
0.253
0.234
0.212
0.188
0.164
0.142
0.124
0.110
0.100
0.092
0.086
0.083
0.081
0.079
0.079
0.078
0.078
0.077
0.077
0.077
0.076
0.076
0.075
0.075
0.074
0.074
0.074
0.073
0.072
0.072
0.071
0.071
0.070
0.069
0.069
0.068
0.068
0.067
0.067
0.066
0.066
0.065
0.065
0.065
0.064
0.064
0.063
0.063
0.062
0.061
0.060
0.059
0.058
0.058
0.057
0.056
0.055
0.054
0.054
0.053
0.053
0.053
0.053
0.053
0.053
0.053
0.053
0.054
0.053
0.053
0.052
0.051
0.049
0.047
0.045
0.043
0.041
0.039
0.037
0.035
0.034
0.033
0.032
0.032
0.032
0.033
0.034
0.036
0.039
0.042
0.046
0.051
0.056
0.062
0.068
0.074
0.080
0.085
0.088
0.091
0.092
0.091
0.089
0.085
0.081
0.075
0.069
0.062
0.055
0.049
0.044
0.039
0.035
0.033
0.031
0.031
0.033
0.035
0.040
0.046
0.054
0.063
0.074
0.086
0.099
0.112
0.126
0.139
0.151
0.161
0.169
0.174
0.175
0.174
0.169
0.162
0.151
0.139
0.126
0.111
0.096
0.082
0.069
0.056
0.045
0.036
0.027
0.021
0.015
0.011
0.008
0.006
0.004
0.003
0.002
0.001
0.001
0.000
0.000
0.000
0.000
0.000
0.000
-0.000
-0.000
-0.000
-0.000
-0.000
0.000
0.000
0.000
0.000
-0.000
-0.000
-0.000
-0.000
-0.000
0.000
0.000
0
0
0
0
0
0
0
0
0
0
0
0
0
0
0
0
0
0
0
0
0
0
0
0
0
0
0
0
0
0
0
0
0
0
0
0
0
0
0
0
0
0
0
0
0
0
0
0
0
0
0
0
0
0
0
0
0
0
0
0
0
0
0
0
0
0
0
0
0
0
0
0
0
0
0
0
0
0
0
0
0
0
0
0
0
0
0
0
0
0
0
0
0
0
0
0
0
0
0
0
0
0
0
0
0
0
0
0
0
0
0
0
0
0
0
0
0
0
0
0
0
0
0
0
0
0
0
0
0
0
0
0
0
0
0
0
0
0
0
0
0
0
0
0
0
0
0
0
0
0
0
0
0
0
0
0
0
0
0
0
0
0
0
0
0
0
0
0
0
0
0
0
0
0
0
0
0
0
0
0
0
0
0
0
0
0
0
0
0
0
0
0
0
0
0
0
0
0
0
0
0
0
0
0
0
0
0
0
0
0
0
0
0
0
0
0
0
0
0
0
0
0
0
0
0
0
0
0
0
0
0
0
0
0
0
0
0
0
0
0
0
0
0
0
0
0
0
0
0
0
0
0
0
0
0
0
0
0
0
0
0
0
0
0
0
0
0
0
0
0
0
0
0
0
0
0
0
0
0
0
0
0
0
0
0
0
0
0
0
0
0
0
0
0
0
0
0
0
0
0
0
0
0
0
0
0
0
0
0
0
0
0
0
0
0
0
0
0
0
0
0
0
0
0
0
0
0
0
0
0
0
0
0
0
0
0
0
0
0
0
0
0
0
0
0
0
0
0
0
0
0
0
0
0
0
0
0
0
0
0
0
0
0
0
0
0
0
0
0
0
0
0
0
0
0
0
0
0
0
0
0
0
0
0
0
0
0
0
0
0
0
0
0
0
0
0
0
0
0
0
0
0
0
0
0
0
0
0
0
0
0
0
0
0
0
0
0
0
0
0
0
0
0
0
0
0
0
0
0
0
0
0
0
0
0
0
0
0
0
0
0
0
0
0
0
0
0
0
0
0
0
0
0
0
0
0
0
0
0
0
0
0
0
0
0
0
0
0
0
0
0
0
0
0
0
0
0
0
0
0
0
0
0
0
0
0
0
0
0
0
0
0
0
0
0
0
0
0
0
0
0
0
0
0
0
0
0
0
0
0
0
0
0
0
0
0
0
0
0
0
0
0
0
0
0
0
0
0
0
0
0
0
0
0
0
0
0
0
0
0
0
0
0
0
0
0
0
0
0
0
0
0
0
0
0
0
0
0
0
0
0
0
0
0
0
0
0
0
0
0
0
0
0
0
0
0
0
0
0
0
0
0
0
0
0
0
0
0
0
0
0
0
0
0
0
0
0
0
0
0
0
0
0
0
0
0
0
0
0
0
0
0
0
0
0
0
0
0
0
0
0
0
0
0
0
0
0
0
0
0
0
0
0
0
0
0
0
0
0
0
0
0
0
0
0
0
0
0
0
0
0
0
0
0
0
0
0
0
0
0
0
0
0
0
0
0
0
0
0
0
0
0
0
0
0
0
0
0
0
0
0
0
0
0
0
0
0
0
0
0
0
0
0
0
0
0
0
0
0
0
0
0
0
0
0
0
0
0
0
0
0
0
0
0
0
0
0
0
0
0
0
0
0
0
0
0
0
0
0
0
0
0
0
0
0
0
0
0
0
0
0
0
0
0
0
0
0
0
0
0
0
0
0
0
0
0
0
0
0
0
0
0
0
0
0
0
0
0
0
0
0
0
0
0
0
0
0
0
0
0
0
0
0
0
0
0
0
0
0
0
0
0
0
0
0
0
0
0
0
0
0
0
0
0
0
0
0
0
0
0
0
0
0
0
0
0
0
0
0
0
0
0
0
0
0
0
0
0
0
0
0
0
0
0
0
0
0
0
0
0
0
0
0
0
0
$MCA_CAL:
3
-1.4656616 2.9313233 0.00000000000000
$ENER_FIT:
-1.4656616 2.9313233 0.00000000000000
$MCA_CAL_DATA:
3
298 872
597 1749
896 2625
$CAMBIO:
Parent file specification: C:\GADRAS-DRF\Temp\parallelGUI3\67GA_125.0_112.5_iron_11.02_6.0.pcf
Successful read of spectrum: Yes
Error message: None
Warning: None
Information: None
Neutrons: 0
Number of spectral records in the parent file: 1
Record number of this spectrum in the parent file: 1
Date and time of acquisition read successfully from the original file: Yes
Live time read successfully from the original file: Yes
True time read successfully from the original file: Yes
GADRAS Tag character is:  
Version: 130122
Parent file type: Sandia GADRAS PCF
