$SPEC_ID:
67GA,1uC{26,1.53}
$MEAS_TIM:
3600.00 3600.00
$DATE_MEA:
3/9/2018 5:22:25 PM
$DATA:
0 1193
179.227
220.542
206.508
193.798
157.088
122.661
96.086
77.379
64.432
55.688
50.804
48.296
48.535
49.984
51.976
55.215
59.901
66.174
73.711
84.587
101.369
122.241
140.247
150.739
157.976
166.972
180.768
201.597
231.860
268.940
301.610
308.816
277.786
221.007
164.312
125.010
104.032
94.030
88.575
84.852
82.297
80.600
80.218
80.900
82.274
85.009
88.603
92.181
95.026
96.307
95.659
93.300
89.712
85.501
81.386
78.303
77.244
79.101
84.036
91.392
99.399
105.668
107.291
102.686
92.426
78.500
63.904
50.951
41.279
34.803
30.730
28.124
26.116
24.313
22.514
20.799
19.306
18.090
17.173
16.496
15.979
15.559
15.184
14.830
14.487
14.153
13.828
13.524
13.274
13.122
13.151
13.455
14.163
15.423
17.347
19.969
23.284
27.093
31.114
34.911
37.837
39.312
39.163
37.355
34.052
29.694
24.743
19.673
14.959
10.958
7.737
5.311
3.613
2.483
1.767
1.344
1.117
1.000
0.960
0.978
1.043
1.163
1.348
1.610
1.958
2.400
2.935
3.547
4.216
4.907
5.559
6.111
6.514
6.733
6.735
6.512
6.098
5.529
4.848
4.108
3.368
2.676
2.056
1.524
1.098
0.770
0.526
0.352
0.233
0.156
0.108
0.078
0.061
0.052
0.048
0.047
0.047
0.050
0.053
0.058
0.063
0.068
0.074
0.080
0.085
0.089
0.092
0.094
0.094
0.093
0.090
0.086
0.081
0.075
0.068
0.062
0.055
0.049
0.044
0.040
0.036
0.033
0.030
0.028
0.027
0.026
0.025
0.025
0.024
0.024
0.024
0.023
0.023
0.023
0.023
0.022
0.022
0.022
0.022
0.022
0.021
0.021
0.021
0.021
0.021
0.020
0.020
0.020
0.020
0.019
0.019
0.019
0.019
0.019
0.018
0.018
0.018
0.018
0.018
0.017
0.017
0.017
0.017
0.016
0.016
0.016
0.016
0.016
0.015
0.015
0.015
0.015
0.015
0.015
0.015
0.015
0.015
0.014
0.014
0.014
0.014
0.013
0.013
0.012
0.012
0.012
0.011
0.011
0.010
0.010
0.010
0.010
0.010
0.010
0.010
0.011
0.012
0.013
0.014
0.015
0.016
0.017
0.019
0.020
0.021
0.023
0.024
0.025
0.025
0.026
0.026
0.026
0.026
0.025
0.025
0.024
0.023
0.022
0.020
0.020
0.019
0.018
0.018
0.017
0.018
0.018
0.019
0.020
0.022
0.024
0.026
0.029
0.032
0.035
0.038
0.041
0.043
0.046
0.048
0.050
0.051
0.052
0.052
0.052
0.051
0.050
0.048
0.046
0.043
0.041
0.037
0.034
0.031
0.028
0.024
0.021
0.018
0.016
0.013
0.011
0.009
0.008
0.006
0.005
0.004
0.003
0.002
0.002
0.001
0.001
0.001
0.001
0.000
0.000
0.000
0.000
0.000
0.000
0.000
0.000
0.000
0.000
0.000
0.000
-0.000
-0.000
-0.000
-0.000
-0.000
-0.000
0.000
0.000
0.000
0.000
0.000
0.000
0.000
0.000
0.000
0.000
0
0
0
0
0
0
0
0
0
0
0
0
0
0
0
0
0
0
0
0
0
0
0
0
0
0
0
0
0
0
0
0
0
0
0
0
0
0
0
0
0
0
0
0
0
0
0
0
0
0
0
0
0
0
0
0
0
0
0
0
0
0
0
0
0
0
0
0
0
0
0
0
0
0
0
0
0
0
0
0
0
0
0
0
0
0
0
0
0
0
0
0
0
0
0
0
0
0
0
0
0
0
0
0
0
0
0
0
0
0
0
0
0
0
0
0
0
0
0
0
0
0
0
0
0
0
0
0
0
0
0
0
0
0
0
0
0
0
0
0
0
0
0
0
0
0
0
0
0
0
0
0
0
0
0
0
0
0
0
0
0
0
0
0
0
0
0
0
0
0
0
0
0
0
0
0
0
0
0
0
0
0
0
0
0
0
0
0
0
0
0
0
0
0
0
0
0
0
0
0
0
0
0
0
0
0
0
0
0
0
0
0
0
0
0
0
0
0
0
0
0
0
0
0
0
0
0
0
0
0
0
0
0
0
0
0
0
0
0
0
0
0
0
0
0
0
0
0
0
0
0
0
0
0
0
0
0
0
0
0
0
0
0
0
0
0
0
0
0
0
0
0
0
0
0
0
0
0
0
0
0
0
0
0
0
0
0
0
0
0
0
0
0
0
0
0
0
0
0
0
0
0
0
0
0
0
0
0
0
0
0
0
0
0
0
0
0
0
0
0
0
0
0
0
0
0
0
0
0
0
0
0
0
0
0
0
0
0
0
0
0
0
0
0
0
0
0
0
0
0
0
0
0
0
0
0
0
0
0
0
0
0
0
0
0
0
0
0
0
0
0
0
0
0
0
0
0
0
0
0
0
0
0
0
0
0
0
0
0
0
0
0
0
0
0
0
0
0
0
0
0
0
0
0
0
0
0
0
0
0
0
0
0
0
0
0
0
0
0
0
0
0
0
0
0
0
0
0
0
0
0
0
0
0
0
0
0
0
0
0
0
0
0
0
0
0
0
0
0
0
0
0
0
0
0
0
0
0
0
0
0
0
0
0
0
0
0
0
0
0
0
0
0
0
0
0
0
0
0
0
0
0
0
0
0
0
0
0
0
0
0
0
0
0
0
0
0
0
0
0
0
0
0
0
0
0
0
0
0
0
0
0
0
0
0
0
0
0
0
0
0
0
0
0
0
0
0
0
0
0
0
0
0
0
0
0
0
0
0
0
0
0
0
0
0
0
0
0
0
0
0
0
0
0
0
0
0
0
0
0
0
0
0
0
0
0
0
0
0
0
0
0
0
0
0
0
0
0
0
0
0
0
0
0
0
0
0
0
0
0
0
0
0
0
0
0
0
0
0
0
0
0
0
0
0
0
0
0
0
0
0
0
0
0
0
0
0
0
0
0
0
0
0
0
0
0
0
0
0
0
0
0
0
0
0
0
0
0
0
0
0
0
0
0
0
0
0
0
0
0
0
0
0
0
0
0
0
0
0
0
0
0
0
0
0
0
0
0
0
0
0
0
0
0
0
0
0
0
0
0
0
0
0
0
0
0
0
0
0
0
0
0
0
0
0
0
0
0
0
0
0
0
0
0
0
0
0
0
0
0
0
0
0
0
0
0
0
0
0
0
0
0
0
0
0
0
0
0
0
0
0
0
0
0
0
0
0
0
0
0
0
0
0
0
0
0
0
0
0
0
0
0
0
0
0
0
0
0
0
0
0
0
0
0
0
0
0
0
0
0
0
0
0
0
0
0
0
0
0
0
0
0
0
0
0
0
0
0
0
0
0
0
0
0
0
0
0
0
0
0
0
0
0
0
0
0
0
0
0
0
0
0
0
0
0
0
0
0
0
0
0
0
0
0
0
0
0
0
0
0
0
0
0
0
$MCA_CAL:
3
-1.4656616 2.9313233 0.00000000000000
$ENER_FIT:
-1.4656616 2.9313233 0.00000000000000
$MCA_CAL_DATA:
3
298 872
597 1749
896 2625
$CAMBIO:
Parent file specification: C:\GADRAS-DRF\Temp\parallelGUI3\67GA_50.0_237.5_iron_1.53_8.0.pcf
Successful read of spectrum: Yes
Error message: None
Warning: None
Information: None
Neutrons: 0
Number of spectral records in the parent file: 1
Record number of this spectrum in the parent file: 1
Date and time of acquisition read successfully from the original file: Yes
Live time read successfully from the original file: Yes
True time read successfully from the original file: Yes
GADRAS Tag character is:  
Version: 130122
Parent file type: Sandia GADRAS PCF
