$SPEC_ID:
67GA,1uC{26,11.02}
$MEAS_TIM:
3600.00 3600.00
$DATE_MEA:
3/9/2018 5:22:25 PM
$DATA:
0 1193
74.097
77.818
72.710
117.678
94.030
76.712
63.011
53.248
46.374
41.374
38.478
36.268
34.952
34.081
33.544
33.569
33.995
35.285
37.496
40.450
44.498
49.026
52.089
53.290
54.278
55.602
58.306
62.744
69.070
77.611
87.028
94.265
96.354
93.103
88.351
84.030
80.705
78.252
76.343
74.942
74.303
74.465
75.203
76.433
78.440
81.301
84.201
86.532
87.949
88.304
87.775
86.757
85.545
84.475
84.024
84.894
87.893
93.570
101.863
111.344
120.136
126.040
127.225
122.388
112.101
98.363
83.524
70.024
59.138
51.377
46.276
42.803
40.217
37.994
35.896
33.937
32.194
30.804
29.836
29.176
28.701
28.350
28.079
27.852
27.641
27.434
27.252
27.122
27.105
27.268
27.757
28.780
30.504
32.970
36.190
40.178
44.939
50.372
55.935
60.982
64.830
66.748
66.079
62.913
57.758
51.144
43.665
35.938
28.519
21.858
16.379
12.229
9.200
7.061
5.616
4.704
4.166
3.894
3.817
3.867
4.022
4.288
4.673
5.182
5.815
6.573
7.448
8.420
9.472
10.547
11.537
12.330
12.835
13.024
12.880
12.394
11.609
10.588
9.392
8.093
6.773
5.511
4.369
3.368
2.522
1.842
1.318
0.927
0.646
0.454
0.329
0.251
0.202
0.171
0.155
0.147
0.146
0.149
0.154
0.162
0.171
0.180
0.190
0.199
0.208
0.215
0.219
0.221
0.221
0.217
0.212
0.204
0.194
0.182
0.170
0.158
0.145
0.134
0.123
0.114
0.106
0.099
0.094
0.089
0.086
0.083
0.081
0.079
0.078
0.077
0.077
0.076
0.075
0.075
0.074
0.074
0.073
0.073
0.072
0.072
0.071
0.071
0.070
0.070
0.069
0.069
0.068
0.068
0.067
0.066
0.066
0.065
0.065
0.064
0.064
0.063
0.063
0.062
0.062
0.061
0.060
0.059
0.058
0.058
0.057
0.057
0.056
0.056
0.055
0.055
0.054
0.054
0.053
0.053
0.052
0.052
0.051
0.051
0.050
0.049
0.048
0.047
0.046
0.045
0.044
0.043
0.042
0.041
0.041
0.040
0.040
0.040
0.040
0.041
0.042
0.043
0.044
0.046
0.048
0.051
0.053
0.056
0.058
0.061
0.064
0.066
0.068
0.070
0.071
0.072
0.072
0.072
0.071
0.070
0.068
0.067
0.065
0.063
0.061
0.059
0.058
0.057
0.056
0.056
0.057
0.058
0.060
0.063
0.067
0.071
0.076
0.081
0.087
0.093
0.099
0.105
0.110
0.115
0.119
0.122
0.125
0.126
0.126
0.125
0.123
0.120
0.116
0.111
0.106
0.099
0.092
0.085
0.078
0.070
0.063
0.056
0.049
0.043
0.037
0.031
0.026
0.022
0.018
0.015
0.012
0.010
0.008
0.006
0.005
0.004
0.003
0.002
0.002
0.001
0.001
0.001
0.000
0.000
0.000
0.000
0.000
0.000
0.000
0.000
0.000
0.000
0.000
0.000
0.000
0.000
-0.000
-0.000
-0.000
-0.000
-0.000
-0.000
0.000
0.000
0.000
0.000
0
0
0
0
0
0
0
0
0
0
0
0
0
0
0
0
0
0
0
0
0
0
0
0
0
0
0
0
0
0
0
0
0
0
0
0
0
0
0
0
0
0
0
0
0
0
0
0
0
0
0
0
0
0
0
0
0
0
0
0
0
0
0
0
0
0
0
0
0
0
0
0
0
0
0
0
0
0
0
0
0
0
0
0
0
0
0
0
0
0
0
0
0
0
0
0
0
0
0
0
0
0
0
0
0
0
0
0
0
0
0
0
0
0
0
0
0
0
0
0
0
0
0
0
0
0
0
0
0
0
0
0
0
0
0
0
0
0
0
0
0
0
0
0
0
0
0
0
0
0
0
0
0
0
0
0
0
0
0
0
0
0
0
0
0
0
0
0
0
0
0
0
0
0
0
0
0
0
0
0
0
0
0
0
0
0
0
0
0
0
0
0
0
0
0
0
0
0
0
0
0
0
0
0
0
0
0
0
0
0
0
0
0
0
0
0
0
0
0
0
0
0
0
0
0
0
0
0
0
0
0
0
0
0
0
0
0
0
0
0
0
0
0
0
0
0
0
0
0
0
0
0
0
0
0
0
0
0
0
0
0
0
0
0
0
0
0
0
0
0
0
0
0
0
0
0
0
0
0
0
0
0
0
0
0
0
0
0
0
0
0
0
0
0
0
0
0
0
0
0
0
0
0
0
0
0
0
0
0
0
0
0
0
0
0
0
0
0
0
0
0
0
0
0
0
0
0
0
0
0
0
0
0
0
0
0
0
0
0
0
0
0
0
0
0
0
0
0
0
0
0
0
0
0
0
0
0
0
0
0
0
0
0
0
0
0
0
0
0
0
0
0
0
0
0
0
0
0
0
0
0
0
0
0
0
0
0
0
0
0
0
0
0
0
0
0
0
0
0
0
0
0
0
0
0
0
0
0
0
0
0
0
0
0
0
0
0
0
0
0
0
0
0
0
0
0
0
0
0
0
0
0
0
0
0
0
0
0
0
0
0
0
0
0
0
0
0
0
0
0
0
0
0
0
0
0
0
0
0
0
0
0
0
0
0
0
0
0
0
0
0
0
0
0
0
0
0
0
0
0
0
0
0
0
0
0
0
0
0
0
0
0
0
0
0
0
0
0
0
0
0
0
0
0
0
0
0
0
0
0
0
0
0
0
0
0
0
0
0
0
0
0
0
0
0
0
0
0
0
0
0
0
0
0
0
0
0
0
0
0
0
0
0
0
0
0
0
0
0
0
0
0
0
0
0
0
0
0
0
0
0
0
0
0
0
0
0
0
0
0
0
0
0
0
0
0
0
0
0
0
0
0
0
0
0
0
0
0
0
0
0
0
0
0
0
0
0
0
0
0
0
0
0
0
0
0
0
0
0
0
0
0
0
0
0
0
0
0
0
0
0
0
0
0
0
0
0
0
0
0
0
0
0
0
0
0
0
0
0
0
0
0
0
0
0
0
0
0
0
0
0
0
0
0
0
0
0
0
0
0
0
0
0
0
0
0
0
0
0
0
0
0
0
0
0
0
0
0
0
0
0
0
0
0
0
0
0
0
0
0
0
0
0
0
0
0
0
0
0
0
0
0
0
0
0
0
0
0
0
0
0
0
0
0
0
0
0
0
0
0
0
0
0
0
0
0
0
0
0
0
0
0
0
0
0
0
0
0
0
0
0
0
0
0
0
0
0
0
0
0
0
0
0
0
0
0
0
0
0
0
0
0
0
0
0
0
0
0
0
0
0
0
0
0
0
0
0
0
0
0
0
0
0
0
0
0
0
0
0
0
0
0
0
0
0
0
0
0
0
0
0
0
0
0
0
0
0
0
0
0
0
0
0
0
0
0
0
0
0
0
0
0
0
0
0
0
0
0
0
0
0
0
0
0
$MCA_CAL:
3
-1.4656616 2.9313233 0.00000000000000
$ENER_FIT:
-1.4656616 2.9313233 0.00000000000000
$MCA_CAL_DATA:
3
298 872
597 1749
896 2625
$CAMBIO:
Parent file specification: C:\GADRAS-DRF\Temp\parallelGUI3\67GA_125.0_112.5_iron_11.02_8.5.pcf
Successful read of spectrum: Yes
Error message: None
Warning: None
Information: None
Neutrons: 0
Number of spectral records in the parent file: 1
Record number of this spectrum in the parent file: 1
Date and time of acquisition read successfully from the original file: Yes
Live time read successfully from the original file: Yes
True time read successfully from the original file: Yes
GADRAS Tag character is:  
Version: 130122
Parent file type: Sandia GADRAS PCF
