$SPEC_ID:
67GA,1uC{26,1.53}
$MEAS_TIM:
3600.00 3600.00
$DATE_MEA:
3/9/2018 5:22:25 PM
$DATA:
0 1193
213.384
260.781
240.807
227.196
179.415
139.639
110.535
91.077
76.532
66.506
60.559
57.295
57.588
59.389
61.346
63.929
67.911
73.473
81.592
95.903
121.422
158.349
188.094
196.846
193.984
192.582
200.755
226.542
281.429
376.450
493.607
556.434
488.329
341.815
216.299
153.688
131.375
122.072
115.033
109.149
104.754
101.492
99.444
99.053
99.669
102.770
108.447
114.664
119.935
122.323
121.560
118.291
113.439
107.742
101.649
96.341
93.805
96.913
108.909
130.814
159.694
187.549
201.240
193.465
165.313
126.745
89.620
62.634
47.330
40.859
38.742
37.380
35.060
31.650
27.880
24.532
22.118
20.660
19.903
19.567
19.414
19.282
19.111
18.915
18.697
18.459
18.189
17.884
17.553
17.232
16.993
16.985
17.442
18.749
21.423
26.026
33.098
42.651
54.250
66.378
76.821
83.503
84.552
79.718
70.069
57.296
43.664
31.004
20.544
12.936
7.818
4.684
2.946
2.039
1.620
1.438
1.358
1.328
1.319
1.333
1.374
1.466
1.635
1.929
2.411
3.139
4.165
5.526
7.182
9.073
11.037
12.834
14.233
15.048
15.114
14.430
13.118
11.330
9.295
7.255
5.382
3.782
2.538
1.627
0.997
0.589
0.343
0.202
0.124
0.087
0.068
0.059
0.056
0.055
0.055
0.057
0.060
0.065
0.072
0.081
0.092
0.106
0.121
0.138
0.154
0.170
0.181
0.189
0.191
0.188
0.179
0.167
0.151
0.133
0.116
0.099
0.084
0.072
0.062
0.055
0.049
0.045
0.043
0.041
0.040
0.040
0.039
0.039
0.039
0.039
0.039
0.039
0.039
0.038
0.038
0.038
0.038
0.038
0.037
0.037
0.037
0.036
0.036
0.036
0.036
0.035
0.035
0.035
0.035
0.035
0.034
0.034
0.034
0.034
0.033
0.033
0.033
0.033
0.032
0.032
0.031
0.030
0.030
0.029
0.029
0.029
0.028
0.028
0.028
0.027
0.027
0.027
0.027
0.027
0.028
0.028
0.028
0.028
0.028
0.027
0.027
0.026
0.025
0.024
0.022
0.021
0.020
0.018
0.017
0.016
0.015
0.015
0.014
0.014
0.015
0.015
0.017
0.018
0.021
0.023
0.026
0.030
0.034
0.038
0.042
0.046
0.049
0.053
0.055
0.057
0.057
0.057
0.056
0.054
0.051
0.048
0.044
0.040
0.036
0.032
0.028
0.025
0.023
0.021
0.021
0.021
0.022
0.025
0.028
0.033
0.039
0.045
0.053
0.061
0.070
0.078
0.087
0.095
0.103
0.109
0.114
0.117
0.119
0.118
0.115
0.111
0.105
0.098
0.090
0.081
0.072
0.063
0.054
0.045
0.038
0.031
0.025
0.019
0.015
0.012
0.009
0.006
0.005
0.003
0.002
0.002
0.001
0.001
0.000
0.000
0.000
0.000
0.000
0.000
0.000
0.000
0.000
0.000
0.000
0.000
-0.000
-0.000
-0.000
-0.000
0.000
0.000
0.000
0
0
0
0
0
0
0
0
0
0
0
0
0
0
0
0
0
0
0
0
0
0
0
0
0
0
0
0
0
0
0
0
0
0
0
0
0
0
0
0
0
0
0
0
0
0
0
0
0
0
0
0
0
0
0
0
0
0
0
0
0
0
0
0
0
0
0
0
0
0
0
0
0
0
0
0
0
0
0
0
0
0
0
0
0
0
0
0
0
0
0
0
0
0
0
0
0
0
0
0
0
0
0
0
0
0
0
0
0
0
0
0
0
0
0
0
0
0
0
0
0
0
0
0
0
0
0
0
0
0
0
0
0
0
0
0
0
0
0
0
0
0
0
0
0
0
0
0
0
0
0
0
0
0
0
0
0
0
0
0
0
0
0
0
0
0
0
0
0
0
0
0
0
0
0
0
0
0
0
0
0
0
0
0
0
0
0
0
0
0
0
0
0
0
0
0
0
0
0
0
0
0
0
0
0
0
0
0
0
0
0
0
0
0
0
0
0
0
0
0
0
0
0
0
0
0
0
0
0
0
0
0
0
0
0
0
0
0
0
0
0
0
0
0
0
0
0
0
0
0
0
0
0
0
0
0
0
0
0
0
0
0
0
0
0
0
0
0
0
0
0
0
0
0
0
0
0
0
0
0
0
0
0
0
0
0
0
0
0
0
0
0
0
0
0
0
0
0
0
0
0
0
0
0
0
0
0
0
0
0
0
0
0
0
0
0
0
0
0
0
0
0
0
0
0
0
0
0
0
0
0
0
0
0
0
0
0
0
0
0
0
0
0
0
0
0
0
0
0
0
0
0
0
0
0
0
0
0
0
0
0
0
0
0
0
0
0
0
0
0
0
0
0
0
0
0
0
0
0
0
0
0
0
0
0
0
0
0
0
0
0
0
0
0
0
0
0
0
0
0
0
0
0
0
0
0
0
0
0
0
0
0
0
0
0
0
0
0
0
0
0
0
0
0
0
0
0
0
0
0
0
0
0
0
0
0
0
0
0
0
0
0
0
0
0
0
0
0
0
0
0
0
0
0
0
0
0
0
0
0
0
0
0
0
0
0
0
0
0
0
0
0
0
0
0
0
0
0
0
0
0
0
0
0
0
0
0
0
0
0
0
0
0
0
0
0
0
0
0
0
0
0
0
0
0
0
0
0
0
0
0
0
0
0
0
0
0
0
0
0
0
0
0
0
0
0
0
0
0
0
0
0
0
0
0
0
0
0
0
0
0
0
0
0
0
0
0
0
0
0
0
0
0
0
0
0
0
0
0
0
0
0
0
0
0
0
0
0
0
0
0
0
0
0
0
0
0
0
0
0
0
0
0
0
0
0
0
0
0
0
0
0
0
0
0
0
0
0
0
0
0
0
0
0
0
0
0
0
0
0
0
0
0
0
0
0
0
0
0
0
0
0
0
0
0
0
0
0
0
0
0
0
0
0
0
0
0
0
0
0
0
0
0
0
0
0
0
0
0
0
0
0
0
0
0
0
0
0
0
0
0
0
0
0
0
0
0
0
0
0
0
0
0
0
0
0
0
0
0
0
0
0
0
0
0
0
0
0
0
0
0
0
0
0
0
0
0
0
0
0
0
0
0
0
0
0
0
0
0
0
0
0
0
0
0
0
0
0
0
0
0
0
0
0
0
0
0
0
0
0
0
0
0
0
0
0
0
0
0
0
0
0
0
0
0
0
0
0
0
0
0
0
0
0
0
0
0
0
0
0
0
0
0
0
0
0
0
0
0
0
0
0
0
0
0
0
0
0
0
0
0
0
0
0
0
0
0
0
0
0
0
0
0
0
0
0
0
0
0
0
0
0
0
0
0
0
0
0
0
0
0
0
0
0
0
0
0
0
0
0
0
0
0
0
0
0
0
0
0
0
0
0
0
0
0
0
0
0
0
0
0
0
0
0
0
0
0
$MCA_CAL:
3
-1.4656616 2.9313233 0.00000000000000
$ENER_FIT:
-1.4656616 2.9313233 0.00000000000000
$MCA_CAL_DATA:
3
298 872
597 1749
896 2625
$CAMBIO:
Parent file specification: C:\GADRAS-DRF\Temp\parallelGUI3\67GA_100.0_175.0_iron_1.53_6.5.pcf
Successful read of spectrum: Yes
Error message: None
Warning: None
Information: None
Neutrons: 0
Number of spectral records in the parent file: 1
Record number of this spectrum in the parent file: 1
Date and time of acquisition read successfully from the original file: Yes
Live time read successfully from the original file: Yes
True time read successfully from the original file: Yes
GADRAS Tag character is:  
Version: 130122
Parent file type: Sandia GADRAS PCF
