$SPEC_ID:
67GA,1uC{0,0}
$MEAS_TIM:
3600.00 3600.00
$DATE_MEA:
3/9/2018 5:22:25 PM
$DATA:
0 1193
142.309
183.607
172.413
143.399
113.154
87.533
67.881
54.250
44.822
38.706
35.312
33.767
34.207
35.518
37.062
39.279
42.417
46.786
53.072
63.674
80.521
101.006
118.183
127.443
130.597
133.132
140.989
159.707
192.242
234.324
271.350
282.123
255.360
202.124
146.022
104.574
80.947
69.668
64.132
60.754
58.325
56.548
55.385
55.002
55.421
56.585
58.459
60.643
62.516
63.476
63.247
61.868
59.589
56.811
54.099
52.162
51.741
53.313
56.970
62.032
67.340
71.209
72.202
69.265
62.622
53.485
43.471
34.347
27.000
21.746
18.306
16.052
14.493
13.246
12.126
11.128
10.269
9.583
9.084
8.738
8.504
8.339
8.205
8.080
7.955
7.829
7.711
7.617
7.575
7.624
7.821
8.239
8.955
10.041
11.569
13.533
15.867
18.468
21.089
23.450
25.271
26.282
26.237
25.146
23.166
20.479
17.370
14.149
11.076
8.314
6.009
4.218
2.884
1.942
1.319
0.934
0.708
0.589
0.551
0.565
0.623
0.728
0.880
1.084
1.344
1.664
2.037
2.451
2.889
3.329
3.738
4.081
4.328
4.464
4.474
4.349
4.104
3.763
3.351
2.895
2.425
1.972
1.561
1.198
0.891
0.645
0.456
0.315
0.213
0.141
0.094
0.065
0.046
0.035
0.030
0.027
0.027
0.028
0.030
0.033
0.037
0.040
0.044
0.048
0.051
0.054
0.056
0.057
0.057
0.057
0.055
0.053
0.050
0.047
0.043
0.039
0.035
0.031
0.028
0.025
0.022
0.020
0.018
0.017
0.016
0.015
0.015
0.014
0.014
0.014
0.013
0.013
0.013
0.013
0.013
0.013
0.013
0.013
0.013
0.013
0.013
0.013
0.012
0.012
0.012
0.012
0.012
0.012
0.012
0.012
0.012
0.012
0.012
0.011
0.011
0.011
0.011
0.011
0.011
0.011
0.011
0.010
0.010
0.010
0.010
0.010
0.010
0.010
0.010
0.010
0.010
0.010
0.009
0.009
0.009
0.009
0.009
0.009
0.009
0.009
0.008
0.008
0.008
0.008
0.008
0.007
0.007
0.007
0.007
0.006
0.006
0.006
0.007
0.007
0.007
0.007
0.008
0.008
0.009
0.010
0.011
0.011
0.012
0.013
0.014
0.015
0.015
0.016
0.016
0.016
0.017
0.017
0.017
0.016
0.016
0.015
0.015
0.014
0.014
0.013
0.013
0.013
0.013
0.013
0.013
0.013
0.014
0.015
0.016
0.017
0.019
0.020
0.022
0.024
0.025
0.027
0.029
0.030
0.031
0.032
0.033
0.034
0.034
0.034
0.033
0.032
0.031
0.030
0.029
0.027
0.025
0.023
0.021
0.019
0.017
0.015
0.013
0.012
0.010
0.009
0.007
0.006
0.005
0.004
0.003
0.003
0.002
0.002
0.001
0.001
0.001
0.001
0.000
0.000
0.000
0.000
0.000
0.000
0.000
0.000
0.000
0.000
0.000
0.000
0.000
0.000
0.000
0.000
0.000
0.000
-0.000
-0.000
-0.000
-0.000
-0.000
-0.000
0.000
0.000
0.000
0.000
0
0
0
0
0
0
0
0
0
0
0
0
0
0
0
0
0
0
0
0
0
0
0
0
0
0
0
0
0
0
0
0
0
0
0
0
0
0
0
0
0
0
0
0
0
0
0
0
0
0
0
0
0
0
0
0
0
0
0
0
0
0
0
0
0
0
0
0
0
0
0
0
0
0
0
0
0
0
0
0
0
0
0
0
0
0
0
0
0
0
0
0
0
0
0
0
0
0
0
0
0
0
0
0
0
0
0
0
0
0
0
0
0
0
0
0
0
0
0
0
0
0
0
0
0
0
0
0
0
0
0
0
0
0
0
0
0
0
0
0
0
0
0
0
0
0
0
0
0
0
0
0
0
0
0
0
0
0
0
0
0
0
0
0
0
0
0
0
0
0
0
0
0
0
0
0
0
0
0
0
0
0
0
0
0
0
0
0
0
0
0
0
0
0
0
0
0
0
0
0
0
0
0
0
0
0
0
0
0
0
0
0
0
0
0
0
0
0
0
0
0
0
0
0
0
0
0
0
0
0
0
0
0
0
0
0
0
0
0
0
0
0
0
0
0
0
0
0
0
0
0
0
0
0
0
0
0
0
0
0
0
0
0
0
0
0
0
0
0
0
0
0
0
0
0
0
0
0
0
0
0
0
0
0
0
0
0
0
0
0
0
0
0
0
0
0
0
0
0
0
0
0
0
0
0
0
0
0
0
0
0
0
0
0
0
0
0
0
0
0
0
0
0
0
0
0
0
0
0
0
0
0
0
0
0
0
0
0
0
0
0
0
0
0
0
0
0
0
0
0
0
0
0
0
0
0
0
0
0
0
0
0
0
0
0
0
0
0
0
0
0
0
0
0
0
0
0
0
0
0
0
0
0
0
0
0
0
0
0
0
0
0
0
0
0
0
0
0
0
0
0
0
0
0
0
0
0
0
0
0
0
0
0
0
0
0
0
0
0
0
0
0
0
0
0
0
0
0
0
0
0
0
0
0
0
0
0
0
0
0
0
0
0
0
0
0
0
0
0
0
0
0
0
0
0
0
0
0
0
0
0
0
0
0
0
0
0
0
0
0
0
0
0
0
0
0
0
0
0
0
0
0
0
0
0
0
0
0
0
0
0
0
0
0
0
0
0
0
0
0
0
0
0
0
0
0
0
0
0
0
0
0
0
0
0
0
0
0
0
0
0
0
0
0
0
0
0
0
0
0
0
0
0
0
0
0
0
0
0
0
0
0
0
0
0
0
0
0
0
0
0
0
0
0
0
0
0
0
0
0
0
0
0
0
0
0
0
0
0
0
0
0
0
0
0
0
0
0
0
0
0
0
0
0
0
0
0
0
0
0
0
0
0
0
0
0
0
0
0
0
0
0
0
0
0
0
0
0
0
0
0
0
0
0
0
0
0
0
0
0
0
0
0
0
0
0
0
0
0
0
0
0
0
0
0
0
0
0
0
0
0
0
0
0
0
0
0
0
0
0
0
0
0
0
0
0
0
0
0
0
0
0
0
0
0
0
0
0
0
0
0
0
0
0
0
0
0
0
0
0
0
0
0
0
0
0
0
0
0
0
0
0
0
0
0
0
0
0
0
0
0
0
0
0
0
0
0
0
0
0
0
0
0
0
0
0
0
0
0
0
0
0
0
0
0
0
0
0
0
0
0
0
0
0
0
0
0
0
0
0
0
0
0
0
0
0
0
0
0
0
0
0
0
0
0
0
0
0
0
0
0
0
0
0
0
0
0
0
0
0
0
0
0
0
0
0
0
0
0
0
0
0
0
0
0
0
0
0
0
0
0
0
0
0
0
0
0
0
0
0
0
0
0
0
0
0
0
0
0
0
0
0
0
0
0
0
0
0
0
0
0
0
0
0
0
0
0
0
0
0
0
0
0
0
$MCA_CAL:
3
-1.4656616 2.9313233 0.00000000000000
$ENER_FIT:
-1.4656616 2.9313233 0.00000000000000
$MCA_CAL_DATA:
3
298 872
597 1749
896 2625
$CAMBIO:
Parent file specification: C:\GADRAS-DRF\Temp\parallelGUI3\67GA_125.0_300.0_none_0_8.5.pcf
Successful read of spectrum: Yes
Error message: None
Warning: None
Information: None
Neutrons: 0
Number of spectral records in the parent file: 1
Record number of this spectrum in the parent file: 1
Date and time of acquisition read successfully from the original file: Yes
Live time read successfully from the original file: Yes
True time read successfully from the original file: Yes
GADRAS Tag character is:  
Version: 130122
Parent file type: Sandia GADRAS PCF
