$SPEC_ID:
67GA,1uC{13,7.49}
$MEAS_TIM:
3600.00 3600.00
$DATE_MEA:
3/9/2018 5:22:25 PM
$DATA:
0 1193
92.722
111.993
103.669
167.907
130.964
104.990
85.798
72.252
62.947
56.320
53.466
53.362
56.995
64.119
72.217
80.815
90.804
103.573
119.655
139.869
159.141
180.669
196.369
199.166
197.062
197.106
203.203
218.756
249.451
292.950
338.715
355.447
309.316
233.244
163.320
124.948
107.322
99.251
93.950
89.412
85.787
82.816
80.726
79.516
79.005
80.583
83.052
85.515
87.256
87.484
86.147
83.631
80.563
77.526
74.778
72.851
72.587
75.066
81.392
91.306
102.658
111.943
115.271
109.462
95.843
77.991
60.322
46.182
37.350
32.613
30.185
28.557
26.920
25.009
22.944
20.987
19.455
18.473
17.876
17.515
17.280
17.102
16.939
16.766
16.570
16.351
16.117
15.877
15.644
15.442
15.314
15.383
15.793
16.692
18.239
20.675
24.240
28.829
34.121
39.437
43.804
46.367
46.437
43.732
38.885
32.671
25.927
19.488
13.894
9.493
6.392
4.348
3.092
2.389
2.012
1.819
1.731
1.690
1.680
1.696
1.739
1.816
1.941
2.145
2.459
2.901
3.483
4.206
5.042
5.959
6.882
7.693
8.279
8.575
8.534
8.141
7.456
6.552
5.514
4.441
3.432
2.542
1.800
1.227
0.809
0.519
0.327
0.209
0.140
0.099
0.076
0.065
0.059
0.057
0.057
0.058
0.060
0.064
0.068
0.073
0.079
0.086
0.094
0.103
0.111
0.118
0.123
0.126
0.126
0.124
0.119
0.112
0.104
0.095
0.085
0.076
0.067
0.060
0.053
0.048
0.045
0.042
0.040
0.038
0.037
0.036
0.036
0.036
0.036
0.035
0.035
0.035
0.035
0.034
0.034
0.034
0.034
0.034
0.033
0.033
0.033
0.033
0.032
0.032
0.032
0.032
0.031
0.031
0.031
0.031
0.030
0.030
0.030
0.030
0.029
0.029
0.029
0.029
0.028
0.028
0.027
0.027
0.027
0.026
0.026
0.026
0.025
0.025
0.025
0.025
0.025
0.024
0.024
0.024
0.024
0.024
0.024
0.024
0.024
0.023
0.023
0.022
0.022
0.021
0.020
0.019
0.019
0.018
0.017
0.016
0.016
0.016
0.016
0.016
0.016
0.017
0.017
0.019
0.020
0.022
0.023
0.025
0.028
0.030
0.032
0.034
0.036
0.038
0.039
0.040
0.040
0.040
0.039
0.038
0.036
0.034
0.032
0.030
0.028
0.026
0.024
0.022
0.021
0.020
0.020
0.020
0.021
0.023
0.025
0.028
0.032
0.036
0.040
0.045
0.050
0.055
0.060
0.064
0.068
0.072
0.074
0.076
0.076
0.076
0.074
0.072
0.068
0.064
0.059
0.054
0.049
0.044
0.038
0.033
0.028
0.023
0.019
0.016
0.013
0.010
0.008
0.006
0.005
0.003
0.003
0.002
0.001
0.001
0.001
0.000
0.000
0.000
0.000
0.000
0.000
0.000
0.000
0.000
0.000
0.000
0.000
-0.000
-0.000
-0.000
-0.000
-0.000
0.000
0.000
0.000
0.000
0.000
-0.000
-0.000
-0.000
-0.000
-0.000
-0.000
0.000
0.000
0.000
0
0
0
0
0
0
0
0
0
0
0
0
0
0
0
0
0
0
0
0
0
0
0
0
0
0
0
0
0
0
0
0
0
0
0
0
0
0
0
0
0
0
0
0
0
0
0
0
0
0
0
0
0
0
0
0
0
0
0
0
0
0
0
0
0
0
0
0
0
0
0
0
0
0
0
0
0
0
0
0
0
0
0
0
0
0
0
0
0
0
0
0
0
0
0
0
0
0
0
0
0
0
0
0
0
0
0
0
0
0
0
0
0
0
0
0
0
0
0
0
0
0
0
0
0
0
0
0
0
0
0
0
0
0
0
0
0
0
0
0
0
0
0
0
0
0
0
0
0
0
0
0
0
0
0
0
0
0
0
0
0
0
0
0
0
0
0
0
0
0
0
0
0
0
0
0
0
0
0
0
0
0
0
0
0
0
0
0
0
0
0
0
0
0
0
0
0
0
0
0
0
0
0
0
0
0
0
0
0
0
0
0
0
0
0
0
0
0
0
0
0
0
0
0
0
0
0
0
0
0
0
0
0
0
0
0
0
0
0
0
0
0
0
0
0
0
0
0
0
0
0
0
0
0
0
0
0
0
0
0
0
0
0
0
0
0
0
0
0
0
0
0
0
0
0
0
0
0
0
0
0
0
0
0
0
0
0
0
0
0
0
0
0
0
0
0
0
0
0
0
0
0
0
0
0
0
0
0
0
0
0
0
0
0
0
0
0
0
0
0
0
0
0
0
0
0
0
0
0
0
0
0
0
0
0
0
0
0
0
0
0
0
0
0
0
0
0
0
0
0
0
0
0
0
0
0
0
0
0
0
0
0
0
0
0
0
0
0
0
0
0
0
0
0
0
0
0
0
0
0
0
0
0
0
0
0
0
0
0
0
0
0
0
0
0
0
0
0
0
0
0
0
0
0
0
0
0
0
0
0
0
0
0
0
0
0
0
0
0
0
0
0
0
0
0
0
0
0
0
0
0
0
0
0
0
0
0
0
0
0
0
0
0
0
0
0
0
0
0
0
0
0
0
0
0
0
0
0
0
0
0
0
0
0
0
0
0
0
0
0
0
0
0
0
0
0
0
0
0
0
0
0
0
0
0
0
0
0
0
0
0
0
0
0
0
0
0
0
0
0
0
0
0
0
0
0
0
0
0
0
0
0
0
0
0
0
0
0
0
0
0
0
0
0
0
0
0
0
0
0
0
0
0
0
0
0
0
0
0
0
0
0
0
0
0
0
0
0
0
0
0
0
0
0
0
0
0
0
0
0
0
0
0
0
0
0
0
0
0
0
0
0
0
0
0
0
0
0
0
0
0
0
0
0
0
0
0
0
0
0
0
0
0
0
0
0
0
0
0
0
0
0
0
0
0
0
0
0
0
0
0
0
0
0
0
0
0
0
0
0
0
0
0
0
0
0
0
0
0
0
0
0
0
0
0
0
0
0
0
0
0
0
0
0
0
0
0
0
0
0
0
0
0
0
0
0
0
0
0
0
0
0
0
0
0
0
0
0
0
0
0
0
0
0
0
0
0
0
0
0
0
0
0
0
0
0
0
0
0
0
0
0
0
0
0
0
0
0
0
0
0
0
0
0
0
0
0
0
0
0
0
0
0
0
0
0
0
0
0
0
0
0
0
0
0
0
0
0
0
0
0
0
0
0
0
0
0
0
0
0
0
0
0
0
0
0
0
0
0
0
0
0
0
0
0
0
0
0
0
0
0
0
0
0
0
0
0
0
0
0
0
0
0
0
0
0
0
0
0
0
0
0
0
0
0
0
0
0
0
0
0
0
0
0
0
0
0
0
0
0
0
0
0
0
0
0
0
0
0
0
0
0
0
0
0
0
0
0
0
0
0
0
0
0
0
0
0
0
0
0
0
0
0
0
$MCA_CAL:
3
-1.4656616 2.9313233 0.00000000000000
$ENER_FIT:
-1.4656616 2.9313233 0.00000000000000
$MCA_CAL_DATA:
3
298 872
597 1749
896 2625
$CAMBIO:
Parent file specification: C:\GADRAS-DRF\Temp\parallelGUI3\67GA_150.0_175.0_alum_7.49_7.0.pcf
Successful read of spectrum: Yes
Error message: None
Warning: None
Information: None
Neutrons: 0
Number of spectral records in the parent file: 1
Record number of this spectrum in the parent file: 1
Date and time of acquisition read successfully from the original file: Yes
Live time read successfully from the original file: Yes
True time read successfully from the original file: Yes
GADRAS Tag character is:  
Version: 130122
Parent file type: Sandia GADRAS PCF
