$SPEC_ID:
67GA,1uC{0,0}
$MEAS_TIM:
3600.00 3600.00
$DATE_MEA:
3/9/2018 5:22:25 PM
$DATA:
0 1193
359.484
443.345
400.639
319.834
246.292
193.871
155.363
127.256
105.248
90.232
81.389
76.434
76.068
77.604
79.379
81.584
84.071
88.430
101.821
138.712
208.408
290.485
344.487
354.623
349.799
368.695
437.295
582.226
835.311
1190.948
1541.595
1691.956
1519.626
1111.802
684.786
389.409
240.869
181.272
158.993
149.501
145.730
145.460
148.612
154.225
161.180
169.939
179.135
186.769
191.250
191.813
188.868
183.802
177.895
172.572
169.735
172.905
186.420
214.772
259.529
318.344
380.775
432.597
457.827
447.325
402.901
335.347
262.050
196.128
146.773
114.259
95.009
83.813
75.642
68.363
60.964
53.876
47.816
43.096
39.850
37.827
36.653
36.005
35.603
35.292
35.011
34.728
34.447
34.224
34.226
34.677
36.020
38.777
43.647
51.458
62.846
78.066
97.141
118.911
141.731
163.316
180.535
190.536
192.205
185.004
169.613
148.368
123.739
98.219
74.300
53.886
37.381
24.950
16.272
10.528
6.902
4.786
3.675
3.132
2.987
3.136
3.520
4.184
5.190
6.594
8.453
10.816
13.674
16.930
20.481
24.133
27.587
30.540
32.738
33.993
34.121
33.081
31.040
28.181
24.723
20.954
17.172
13.633
10.457
7.738
5.553
3.872
2.619
1.724
1.114
0.721
0.475
0.323
0.236
0.193
0.173
0.166
0.171
0.185
0.205
0.230
0.258
0.288
0.319
0.348
0.376
0.400
0.418
0.430
0.433
0.428
0.415
0.395
0.370
0.341
0.309
0.277
0.246
0.217
0.192
0.169
0.151
0.136
0.125
0.116
0.109
0.104
0.101
0.099
0.098
0.097
0.096
0.095
0.095
0.094
0.094
0.093
0.093
0.092
0.092
0.091
0.090
0.090
0.089
0.088
0.088
0.087
0.087
0.086
0.086
0.085
0.084
0.084
0.083
0.082
0.082
0.081
0.080
0.079
0.078
0.077
0.076
0.075
0.074
0.073
0.072
0.071
0.071
0.070
0.069
0.069
0.069
0.068
0.068
0.068
0.067
0.067
0.066
0.065
0.064
0.063
0.062
0.060
0.058
0.056
0.054
0.051
0.049
0.047
0.045
0.044
0.043
0.043
0.043
0.044
0.046
0.049
0.053
0.057
0.062
0.068
0.074
0.081
0.088
0.095
0.101
0.108
0.113
0.118
0.121
0.124
0.125
0.125
0.124
0.121
0.117
0.113
0.108
0.103
0.098
0.093
0.089
0.085
0.083
0.083
0.084
0.087
0.091
0.098
0.106
0.116
0.128
0.140
0.154
0.168
0.183
0.197
0.211
0.224
0.235
0.244
0.251
0.255
0.257
0.256
0.252
0.246
0.237
0.226
0.213
0.199
0.184
0.168
0.152
0.136
0.120
0.105
0.091
0.078
0.066
0.055
0.045
0.037
0.030
0.024
0.019
0.015
0.012
0.009
0.007
0.005
0.004
0.003
0.002
0.001
0.001
0.001
0.000
0.000
0.000
0.000
0.000
0.000
0.000
0.000
-0.000
-0.000
-0.000
-0.000
-0.000
-0.000
0.000
0.000
0.000
0.000
0.000
0.000
0.000
0.000
0.000
0.000
0
0
0
0
0
0
0
0
0
0
0
0
0
0
0
0
0
0
0
0
0
0
0
0
0
0
0
0
0
0
0
0
0
0
0
0
0
0
0
0
0
0
0
0
0
0
0
0
0
0
0
0
0
0
0
0
0
0
0
0
0
0
0
0
0
0
0
0
0
0
0
0
0
0
0
0
0
0
0
0
0
0
0
0
0
0
0
0
0
0
0
0
0
0
0
0
0
0
0
0
0
0
0
0
0
0
0
0
0
0
0
0
0
0
0
0
0
0
0
0
0
0
0
0
0
0
0
0
0
0
0
0
0
0
0
0
0
0
0
0
0
0
0
0
0
0
0
0
0
0
0
0
0
0
0
0
0
0
0
0
0
0
0
0
0
0
0
0
0
0
0
0
0
0
0
0
0
0
0
0
0
0
0
0
0
0
0
0
0
0
0
0
0
0
0
0
0
0
0
0
0
0
0
0
0
0
0
0
0
0
0
0
0
0
0
0
0
0
0
0
0
0
0
0
0
0
0
0
0
0
0
0
0
0
0
0
0
0
0
0
0
0
0
0
0
0
0
0
0
0
0
0
0
0
0
0
0
0
0
0
0
0
0
0
0
0
0
0
0
0
0
0
0
0
0
0
0
0
0
0
0
0
0
0
0
0
0
0
0
0
0
0
0
0
0
0
0
0
0
0
0
0
0
0
0
0
0
0
0
0
0
0
0
0
0
0
0
0
0
0
0
0
0
0
0
0
0
0
0
0
0
0
0
0
0
0
0
0
0
0
0
0
0
0
0
0
0
0
0
0
0
0
0
0
0
0
0
0
0
0
0
0
0
0
0
0
0
0
0
0
0
0
0
0
0
0
0
0
0
0
0
0
0
0
0
0
0
0
0
0
0
0
0
0
0
0
0
0
0
0
0
0
0
0
0
0
0
0
0
0
0
0
0
0
0
0
0
0
0
0
0
0
0
0
0
0
0
0
0
0
0
0
0
0
0
0
0
0
0
0
0
0
0
0
0
0
0
0
0
0
0
0
0
0
0
0
0
0
0
0
0
0
0
0
0
0
0
0
0
0
0
0
0
0
0
0
0
0
0
0
0
0
0
0
0
0
0
0
0
0
0
0
0
0
0
0
0
0
0
0
0
0
0
0
0
0
0
0
0
0
0
0
0
0
0
0
0
0
0
0
0
0
0
0
0
0
0
0
0
0
0
0
0
0
0
0
0
0
0
0
0
0
0
0
0
0
0
0
0
0
0
0
0
0
0
0
0
0
0
0
0
0
0
0
0
0
0
0
0
0
0
0
0
0
0
0
0
0
0
0
0
0
0
0
0
0
0
0
0
0
0
0
0
0
0
0
0
0
0
0
0
0
0
0
0
0
0
0
0
0
0
0
0
0
0
0
0
0
0
0
0
0
0
0
0
0
0
0
0
0
0
0
0
0
0
0
0
0
0
0
0
0
0
0
0
0
0
0
0
0
0
0
0
0
0
0
0
0
0
0
0
0
0
0
0
0
0
0
0
0
0
0
0
0
0
0
0
0
0
0
0
0
0
0
0
0
0
0
0
0
0
0
0
0
0
0
0
0
0
0
0
0
0
0
0
0
0
0
0
0
0
0
0
0
0
0
0
0
0
0
0
0
0
0
0
0
0
0
0
0
0
0
0
0
0
0
0
0
0
0
0
0
0
0
0
0
0
0
0
0
0
0
0
0
0
0
0
0
0
0
0
0
0
0
0
0
0
0
0
0
0
0
0
0
0
0
0
0
0
0
0
0
0
0
0
0
0
0
0
0
0
0
0
0
0
0
0
0
0
0
0
0
0
0
0
0
0
0
0
0
0
0
0
0
0
0
0
0
0
0
0
0
0
0
0
0
0
0
0
0
0
0
0
0
$MCA_CAL:
3
-1.4656616 2.9313233 0.00000000000000
$ENER_FIT:
-1.4656616 2.9313233 0.00000000000000
$MCA_CAL_DATA:
3
298 872
597 1749
896 2625
$CAMBIO:
Parent file specification: C:\GADRAS-DRF\Temp\parallelGUI3\67GA_125.0_112.5_none_0_8.0.pcf
Successful read of spectrum: Yes
Error message: None
Warning: None
Information: None
Neutrons: 0
Number of spectral records in the parent file: 1
Record number of this spectrum in the parent file: 1
Date and time of acquisition read successfully from the original file: Yes
Live time read successfully from the original file: Yes
True time read successfully from the original file: Yes
GADRAS Tag character is:  
Version: 130122
Parent file type: Sandia GADRAS PCF
