$SPEC_ID:
67GA,1uC{82,0.22}
$MEAS_TIM:
3600.00 3600.00
$DATE_MEA:
3/9/2018 5:22:25 PM
$DATA:
0 1193
770.187
815.149
736.330
626.581
517.555
427.286
351.246
297.385
253.074
222.062
201.960
186.782
180.567
177.319
175.915
176.432
178.888
183.684
193.488
222.967
289.308
372.911
413.758
404.111
405.050
448.853
530.138
667.945
944.010
1472.453
2175.128
2600.142
2296.641
1523.122
849.749
515.572
405.552
372.325
360.574
361.940
375.809
396.114
419.589
445.844
472.156
500.217
527.700
546.935
554.257
550.899
542.340
533.416
525.327
516.393
506.433
504.287
530.216
616.943
804.461
1114.414
1510.775
1891.339
2105.825
2061.849
1764.364
1334.178
914.061
609.125
440.793
376.029
361.175
353.241
331.497
294.112
250.825
211.668
182.490
164.107
154.295
149.848
148.045
147.390
147.018
146.533
145.849
144.972
143.735
141.998
139.809
137.597
136.394
138.169
146.004
165.282
203.357
267.874
366.014
497.629
656.474
822.497
966.799
1062.320
1084.696
1029.488
908.542
743.751
566.323
401.126
264.152
164.046
96.505
55.284
32.537
20.665
15.170
12.784
11.764
11.412
11.341
11.552
12.145
13.421
15.758
19.820
26.419
36.342
50.341
68.915
91.539
117.360
144.214
168.866
188.219
199.759
201.219
192.542
175.321
151.546
124.362
97.081
72.033
50.623
33.947
21.723
13.249
7.778
4.495
2.597
1.561
1.061
0.807
0.688
0.643
0.629
0.636
0.662
0.705
0.771
0.864
0.986
1.141
1.328
1.541
1.766
1.992
2.198
2.361
2.464
2.497
2.458
2.347
2.178
1.968
1.737
1.500
1.276
1.079
0.914
0.781
0.680
0.608
0.558
0.525
0.504
0.492
0.485
0.481
0.479
0.478
0.477
0.476
0.475
0.473
0.471
0.469
0.467
0.465
0.463
0.460
0.456
0.452
0.448
0.444
0.441
0.437
0.435
0.433
0.430
0.428
0.425
0.422
0.419
0.416
0.414
0.411
0.409
0.405
0.401
0.395
0.388
0.380
0.373
0.366
0.361
0.357
0.352
0.347
0.342
0.337
0.334
0.333
0.333
0.335
0.338
0.340
0.343
0.345
0.345
0.343
0.338
0.331
0.320
0.306
0.291
0.273
0.255
0.237
0.219
0.203
0.189
0.177
0.169
0.165
0.165
0.171
0.181
0.198
0.220
0.249
0.284
0.326
0.373
0.424
0.477
0.532
0.585
0.634
0.677
0.711
0.733
0.743
0.740
0.726
0.698
0.661
0.615
0.564
0.510
0.456
0.404
0.356
0.317
0.286
0.266
0.257
0.262
0.280
0.312
0.359
0.420
0.496
0.585
0.684
0.793
0.909
1.027
1.143
1.253
1.352
1.436
1.501
1.545
1.564
1.555
1.522
1.465
1.388
1.294
1.186
1.069
0.948
0.827
0.710
0.600
0.497
0.405
0.325
0.257
0.199
0.152
0.114
0.084
0.061
0.044
0.031
0.021
0.014
0.010
0.006
0.004
0.003
0.002
0.001
0.001
0.000
0.000
0.000
0.000
0.000
0.000
-0.000
-0.000
-0.000
-0.000
0.000
0.000
0.000
0
0
0
0
0
0
0
0
0
0
0
0
0
0
0
0
0
0
0
0
0
0
0
0
0
0
0
0
0
0
0
0
0
0
0
0
0
0
0
0
0
0
0
0
0
0
0
0
0
0
0
0
0
0
0
0
0
0
0
0
0
0
0
0
0
0
0
0
0
0
0
0
0
0
0
0
0
0
0
0
0
0
0
0
0
0
0
0
0
0
0
0
0
0
0
0
0
0
0
0
0
0
0
0
0
0
0
0
0
0
0
0
0
0
0
0
0
0
0
0
0
0
0
0
0
0
0
0
0
0
0
0
0
0
0
0
0
0
0
0
0
0
0
0
0
0
0
0
0
0
0
0
0
0
0
0
0
0
0
0
0
0
0
0
0
0
0
0
0
0
0
0
0
0
0
0
0
0
0
0
0
0
0
0
0
0
0
0
0
0
0
0
0
0
0
0
0
0
0
0
0
0
0
0
0
0
0
0
0
0
0
0
0
0
0
0
0
0
0
0
0
0
0
0
0
0
0
0
0
0
0
0
0
0
0
0
0
0
0
0
0
0
0
0
0
0
0
0
0
0
0
0
0
0
0
0
0
0
0
0
0
0
0
0
0
0
0
0
0
0
0
0
0
0
0
0
0
0
0
0
0
0
0
0
0
0
0
0
0
0
0
0
0
0
0
0
0
0
0
0
0
0
0
0
0
0
0
0
0
0
0
0
0
0
0
0
0
0
0
0
0
0
0
0
0
0
0
0
0
0
0
0
0
0
0
0
0
0
0
0
0
0
0
0
0
0
0
0
0
0
0
0
0
0
0
0
0
0
0
0
0
0
0
0
0
0
0
0
0
0
0
0
0
0
0
0
0
0
0
0
0
0
0
0
0
0
0
0
0
0
0
0
0
0
0
0
0
0
0
0
0
0
0
0
0
0
0
0
0
0
0
0
0
0
0
0
0
0
0
0
0
0
0
0
0
0
0
0
0
0
0
0
0
0
0
0
0
0
0
0
0
0
0
0
0
0
0
0
0
0
0
0
0
0
0
0
0
0
0
0
0
0
0
0
0
0
0
0
0
0
0
0
0
0
0
0
0
0
0
0
0
0
0
0
0
0
0
0
0
0
0
0
0
0
0
0
0
0
0
0
0
0
0
0
0
0
0
0
0
0
0
0
0
0
0
0
0
0
0
0
0
0
0
0
0
0
0
0
0
0
0
0
0
0
0
0
0
0
0
0
0
0
0
0
0
0
0
0
0
0
0
0
0
0
0
0
0
0
0
0
0
0
0
0
0
0
0
0
0
0
0
0
0
0
0
0
0
0
0
0
0
0
0
0
0
0
0
0
0
0
0
0
0
0
0
0
0
0
0
0
0
0
0
0
0
0
0
0
0
0
0
0
0
0
0
0
0
0
0
0
0
0
0
0
0
0
0
0
0
0
0
0
0
0
0
0
0
0
0
0
0
0
0
0
0
0
0
0
0
0
0
0
0
0
0
0
0
0
0
0
0
0
0
0
0
0
0
0
0
0
0
0
0
0
0
0
0
0
0
0
0
0
0
0
0
0
0
0
0
0
0
0
0
0
0
0
0
0
0
0
0
0
0
0
0
0
0
0
0
0
0
0
0
0
0
0
0
0
0
0
0
0
0
0
0
0
0
0
0
0
0
0
0
0
0
0
0
0
0
0
0
0
0
0
0
0
0
0
0
0
0
0
0
0
0
0
0
0
0
0
0
0
0
0
0
0
0
0
0
0
0
0
0
0
0
0
0
0
0
0
0
0
0
0
0
0
0
0
0
0
0
0
0
0
0
0
0
0
0
0
0
0
0
0
0
0
0
0
0
0
0
0
0
0
0
0
0
0
0
0
0
0
0
0
0
0
0
0
0
0
0
0
0
0
0
0
0
0
0
0
0
0
0
0
0
0
0
$MCA_CAL:
3
-1.4656616 2.9313233 0.00000000000000
$ENER_FIT:
-1.4656616 2.9313233 0.00000000000000
$MCA_CAL_DATA:
3
298 872
597 1749
896 2625
$CAMBIO:
Parent file specification: C:\GADRAS-DRF\Temp\parallelGUI3\67GA_75.0_50.0_lead_0.22_6.5.pcf
Successful read of spectrum: Yes
Error message: None
Warning: None
Information: None
Neutrons: 0
Number of spectral records in the parent file: 1
Record number of this spectrum in the parent file: 1
Date and time of acquisition read successfully from the original file: Yes
Live time read successfully from the original file: Yes
True time read successfully from the original file: Yes
GADRAS Tag character is:  
Version: 130122
Parent file type: Sandia GADRAS PCF
