$SPEC_ID:
67GA,1uC{82,0.51}
$MEAS_TIM:
3600.00 3600.00
$DATE_MEA:
3/9/2018 5:22:25 PM
$DATA:
0 1193
495.313
496.640
451.506
399.761
342.365
289.496
242.388
209.772
181.970
161.407
147.691
136.729
131.311
127.099
124.511
123.636
123.729
125.547
128.908
135.004
143.893
152.628
159.360
164.694
172.029
184.801
206.590
244.147
302.248
375.421
446.665
487.044
476.061
423.026
360.188
308.369
277.463
266.150
266.584
273.919
285.663
299.951
314.499
328.979
343.119
355.082
363.959
369.722
373.027
374.691
375.616
376.995
380.522
389.194
408.053
445.362
508.849
604.675
730.247
875.045
1016.605
1126.025
1180.297
1162.126
1076.809
942.124
784.013
632.229
503.987
407.025
340.661
295.705
263.868
239.043
216.624
196.152
178.033
162.809
151.072
142.806
137.327
133.918
131.905
130.641
129.848
129.502
129.767
131.268
134.747
141.511
153.297
171.891
199.241
237.314
286.892
347.143
416.821
491.601
565.163
631.116
682.612
712.683
716.361
694.415
648.738
582.951
504.307
420.496
338.021
261.497
195.296
141.821
100.236
69.432
47.994
33.991
25.428
20.652
18.834
19.265
21.367
25.057
30.376
37.355
45.941
56.036
67.532
80.056
92.954
105.564
117.173
126.968
134.098
137.795
137.876
134.498
127.830
118.238
106.506
93.463
79.930
66.550
53.873
42.444
32.674
24.547
17.968
12.838
9.003
6.235
4.301
2.975
2.101
1.571
1.277
1.120
1.056
1.062
1.114
1.192
1.287
1.391
1.499
1.603
1.699
1.779
1.839
1.874
1.882
1.865
1.822
1.755
1.667
1.565
1.452
1.334
1.216
1.100
0.992
0.894
0.809
0.736
0.674
0.623
0.583
0.552
0.528
0.510
0.496
0.486
0.479
0.473
0.469
0.466
0.463
0.460
0.458
0.455
0.452
0.449
0.446
0.443
0.440
0.437
0.434
0.431
0.428
0.425
0.421
0.418
0.415
0.412
0.409
0.405
0.402
0.398
0.394
0.389
0.384
0.379
0.374
0.370
0.367
0.363
0.360
0.357
0.353
0.350
0.346
0.343
0.339
0.336
0.333
0.330
0.327
0.323
0.319
0.314
0.309
0.303
0.296
0.289
0.282
0.274
0.266
0.259
0.252
0.247
0.243
0.240
0.240
0.241
0.246
0.253
0.263
0.276
0.291
0.310
0.330
0.353
0.377
0.401
0.426
0.451
0.474
0.496
0.516
0.532
0.545
0.554
0.559
0.560
0.558
0.552
0.544
0.533
0.521
0.509
0.497
0.487
0.480
0.476
0.476
0.481
0.491
0.507
0.530
0.559
0.593
0.632
0.675
0.722
0.771
0.822
0.873
0.922
0.968
1.010
1.045
1.074
1.096
1.110
1.115
1.111
1.097
1.074
1.043
1.004
0.959
0.908
0.852
0.794
0.732
0.670
0.607
0.546
0.486
0.430
0.377
0.328
0.282
0.241
0.203
0.171
0.142
0.117
0.096
0.078
0.062
0.050
0.039
0.031
0.024
0.018
0.014
0.011
0.008
0.006
0.004
0.003
0.002
0.002
0.001
0.001
0.001
0.000
0.000
0.000
0.000
-0.000
-0.000
-0.000
-0.000
-0.000
-0.000
-0.000
0.000
0.000
0.000
0.000
0.000
0.000
0.000
-0.000
-0.000
-0.000
-0.000
-0.000
-0.000
-0.000
0.000
0.000
0.000
0.000
0
0
0
0
0
0
0
0
0
0
0
0
0
0
0
0
0
0
0
0
0
0
0
0
0
0
0
0
0
0
0
0
0
0
0
0
0
0
0
0
0
0
0
0
0
0
0
0
0
0
0
0
0
0
0
0
0
0
0
0
0
0
0
0
0
0
0
0
0
0
0
0
0
0
0
0
0
0
0
0
0
0
0
0
0
0
0
0
0
0
0
0
0
0
0
0
0
0
0
0
0
0
0
0
0
0
0
0
0
0
0
0
0
0
0
0
0
0
0
0
0
0
0
0
0
0
0
0
0
0
0
0
0
0
0
0
0
0
0
0
0
0
0
0
0
0
0
0
0
0
0
0
0
0
0
0
0
0
0
0
0
0
0
0
0
0
0
0
0
0
0
0
0
0
0
0
0
0
0
0
0
0
0
0
0
0
0
0
0
0
0
0
0
0
0
0
0
0
0
0
0
0
0
0
0
0
0
0
0
0
0
0
0
0
0
0
0
0
0
0
0
0
0
0
0
0
0
0
0
0
0
0
0
0
0
0
0
0
0
0
0
0
0
0
0
0
0
0
0
0
0
0
0
0
0
0
0
0
0
0
0
0
0
0
0
0
0
0
0
0
0
0
0
0
0
0
0
0
0
0
0
0
0
0
0
0
0
0
0
0
0
0
0
0
0
0
0
0
0
0
0
0
0
0
0
0
0
0
0
0
0
0
0
0
0
0
0
0
0
0
0
0
0
0
0
0
0
0
0
0
0
0
0
0
0
0
0
0
0
0
0
0
0
0
0
0
0
0
0
0
0
0
0
0
0
0
0
0
0
0
0
0
0
0
0
0
0
0
0
0
0
0
0
0
0
0
0
0
0
0
0
0
0
0
0
0
0
0
0
0
0
0
0
0
0
0
0
0
0
0
0
0
0
0
0
0
0
0
0
0
0
0
0
0
0
0
0
0
0
0
0
0
0
0
0
0
0
0
0
0
0
0
0
0
0
0
0
0
0
0
0
0
0
0
0
0
0
0
0
0
0
0
0
0
0
0
0
0
0
0
0
0
0
0
0
0
0
0
0
0
0
0
0
0
0
0
0
0
0
0
0
0
0
0
0
0
0
0
0
0
0
0
0
0
0
0
0
0
0
0
0
0
0
0
0
0
0
0
0
0
0
0
0
0
0
0
0
0
0
0
0
0
0
0
0
0
0
0
0
0
0
0
0
0
0
0
0
0
0
0
0
0
0
0
0
0
0
0
0
0
0
0
0
0
0
0
0
0
0
0
0
0
0
0
0
0
0
0
0
0
0
0
0
0
0
0
0
0
0
0
0
0
0
0
0
0
0
0
0
0
0
0
0
0
0
0
0
0
0
0
0
0
0
0
0
0
0
0
0
0
0
0
0
0
0
0
0
0
0
0
0
0
0
0
0
0
0
0
0
0
0
0
0
0
0
0
0
0
0
0
0
0
0
0
0
0
0
0
0
0
0
0
0
0
0
0
0
0
0
0
0
0
0
0
0
0
0
0
0
0
0
0
0
0
0
0
0
0
0
0
0
0
0
0
0
0
0
0
0
0
0
0
0
0
0
0
0
0
0
0
0
0
0
0
0
0
0
0
0
0
0
0
0
0
0
0
0
0
0
0
0
0
0
0
0
0
0
0
0
0
0
0
0
0
0
0
0
0
0
0
0
0
0
0
0
0
0
0
0
0
0
0
0
0
0
0
0
0
0
0
0
0
0
0
0
0
0
0
0
0
0
0
0
0
0
0
0
0
0
0
0
0
0
0
0
0
0
0
0
0
0
0
0
0
0
0
0
0
0
0
0
0
0
0
0
0
0
0
0
0
0
0
0
0
0
0
0
0
0
0
$MCA_CAL:
3
-1.4656616 2.9313233 0.00000000000000
$ENER_FIT:
-1.4656616 2.9313233 0.00000000000000
$MCA_CAL_DATA:
3
298 872
597 1749
896 2625
$CAMBIO:
Parent file specification: C:\GADRAS-DRF\Temp\parallelGUI3\67GA_150.0_50.0_lead_0.51_9.0.pcf
Successful read of spectrum: Yes
Error message: None
Warning: None
Information: None
Neutrons: 0
Number of spectral records in the parent file: 1
Record number of this spectrum in the parent file: 1
Date and time of acquisition read successfully from the original file: Yes
Live time read successfully from the original file: Yes
True time read successfully from the original file: Yes
GADRAS Tag character is:  
Version: 130122
Parent file type: Sandia GADRAS PCF
