$SPEC_ID:
67GA,1uC{13,1.82}
$MEAS_TIM:
3600.00 3600.00
$DATE_MEA:
3/9/2018 5:22:25 PM
$DATA:
0 1193
653.840
719.188
635.977
595.611
490.212
405.358
334.919
284.487
244.222
215.544
198.648
188.935
190.835
204.177
222.379
258.129
306.788
381.530
481.189
643.235
878.596
1135.616
1268.520
1290.711
1387.388
1603.545
1870.036
2266.268
3058.995
4549.666
6484.292
7548.133
6405.854
3961.723
1872.039
860.113
548.369
483.944
476.249
486.380
505.282
527.508
549.818
571.370
592.523
613.409
631.786
644.577
651.556
655.513
658.767
661.888
663.119
660.114
654.214
655.954
686.453
779.841
977.620
1294.880
1694.933
2077.347
2281.947
2217.613
1895.625
1438.628
994.300
671.641
490.827
417.797
397.914
386.402
362.002
323.172
278.939
238.858
209.012
190.181
179.952
175.068
172.821
171.786
171.112
170.364
169.447
168.373
166.985
165.150
162.915
160.653
159.255
160.551
167.465
184.537
217.730
274.083
360.766
477.771
619.227
767.163
895.803
980.329
997.933
944.873
832.926
682.132
520.144
369.297
244.485
153.692
92.610
55.241
34.545
23.761
18.807
16.669
15.751
15.433
15.368
15.561
16.098
17.230
19.272
22.821
28.616
37.355
49.682
66.019
85.899
108.569
132.109
153.651
170.446
180.267
181.103
172.940
157.249
135.832
111.448
86.993
64.533
45.346
30.430
19.517
11.957
7.069
4.129
2.428
1.501
1.053
0.827
0.721
0.680
0.666
0.672
0.694
0.732
0.790
0.871
0.978
1.113
1.277
1.463
1.661
1.859
2.040
2.182
2.270
2.296
2.257
2.155
2.002
1.814
1.605
1.393
1.192
1.016
0.868
0.749
0.659
0.594
0.549
0.519
0.500
0.489
0.482
0.478
0.476
0.474
0.473
0.472
0.470
0.468
0.466
0.463
0.461
0.459
0.456
0.453
0.450
0.446
0.442
0.438
0.434
0.431
0.429
0.426
0.424
0.421
0.418
0.415
0.412
0.410
0.407
0.405
0.402
0.398
0.394
0.389
0.382
0.375
0.368
0.362
0.357
0.353
0.348
0.343
0.338
0.333
0.330
0.329
0.329
0.330
0.332
0.335
0.337
0.338
0.338
0.336
0.331
0.324
0.315
0.302
0.288
0.272
0.255
0.239
0.223
0.208
0.195
0.185
0.178
0.174
0.174
0.179
0.188
0.203
0.223
0.249
0.281
0.318
0.360
0.405
0.453
0.502
0.549
0.593
0.631
0.661
0.681
0.689
0.687
0.673
0.648
0.614
0.573
0.526
0.477
0.428
0.381
0.338
0.302
0.275
0.256
0.248
0.252
0.268
0.297
0.340
0.395
0.463
0.543
0.633
0.731
0.835
0.941
1.046
1.144
1.233
1.308
1.366
1.405
1.421
1.413
1.381
1.330
1.260
1.174
1.076
0.970
0.860
0.750
0.644
0.543
0.451
0.367
0.294
0.232
0.181
0.138
0.104
0.076
0.055
0.040
0.028
0.019
0.013
0.009
0.006
0.004
0.002
0.001
0.001
0.001
0.000
0.000
0.000
0.000
0.000
0.000
-0.000
-0.000
-0.000
-0.000
0.000
0.000
0.000
0
0
0
0
0
0
0
0
0
0
0
0
0
0
0
0
0
0
0
0
0
0
0
0
0
0
0
0
0
0
0
0
0
0
0
0
0
0
0
0
0
0
0
0
0
0
0
0
0
0
0
0
0
0
0
0
0
0
0
0
0
0
0
0
0
0
0
0
0
0
0
0
0
0
0
0
0
0
0
0
0
0
0
0
0
0
0
0
0
0
0
0
0
0
0
0
0
0
0
0
0
0
0
0
0
0
0
0
0
0
0
0
0
0
0
0
0
0
0
0
0
0
0
0
0
0
0
0
0
0
0
0
0
0
0
0
0
0
0
0
0
0
0
0
0
0
0
0
0
0
0
0
0
0
0
0
0
0
0
0
0
0
0
0
0
0
0
0
0
0
0
0
0
0
0
0
0
0
0
0
0
0
0
0
0
0
0
0
0
0
0
0
0
0
0
0
0
0
0
0
0
0
0
0
0
0
0
0
0
0
0
0
0
0
0
0
0
0
0
0
0
0
0
0
0
0
0
0
0
0
0
0
0
0
0
0
0
0
0
0
0
0
0
0
0
0
0
0
0
0
0
0
0
0
0
0
0
0
0
0
0
0
0
0
0
0
0
0
0
0
0
0
0
0
0
0
0
0
0
0
0
0
0
0
0
0
0
0
0
0
0
0
0
0
0
0
0
0
0
0
0
0
0
0
0
0
0
0
0
0
0
0
0
0
0
0
0
0
0
0
0
0
0
0
0
0
0
0
0
0
0
0
0
0
0
0
0
0
0
0
0
0
0
0
0
0
0
0
0
0
0
0
0
0
0
0
0
0
0
0
0
0
0
0
0
0
0
0
0
0
0
0
0
0
0
0
0
0
0
0
0
0
0
0
0
0
0
0
0
0
0
0
0
0
0
0
0
0
0
0
0
0
0
0
0
0
0
0
0
0
0
0
0
0
0
0
0
0
0
0
0
0
0
0
0
0
0
0
0
0
0
0
0
0
0
0
0
0
0
0
0
0
0
0
0
0
0
0
0
0
0
0
0
0
0
0
0
0
0
0
0
0
0
0
0
0
0
0
0
0
0
0
0
0
0
0
0
0
0
0
0
0
0
0
0
0
0
0
0
0
0
0
0
0
0
0
0
0
0
0
0
0
0
0
0
0
0
0
0
0
0
0
0
0
0
0
0
0
0
0
0
0
0
0
0
0
0
0
0
0
0
0
0
0
0
0
0
0
0
0
0
0
0
0
0
0
0
0
0
0
0
0
0
0
0
0
0
0
0
0
0
0
0
0
0
0
0
0
0
0
0
0
0
0
0
0
0
0
0
0
0
0
0
0
0
0
0
0
0
0
0
0
0
0
0
0
0
0
0
0
0
0
0
0
0
0
0
0
0
0
0
0
0
0
0
0
0
0
0
0
0
0
0
0
0
0
0
0
0
0
0
0
0
0
0
0
0
0
0
0
0
0
0
0
0
0
0
0
0
0
0
0
0
0
0
0
0
0
0
0
0
0
0
0
0
0
0
0
0
0
0
0
0
0
0
0
0
0
0
0
0
0
0
0
0
0
0
0
0
0
0
0
0
0
0
0
0
0
0
0
0
0
0
0
0
0
0
0
0
0
0
0
0
0
0
0
0
0
0
0
0
0
0
0
0
0
0
0
0
0
0
0
0
0
0
0
0
0
0
0
0
0
0
0
0
0
0
0
0
0
0
0
0
0
0
0
0
0
0
0
0
0
0
0
0
0
0
0
0
0
0
0
0
0
0
0
0
0
0
0
0
0
0
0
0
0
0
0
0
0
0
0
0
0
0
0
0
0
0
0
0
0
0
0
0
0
0
0
0
0
0
0
0
0
0
0
0
0
0
0
0
0
0
0
0
0
0
0
0
0
0
0
0
0
0
0
0
0
0
0
0
0
0
0
0
0
0
$MCA_CAL:
3
-1.4656616 2.9313233 0.00000000000000
$ENER_FIT:
-1.4656616 2.9313233 0.00000000000000
$MCA_CAL_DATA:
3
298 872
597 1749
896 2625
$CAMBIO:
Parent file specification: C:\GADRAS-DRF\Temp\parallelGUI3\67GA_125.0_50.0_alum_1.82_6.5.pcf
Successful read of spectrum: Yes
Error message: None
Warning: None
Information: None
Neutrons: 0
Number of spectral records in the parent file: 1
Record number of this spectrum in the parent file: 1
Date and time of acquisition read successfully from the original file: Yes
Live time read successfully from the original file: Yes
True time read successfully from the original file: Yes
GADRAS Tag character is:  
Version: 130122
Parent file type: Sandia GADRAS PCF
