$SPEC_ID:
67GA,1uC{13,13.16}
$MEAS_TIM:
3600.00 3600.00
$DATE_MEA:
3/9/2018 5:22:25 PM
$DATA:
0 1193
168.910
176.330
162.412
250.489
227.795
188.653
157.036
134.199
118.298
107.246
105.948
112.986
130.203
165.161
208.445
271.555
343.663
439.770
534.485
635.163
718.827
799.642
868.580
918.772
979.454
1048.215
1116.045
1212.697
1354.654
1494.019
1591.093
1566.950
1398.218
1139.234
874.827
678.054
557.831
497.274
476.452
469.725
466.832
466.282
465.993
465.757
466.252
467.955
469.790
470.353
470.027
469.251
468.178
467.191
466.662
466.444
467.955
475.679
493.008
521.574
560.705
607.201
649.059
670.205
665.404
635.549
584.715
518.856
446.706
378.367
320.285
276.093
245.447
223.948
207.914
195.175
184.105
174.339
165.803
158.603
152.931
148.716
145.597
143.222
141.341
139.725
138.280
137.004
135.941
135.245
135.114
136.016
138.635
143.552
150.968
160.997
173.716
189.158
207.247
226.884
246.297
263.590
276.172
281.240
276.939
264.135
244.222
218.778
189.811
159.381
129.480
102.015
78.859
60.888
47.353
37.367
30.172
25.262
22.154
20.421
19.758
19.881
20.551
21.698
23.302
25.340
27.808
30.705
34.031
37.678
41.431
45.069
48.350
50.981
52.652
53.087
52.265
50.304
47.331
43.500
39.037
34.169
29.131
24.152
19.467
15.306
11.837
9.017
6.764
4.996
3.640
2.634
1.916
1.426
1.112
0.929
0.832
0.779
0.753
0.749
0.761
0.781
0.809
0.839
0.871
0.902
0.930
0.952
0.966
0.971
0.965
0.951
0.928
0.897
0.859
0.816
0.769
0.721
0.672
0.625
0.582
0.543
0.509
0.480
0.456
0.436
0.419
0.405
0.394
0.385
0.378
0.373
0.369
0.365
0.362
0.359
0.356
0.353
0.350
0.348
0.345
0.342
0.340
0.337
0.335
0.332
0.329
0.326
0.324
0.321
0.318
0.315
0.312
0.310
0.307
0.305
0.302
0.299
0.296
0.293
0.289
0.286
0.283
0.280
0.277
0.275
0.272
0.269
0.266
0.264
0.261
0.258
0.255
0.253
0.250
0.248
0.246
0.243
0.240
0.237
0.234
0.231
0.227
0.223
0.219
0.215
0.211
0.207
0.203
0.200
0.198
0.196
0.195
0.196
0.197
0.200
0.203
0.208
0.214
0.221
0.229
0.238
0.247
0.256
0.266
0.275
0.284
0.292
0.299
0.305
0.309
0.312
0.312
0.312
0.309
0.306
0.301
0.296
0.290
0.284
0.278
0.273
0.269
0.267
0.266
0.267
0.270
0.276
0.285
0.297
0.311
0.327
0.345
0.365
0.386
0.407
0.429
0.449
0.468
0.485
0.499
0.510
0.518
0.522
0.522
0.518
0.510
0.498
0.482
0.463
0.441
0.417
0.391
0.364
0.335
0.306
0.277
0.249
0.222
0.196
0.172
0.149
0.129
0.110
0.093
0.078
0.064
0.053
0.043
0.035
0.028
0.022
0.018
0.014
0.011
0.008
0.006
0.005
0.004
0.003
0.002
0.001
0.001
0.001
0.001
0.000
0.000
0.000
0.000
0.000
0.000
-0.000
-0.000
-0.000
-0.000
-0.000
-0.000
-0.000
0.000
0.000
0.000
0.000
0.000
0.000
0.000
-0.000
-0.000
-0.000
-0.000
-0.000
-0.000
-0.000
0.000
0.000
0.000
0.000
0
0
0
0
0
0
0
0
0
0
0
0
0
0
0
0
0
0
0
0
0
0
0
0
0
0
0
0
0
0
0
0
0
0
0
0
0
0
0
0
0
0
0
0
0
0
0
0
0
0
0
0
0
0
0
0
0
0
0
0
0
0
0
0
0
0
0
0
0
0
0
0
0
0
0
0
0
0
0
0
0
0
0
0
0
0
0
0
0
0
0
0
0
0
0
0
0
0
0
0
0
0
0
0
0
0
0
0
0
0
0
0
0
0
0
0
0
0
0
0
0
0
0
0
0
0
0
0
0
0
0
0
0
0
0
0
0
0
0
0
0
0
0
0
0
0
0
0
0
0
0
0
0
0
0
0
0
0
0
0
0
0
0
0
0
0
0
0
0
0
0
0
0
0
0
0
0
0
0
0
0
0
0
0
0
0
0
0
0
0
0
0
0
0
0
0
0
0
0
0
0
0
0
0
0
0
0
0
0
0
0
0
0
0
0
0
0
0
0
0
0
0
0
0
0
0
0
0
0
0
0
0
0
0
0
0
0
0
0
0
0
0
0
0
0
0
0
0
0
0
0
0
0
0
0
0
0
0
0
0
0
0
0
0
0
0
0
0
0
0
0
0
0
0
0
0
0
0
0
0
0
0
0
0
0
0
0
0
0
0
0
0
0
0
0
0
0
0
0
0
0
0
0
0
0
0
0
0
0
0
0
0
0
0
0
0
0
0
0
0
0
0
0
0
0
0
0
0
0
0
0
0
0
0
0
0
0
0
0
0
0
0
0
0
0
0
0
0
0
0
0
0
0
0
0
0
0
0
0
0
0
0
0
0
0
0
0
0
0
0
0
0
0
0
0
0
0
0
0
0
0
0
0
0
0
0
0
0
0
0
0
0
0
0
0
0
0
0
0
0
0
0
0
0
0
0
0
0
0
0
0
0
0
0
0
0
0
0
0
0
0
0
0
0
0
0
0
0
0
0
0
0
0
0
0
0
0
0
0
0
0
0
0
0
0
0
0
0
0
0
0
0
0
0
0
0
0
0
0
0
0
0
0
0
0
0
0
0
0
0
0
0
0
0
0
0
0
0
0
0
0
0
0
0
0
0
0
0
0
0
0
0
0
0
0
0
0
0
0
0
0
0
0
0
0
0
0
0
0
0
0
0
0
0
0
0
0
0
0
0
0
0
0
0
0
0
0
0
0
0
0
0
0
0
0
0
0
0
0
0
0
0
0
0
0
0
0
0
0
0
0
0
0
0
0
0
0
0
0
0
0
0
0
0
0
0
0
0
0
0
0
0
0
0
0
0
0
0
0
0
0
0
0
0
0
0
0
0
0
0
0
0
0
0
0
0
0
0
0
0
0
0
0
0
0
0
0
0
0
0
0
0
0
0
0
0
0
0
0
0
0
0
0
0
0
0
0
0
0
0
0
0
0
0
0
0
0
0
0
0
0
0
0
0
0
0
0
0
0
0
0
0
0
0
0
0
0
0
0
0
0
0
0
0
0
0
0
0
0
0
0
0
0
0
0
0
0
0
0
0
0
0
0
0
0
0
0
0
0
0
0
0
0
0
0
0
0
0
0
0
0
0
0
0
0
0
0
0
0
0
0
0
0
0
0
0
0
0
0
0
0
0
0
0
0
0
0
0
0
0
0
0
0
0
0
0
0
0
0
0
0
0
0
0
0
0
0
0
0
0
0
0
0
0
0
0
0
0
0
0
0
0
0
0
0
0
0
0
0
0
0
0
0
0
0
0
0
0
0
0
0
0
0
0
0
0
0
0
0
0
0
0
0
0
0
0
0
0
0
0
0
0
0
0
0
0
0
0
0
0
0
0
0
0
0
0
0
0
0
0
$MCA_CAL:
3
-1.4656616 2.9313233 0.00000000000000
$ENER_FIT:
-1.4656616 2.9313233 0.00000000000000
$MCA_CAL_DATA:
3
298 872
597 1749
896 2625
$CAMBIO:
Parent file specification: C:\GADRAS-DRF\Temp\parallelGUI3\67GA_150.0_50.0_alum_13.16_9.0.pcf
Successful read of spectrum: Yes
Error message: None
Warning: None
Information: None
Neutrons: 0
Number of spectral records in the parent file: 1
Record number of this spectrum in the parent file: 1
Date and time of acquisition read successfully from the original file: Yes
Live time read successfully from the original file: Yes
True time read successfully from the original file: Yes
GADRAS Tag character is:  
Version: 130122
Parent file type: Sandia GADRAS PCF
