$SPEC_ID:
67GA,1uC{26,3.50}
$MEAS_TIM:
3600.00 3600.00
$DATE_MEA:
3/9/2018 5:22:25 PM
$DATA:
0 1193
190.641
222.836
208.469
231.586
183.338
144.947
115.142
94.737
80.140
70.029
64.174
60.710
60.243
61.165
62.736
65.335
69.324
74.947
82.105
92.436
107.848
127.253
143.790
152.689
158.968
166.663
177.855
194.699
221.439
259.025
297.818
314.342
288.186
235.187
182.795
148.928
131.944
123.434
117.876
113.611
110.712
108.879
108.439
108.998
110.565
113.616
117.510
121.312
123.947
124.522
122.960
119.632
115.195
110.468
106.069
102.863
102.339
106.118
115.016
127.890
142.187
154.116
158.302
151.577
135.132
112.795
89.785
70.340
56.973
48.704
43.890
40.736
38.072
35.328
32.460
29.724
27.409
25.753
24.641
23.854
23.275
22.820
22.418
22.011
21.593
21.173
20.755
20.343
19.970
19.688
19.607
19.882
20.716
22.362
25.061
29.003
34.292
40.655
47.666
54.445
59.800
62.780
62.846
59.674
53.835
46.164
37.580
29.073
21.484
15.159
10.329
6.935
4.683
3.283
2.486
2.054
1.827
1.729
1.699
1.723
1.807
1.962
2.209
2.573
3.076
3.740
4.583
5.588
6.719
7.927
9.101
10.111
10.845
11.235
11.224
10.793
10.011
8.953
7.707
6.385
5.097
3.924
2.904
2.069
1.430
0.959
0.627
0.404
0.263
0.178
0.125
0.096
0.081
0.073
0.070
0.070
0.073
0.077
0.083
0.091
0.099
0.109
0.119
0.129
0.138
0.147
0.153
0.156
0.157
0.154
0.149
0.141
0.131
0.120
0.109
0.097
0.086
0.076
0.068
0.061
0.055
0.050
0.047
0.044
0.043
0.041
0.041
0.040
0.039
0.039
0.039
0.039
0.038
0.038
0.038
0.038
0.037
0.037
0.037
0.036
0.036
0.036
0.036
0.035
0.035
0.035
0.034
0.034
0.034
0.034
0.033
0.033
0.033
0.033
0.032
0.032
0.032
0.031
0.031
0.031
0.030
0.030
0.029
0.029
0.029
0.028
0.028
0.028
0.027
0.027
0.027
0.027
0.027
0.027
0.027
0.026
0.026
0.026
0.026
0.025
0.025
0.024
0.023
0.023
0.022
0.021
0.020
0.019
0.018
0.018
0.017
0.017
0.017
0.017
0.018
0.019
0.020
0.021
0.023
0.025
0.027
0.030
0.032
0.035
0.037
0.040
0.042
0.044
0.045
0.046
0.046
0.046
0.046
0.044
0.043
0.041
0.039
0.036
0.034
0.032
0.030
0.028
0.027
0.027
0.027
0.027
0.029
0.031
0.034
0.038
0.042
0.047
0.052
0.057
0.063
0.068
0.074
0.079
0.083
0.087
0.090
0.091
0.092
0.091
0.090
0.087
0.084
0.079
0.074
0.068
0.062
0.056
0.050
0.044
0.038
0.033
0.028
0.023
0.019
0.016
0.013
0.010
0.008
0.006
0.005
0.004
0.003
0.002
0.001
0.001
0.001
0.001
0.000
0.000
0.000
0.000
0.000
0.000
0.000
0.000
0.000
0.000
0.000
0.000
-0.000
-0.000
-0.000
-0.000
-0.000
0.000
0.000
0.000
0.000
0.000
0.000
0.000
0.000
0.000
0
0
0
0
0
0
0
0
0
0
0
0
0
0
0
0
0
0
0
0
0
0
0
0
0
0
0
0
0
0
0
0
0
0
0
0
0
0
0
0
0
0
0
0
0
0
0
0
0
0
0
0
0
0
0
0
0
0
0
0
0
0
0
0
0
0
0
0
0
0
0
0
0
0
0
0
0
0
0
0
0
0
0
0
0
0
0
0
0
0
0
0
0
0
0
0
0
0
0
0
0
0
0
0
0
0
0
0
0
0
0
0
0
0
0
0
0
0
0
0
0
0
0
0
0
0
0
0
0
0
0
0
0
0
0
0
0
0
0
0
0
0
0
0
0
0
0
0
0
0
0
0
0
0
0
0
0
0
0
0
0
0
0
0
0
0
0
0
0
0
0
0
0
0
0
0
0
0
0
0
0
0
0
0
0
0
0
0
0
0
0
0
0
0
0
0
0
0
0
0
0
0
0
0
0
0
0
0
0
0
0
0
0
0
0
0
0
0
0
0
0
0
0
0
0
0
0
0
0
0
0
0
0
0
0
0
0
0
0
0
0
0
0
0
0
0
0
0
0
0
0
0
0
0
0
0
0
0
0
0
0
0
0
0
0
0
0
0
0
0
0
0
0
0
0
0
0
0
0
0
0
0
0
0
0
0
0
0
0
0
0
0
0
0
0
0
0
0
0
0
0
0
0
0
0
0
0
0
0
0
0
0
0
0
0
0
0
0
0
0
0
0
0
0
0
0
0
0
0
0
0
0
0
0
0
0
0
0
0
0
0
0
0
0
0
0
0
0
0
0
0
0
0
0
0
0
0
0
0
0
0
0
0
0
0
0
0
0
0
0
0
0
0
0
0
0
0
0
0
0
0
0
0
0
0
0
0
0
0
0
0
0
0
0
0
0
0
0
0
0
0
0
0
0
0
0
0
0
0
0
0
0
0
0
0
0
0
0
0
0
0
0
0
0
0
0
0
0
0
0
0
0
0
0
0
0
0
0
0
0
0
0
0
0
0
0
0
0
0
0
0
0
0
0
0
0
0
0
0
0
0
0
0
0
0
0
0
0
0
0
0
0
0
0
0
0
0
0
0
0
0
0
0
0
0
0
0
0
0
0
0
0
0
0
0
0
0
0
0
0
0
0
0
0
0
0
0
0
0
0
0
0
0
0
0
0
0
0
0
0
0
0
0
0
0
0
0
0
0
0
0
0
0
0
0
0
0
0
0
0
0
0
0
0
0
0
0
0
0
0
0
0
0
0
0
0
0
0
0
0
0
0
0
0
0
0
0
0
0
0
0
0
0
0
0
0
0
0
0
0
0
0
0
0
0
0
0
0
0
0
0
0
0
0
0
0
0
0
0
0
0
0
0
0
0
0
0
0
0
0
0
0
0
0
0
0
0
0
0
0
0
0
0
0
0
0
0
0
0
0
0
0
0
0
0
0
0
0
0
0
0
0
0
0
0
0
0
0
0
0
0
0
0
0
0
0
0
0
0
0
0
0
0
0
0
0
0
0
0
0
0
0
0
0
0
0
0
0
0
0
0
0
0
0
0
0
0
0
0
0
0
0
0
0
0
0
0
0
0
0
0
0
0
0
0
0
0
0
0
0
0
0
0
0
0
0
0
0
0
0
0
0
0
0
0
0
0
0
0
0
0
0
0
0
0
0
0
0
0
0
0
0
0
0
0
0
0
0
0
0
0
0
0
0
0
0
0
0
0
0
0
0
0
0
0
0
0
0
0
0
0
0
0
0
0
0
0
0
0
0
0
0
0
0
0
0
0
0
0
0
0
0
0
0
0
0
0
0
0
0
0
0
0
0
0
0
0
0
0
0
0
0
0
0
0
0
0
0
0
0
0
0
0
0
0
0
0
0
0
0
0
0
0
0
0
0
$MCA_CAL:
3
-1.4656616 2.9313233 0.00000000000000
$ENER_FIT:
-1.4656616 2.9313233 0.00000000000000
$MCA_CAL_DATA:
3
298 872
597 1749
896 2625
$CAMBIO:
Parent file specification: C:\GADRAS-DRF\Temp\parallelGUI3\67GA_50.0_175.0_iron_3.50_7.5.pcf
Successful read of spectrum: Yes
Error message: None
Warning: None
Information: None
Neutrons: 0
Number of spectral records in the parent file: 1
Record number of this spectrum in the parent file: 1
Date and time of acquisition read successfully from the original file: Yes
Live time read successfully from the original file: Yes
True time read successfully from the original file: Yes
GADRAS Tag character is:  
Version: 130122
Parent file type: Sandia GADRAS PCF
