$SPEC_ID:
67GA,1uC{13,13.16}
$MEAS_TIM:
3600.00 3600.00
$DATE_MEA:
3/9/2018 5:22:25 PM
$DATA:
0 1193
70.208
82.500
75.547
167.635
137.073
109.127
87.858
73.327
64.153
57.515
54.928
54.948
58.758
65.831
74.057
82.500
92.395
105.241
120.191
137.155
150.165
165.262
176.510
178.600
179.414
181.509
183.964
187.578
195.038
207.580
225.657
232.135
202.198
157.266
124.064
108.473
101.871
97.185
92.981
89.214
86.033
83.208
80.730
78.771
77.131
77.361
78.031
78.889
79.175
78.307
76.398
73.789
70.970
68.460
66.329
64.262
62.784
62.617
64.739
69.758
76.417
82.877
85.153
79.895
68.745
54.992
42.678
34.856
30.722
28.903
28.088
27.069
25.549
23.702
21.798
20.084
18.779
18.032
17.618
17.242
16.904
16.596
16.285
15.962
15.628
15.290
14.947
14.597
14.238
13.878
13.526
13.221
13.022
13.004
13.291
14.165
15.889
18.598
22.189
26.239
29.914
32.049
32.001
29.580
25.311
20.101
14.841
10.338
6.883
4.526
3.086
2.301
1.928
1.749
1.663
1.620
1.596
1.581
1.569
1.559
1.555
1.561
1.586
1.641
1.744
1.933
2.242
2.679
3.244
3.910
4.637
5.335
5.862
6.113
6.056
5.679
5.045
4.238
3.356
2.510
1.781
1.194
0.761
0.467
0.280
0.172
0.115
0.084
0.068
0.061
0.057
0.056
0.055
0.054
0.054
0.054
0.055
0.056
0.057
0.060
0.064
0.069
0.074
0.081
0.087
0.094
0.098
0.101
0.101
0.099
0.094
0.087
0.079
0.071
0.062
0.055
0.049
0.044
0.040
0.037
0.035
0.034
0.033
0.032
0.032
0.032
0.031
0.031
0.031
0.031
0.031
0.030
0.030
0.030
0.030
0.029
0.029
0.029
0.029
0.028
0.028
0.028
0.028
0.027
0.027
0.027
0.027
0.026
0.026
0.026
0.026
0.026
0.025
0.025
0.025
0.025
0.025
0.024
0.024
0.024
0.023
0.023
0.023
0.022
0.022
0.022
0.021
0.021
0.021
0.021
0.021
0.020
0.020
0.020
0.020
0.021
0.021
0.021
0.020
0.020
0.020
0.019
0.019
0.018
0.017
0.017
0.016
0.015
0.015
0.014
0.013
0.013
0.013
0.013
0.013
0.013
0.014
0.014
0.015
0.016
0.018
0.019
0.021
0.023
0.025
0.027
0.029
0.031
0.032
0.033
0.033
0.033
0.032
0.031
0.029
0.027
0.025
0.023
0.020
0.018
0.016
0.015
0.013
0.012
0.012
0.012
0.012
0.013
0.015
0.017
0.020
0.023
0.027
0.031
0.036
0.040
0.045
0.050
0.054
0.057
0.060
0.062
0.062
0.062
0.060
0.057
0.054
0.049
0.044
0.039
0.034
0.029
0.024
0.020
0.016
0.013
0.010
0.007
0.005
0.004
0.003
0.002
0.001
0.001
0.001
0.000
0.000
0.000
0.000
0.000
0.000
0.000
0.000
-0.000
-0.000
-0.000
-0.000
-0.000
0.000
0.000
0.000
0.000
-0.000
-0.000
-0.000
-0.000
-0.000
0.000
0.000
0
0
0
0
0
0
0
0
0
0
0
0
0
0
0
0
0
0
0
0
0
0
0
0
0
0
0
0
0
0
0
0
0
0
0
0
0
0
0
0
0
0
0
0
0
0
0
0
0
0
0
0
0
0
0
0
0
0
0
0
0
0
0
0
0
0
0
0
0
0
0
0
0
0
0
0
0
0
0
0
0
0
0
0
0
0
0
0
0
0
0
0
0
0
0
0
0
0
0
0
0
0
0
0
0
0
0
0
0
0
0
0
0
0
0
0
0
0
0
0
0
0
0
0
0
0
0
0
0
0
0
0
0
0
0
0
0
0
0
0
0
0
0
0
0
0
0
0
0
0
0
0
0
0
0
0
0
0
0
0
0
0
0
0
0
0
0
0
0
0
0
0
0
0
0
0
0
0
0
0
0
0
0
0
0
0
0
0
0
0
0
0
0
0
0
0
0
0
0
0
0
0
0
0
0
0
0
0
0
0
0
0
0
0
0
0
0
0
0
0
0
0
0
0
0
0
0
0
0
0
0
0
0
0
0
0
0
0
0
0
0
0
0
0
0
0
0
0
0
0
0
0
0
0
0
0
0
0
0
0
0
0
0
0
0
0
0
0
0
0
0
0
0
0
0
0
0
0
0
0
0
0
0
0
0
0
0
0
0
0
0
0
0
0
0
0
0
0
0
0
0
0
0
0
0
0
0
0
0
0
0
0
0
0
0
0
0
0
0
0
0
0
0
0
0
0
0
0
0
0
0
0
0
0
0
0
0
0
0
0
0
0
0
0
0
0
0
0
0
0
0
0
0
0
0
0
0
0
0
0
0
0
0
0
0
0
0
0
0
0
0
0
0
0
0
0
0
0
0
0
0
0
0
0
0
0
0
0
0
0
0
0
0
0
0
0
0
0
0
0
0
0
0
0
0
0
0
0
0
0
0
0
0
0
0
0
0
0
0
0
0
0
0
0
0
0
0
0
0
0
0
0
0
0
0
0
0
0
0
0
0
0
0
0
0
0
0
0
0
0
0
0
0
0
0
0
0
0
0
0
0
0
0
0
0
0
0
0
0
0
0
0
0
0
0
0
0
0
0
0
0
0
0
0
0
0
0
0
0
0
0
0
0
0
0
0
0
0
0
0
0
0
0
0
0
0
0
0
0
0
0
0
0
0
0
0
0
0
0
0
0
0
0
0
0
0
0
0
0
0
0
0
0
0
0
0
0
0
0
0
0
0
0
0
0
0
0
0
0
0
0
0
0
0
0
0
0
0
0
0
0
0
0
0
0
0
0
0
0
0
0
0
0
0
0
0
0
0
0
0
0
0
0
0
0
0
0
0
0
0
0
0
0
0
0
0
0
0
0
0
0
0
0
0
0
0
0
0
0
0
0
0
0
0
0
0
0
0
0
0
0
0
0
0
0
0
0
0
0
0
0
0
0
0
0
0
0
0
0
0
0
0
0
0
0
0
0
0
0
0
0
0
0
0
0
0
0
0
0
0
0
0
0
0
0
0
0
0
0
0
0
0
0
0
0
0
0
0
0
0
0
0
0
0
0
0
0
0
0
0
0
0
0
0
0
0
0
0
0
0
0
0
0
0
0
0
0
0
0
0
0
0
0
0
0
0
0
0
0
0
0
0
0
0
0
0
0
0
0
0
0
0
0
0
0
0
0
0
0
0
0
0
0
0
0
0
0
0
0
0
0
0
0
0
0
0
0
0
0
0
0
0
0
0
0
0
0
0
0
0
0
0
0
0
0
0
0
0
0
0
0
0
0
0
0
0
0
0
0
0
0
0
0
0
0
0
0
0
0
0
0
0
0
0
0
0
0
0
0
0
0
0
0
0
0
0
0
0
0
0
0
0
0
0
0
0
0
0
0
0
0
0
0
0
0
0
0
0
0
0
0
0
0
0
0
$MCA_CAL:
3
-1.4656616 2.9313233 0.00000000000000
$ENER_FIT:
-1.4656616 2.9313233 0.00000000000000
$MCA_CAL_DATA:
3
298 872
597 1749
896 2625
$CAMBIO:
Parent file specification: C:\GADRAS-DRF\Temp\parallelGUI3\67GA_50.0_175.0_alum_13.16_6.0.pcf
Successful read of spectrum: Yes
Error message: None
Warning: None
Information: None
Neutrons: 0
Number of spectral records in the parent file: 1
Record number of this spectrum in the parent file: 1
Date and time of acquisition read successfully from the original file: Yes
Live time read successfully from the original file: Yes
True time read successfully from the original file: Yes
GADRAS Tag character is:  
Version: 130122
Parent file type: Sandia GADRAS PCF
