$SPEC_ID:
67GA,1uC{26,1.53}
$MEAS_TIM:
3600.00 3600.00
$DATE_MEA:
3/9/2018 5:22:25 PM
$DATA:
0 1193
134.568
165.187
152.965
143.938
114.531
89.442
70.759
58.386
49.240
42.892
39.153
37.066
37.171
38.284
39.459
41.127
43.813
47.527
52.612
60.988
76.005
99.161
117.889
121.661
117.329
113.988
117.435
131.741
161.171
213.830
285.966
328.910
287.167
195.339
124.098
93.930
84.352
79.312
74.456
70.076
66.589
63.798
61.861
61.347
61.499
63.629
67.412
72.393
76.789
78.888
78.288
75.515
71.451
66.869
62.183
57.884
55.115
55.203
60.293
72.365
90.041
108.110
117.988
112.832
94.023
69.072
46.404
31.567
24.381
22.257
22.116
21.731
20.352
18.159
15.808
13.830
12.524
11.872
11.610
11.461
11.378
11.320
11.238
11.115
10.961
10.796
10.621
10.427
10.215
9.995
9.792
9.660
9.697
10.094
11.131
13.265
16.915
22.322
29.301
37.081
44.197
48.637
49.356
46.121
39.697
31.415
22.792
15.293
9.504
5.575
3.190
1.868
1.221
0.924
0.802
0.751
0.728
0.720
0.718
0.720
0.729
0.755
0.813
0.926
1.127
1.464
1.986
2.719
3.680
4.821
6.064
7.263
8.214
8.755
8.814
8.356
7.474
6.304
4.999
3.731
2.633
1.745
1.094
0.651
0.370
0.204
0.115
0.068
0.046
0.036
0.031
0.029
0.028
0.029
0.029
0.030
0.031
0.033
0.036
0.041
0.047
0.055
0.064
0.075
0.085
0.095
0.103
0.108
0.110
0.108
0.102
0.094
0.083
0.072
0.061
0.051
0.043
0.036
0.031
0.027
0.025
0.023
0.022
0.022
0.022
0.021
0.021
0.021
0.021
0.021
0.021
0.021
0.021
0.021
0.021
0.021
0.021
0.020
0.020
0.020
0.020
0.020
0.020
0.019
0.019
0.019
0.019
0.019
0.019
0.019
0.019
0.018
0.018
0.018
0.018
0.018
0.018
0.018
0.017
0.017
0.017
0.016
0.016
0.016
0.016
0.015
0.015
0.015
0.015
0.015
0.015
0.015
0.015
0.015
0.015
0.015
0.015
0.015
0.015
0.015
0.015
0.014
0.014
0.013
0.012
0.011
0.011
0.010
0.009
0.008
0.008
0.007
0.007
0.007
0.007
0.008
0.008
0.009
0.010
0.012
0.013
0.015
0.018
0.020
0.023
0.025
0.028
0.030
0.032
0.033
0.033
0.033
0.032
0.031
0.029
0.027
0.024
0.021
0.019
0.016
0.014
0.012
0.011
0.009
0.009
0.009
0.010
0.011
0.013
0.015
0.018
0.022
0.027
0.032
0.037
0.043
0.048
0.054
0.059
0.063
0.066
0.068
0.069
0.069
0.067
0.064
0.060
0.056
0.050
0.044
0.039
0.033
0.027
0.023
0.018
0.014
0.011
0.008
0.006
0.005
0.003
0.002
0.002
0.001
0.001
0.000
0.000
0.000
0.000
0.000
0.000
0.000
0.000
-0.000
-0.000
-0.000
-0.000
-0.000
0.000
0.000
0.000
0.000
-0.000
-0.000
-0.000
-0.000
-0.000
0.000
0.000
0
0
0
0
0
0
0
0
0
0
0
0
0
0
0
0
0
0
0
0
0
0
0
0
0
0
0
0
0
0
0
0
0
0
0
0
0
0
0
0
0
0
0
0
0
0
0
0
0
0
0
0
0
0
0
0
0
0
0
0
0
0
0
0
0
0
0
0
0
0
0
0
0
0
0
0
0
0
0
0
0
0
0
0
0
0
0
0
0
0
0
0
0
0
0
0
0
0
0
0
0
0
0
0
0
0
0
0
0
0
0
0
0
0
0
0
0
0
0
0
0
0
0
0
0
0
0
0
0
0
0
0
0
0
0
0
0
0
0
0
0
0
0
0
0
0
0
0
0
0
0
0
0
0
0
0
0
0
0
0
0
0
0
0
0
0
0
0
0
0
0
0
0
0
0
0
0
0
0
0
0
0
0
0
0
0
0
0
0
0
0
0
0
0
0
0
0
0
0
0
0
0
0
0
0
0
0
0
0
0
0
0
0
0
0
0
0
0
0
0
0
0
0
0
0
0
0
0
0
0
0
0
0
0
0
0
0
0
0
0
0
0
0
0
0
0
0
0
0
0
0
0
0
0
0
0
0
0
0
0
0
0
0
0
0
0
0
0
0
0
0
0
0
0
0
0
0
0
0
0
0
0
0
0
0
0
0
0
0
0
0
0
0
0
0
0
0
0
0
0
0
0
0
0
0
0
0
0
0
0
0
0
0
0
0
0
0
0
0
0
0
0
0
0
0
0
0
0
0
0
0
0
0
0
0
0
0
0
0
0
0
0
0
0
0
0
0
0
0
0
0
0
0
0
0
0
0
0
0
0
0
0
0
0
0
0
0
0
0
0
0
0
0
0
0
0
0
0
0
0
0
0
0
0
0
0
0
0
0
0
0
0
0
0
0
0
0
0
0
0
0
0
0
0
0
0
0
0
0
0
0
0
0
0
0
0
0
0
0
0
0
0
0
0
0
0
0
0
0
0
0
0
0
0
0
0
0
0
0
0
0
0
0
0
0
0
0
0
0
0
0
0
0
0
0
0
0
0
0
0
0
0
0
0
0
0
0
0
0
0
0
0
0
0
0
0
0
0
0
0
0
0
0
0
0
0
0
0
0
0
0
0
0
0
0
0
0
0
0
0
0
0
0
0
0
0
0
0
0
0
0
0
0
0
0
0
0
0
0
0
0
0
0
0
0
0
0
0
0
0
0
0
0
0
0
0
0
0
0
0
0
0
0
0
0
0
0
0
0
0
0
0
0
0
0
0
0
0
0
0
0
0
0
0
0
0
0
0
0
0
0
0
0
0
0
0
0
0
0
0
0
0
0
0
0
0
0
0
0
0
0
0
0
0
0
0
0
0
0
0
0
0
0
0
0
0
0
0
0
0
0
0
0
0
0
0
0
0
0
0
0
0
0
0
0
0
0
0
0
0
0
0
0
0
0
0
0
0
0
0
0
0
0
0
0
0
0
0
0
0
0
0
0
0
0
0
0
0
0
0
0
0
0
0
0
0
0
0
0
0
0
0
0
0
0
0
0
0
0
0
0
0
0
0
0
0
0
0
0
0
0
0
0
0
0
0
0
0
0
0
0
0
0
0
0
0
0
0
0
0
0
0
0
0
0
0
0
0
0
0
0
0
0
0
0
0
0
0
0
0
0
0
0
0
0
0
0
0
0
0
0
0
0
0
0
0
0
0
0
0
0
0
0
0
0
0
0
0
0
0
0
0
0
0
0
0
0
0
0
0
0
0
0
0
0
0
0
0
0
0
0
0
0
0
0
0
0
0
0
0
0
0
0
0
0
0
0
0
0
0
0
0
0
0
0
0
0
0
0
0
0
0
0
0
0
0
0
0
0
0
0
0
0
0
0
0
0
0
0
0
0
0
0
0
0
0
0
0
0
0
0
0
0
0
0
$MCA_CAL:
3
-1.4656616 2.9313233 0.00000000000000
$ENER_FIT:
-1.4656616 2.9313233 0.00000000000000
$MCA_CAL_DATA:
3
298 872
597 1749
896 2625
$CAMBIO:
Parent file specification: C:\GADRAS-DRF\Temp\parallelGUI3\67GA_150.0_237.5_iron_1.53_6.0.pcf
Successful read of spectrum: Yes
Error message: None
Warning: None
Information: None
Neutrons: 0
Number of spectral records in the parent file: 1
Record number of this spectrum in the parent file: 1
Date and time of acquisition read successfully from the original file: Yes
Live time read successfully from the original file: Yes
True time read successfully from the original file: Yes
GADRAS Tag character is:  
Version: 130122
Parent file type: Sandia GADRAS PCF
