$SPEC_ID:
67GA,1uC{26,3.50}
$MEAS_TIM:
3600.00 3600.00
$DATE_MEA:
3/9/2018 5:22:25 PM
$DATA:
0 1193
517.512
549.746
498.962
526.105
431.569
357.262
295.618
250.659
215.388
190.106
174.894
163.397
156.959
153.118
151.140
152.543
156.493
167.677
192.301
237.970
309.162
382.557
437.985
480.052
532.484
619.301
757.157
979.980
1329.923
1763.756
2164.163
2322.892
2104.095
1626.301
1106.778
728.877
524.608
440.943
418.967
421.090
433.564
451.120
470.120
489.672
509.569
529.110
546.298
559.619
568.629
574.496
578.583
582.120
586.008
592.849
608.390
642.282
706.165
808.980
952.014
1118.942
1283.154
1407.096
1460.029
1420.939
1296.138
1113.044
907.328
717.784
564.724
456.359
386.707
341.518
309.933
283.778
259.268
236.587
216.494
200.281
188.627
180.729
175.615
172.444
170.451
169.110
168.051
167.125
166.493
166.438
167.664
171.013
178.010
190.748
211.164
240.684
280.557
330.833
390.535
457.618
525.799
587.796
636.367
664.381
665.426
639.680
591.096
524.250
446.266
364.899
286.802
216.446
157.940
112.853
79.483
55.930
40.260
30.523
24.812
21.887
21.016
21.508
23.115
25.905
29.956
35.340
42.134
50.404
60.026
70.685
82.050
93.541
104.194
113.025
119.199
122.339
122.131
118.366
111.462
102.049
90.770
78.354
65.618
53.372
42.251
32.474
24.200
17.563
12.452
8.636
5.883
3.974
2.721
1.937
1.445
1.148
0.993
0.932
0.922
0.951
1.008
1.086
1.176
1.274
1.374
1.470
1.556
1.629
1.682
1.712
1.716
1.695
1.651
1.583
1.497
1.398
1.291
1.180
1.070
0.966
0.870
0.787
0.716
0.656
0.607
0.568
0.538
0.515
0.498
0.485
0.476
0.470
0.465
0.461
0.458
0.455
0.452
0.449
0.446
0.444
0.441
0.438
0.435
0.432
0.428
0.425
0.422
0.420
0.417
0.415
0.411
0.407
0.403
0.399
0.396
0.393
0.391
0.388
0.386
0.382
0.377
0.371
0.366
0.360
0.355
0.352
0.348
0.346
0.343
0.340
0.337
0.334
0.331
0.328
0.325
0.323
0.320
0.317
0.314
0.310
0.305
0.300
0.294
0.287
0.279
0.272
0.264
0.256
0.249
0.242
0.237
0.233
0.231
0.231
0.234
0.239
0.247
0.258
0.271
0.287
0.306
0.326
0.348
0.371
0.394
0.417
0.440
0.460
0.479
0.494
0.505
0.513
0.516
0.516
0.512
0.504
0.493
0.479
0.465
0.449
0.434
0.420
0.409
0.400
0.396
0.397
0.403
0.416
0.434
0.459
0.489
0.525
0.566
0.611
0.658
0.707
0.756
0.804
0.850
0.891
0.927
0.957
0.979
0.992
0.995
0.990
0.975
0.953
0.922
0.884
0.839
0.789
0.735
0.678
0.619
0.561
0.503
0.446
0.392
0.341
0.294
0.251
0.212
0.178
0.148
0.121
0.099
0.079
0.063
0.050
0.039
0.030
0.023
0.018
0.013
0.010
0.007
0.005
0.004
0.003
0.002
0.001
0.001
0.001
0.000
0.000
0.000
0.000
0.000
0.000
0.000
0.000
-0.000
-0.000
-0.000
-0.000
-0.000
-0.000
0.000
0.000
0.000
0.000
0
0
0
0
0
0
0
0
0
0
0
0
0
0
0
0
0
0
0
0
0
0
0
0
0
0
0
0
0
0
0
0
0
0
0
0
0
0
0
0
0
0
0
0
0
0
0
0
0
0
0
0
0
0
0
0
0
0
0
0
0
0
0
0
0
0
0
0
0
0
0
0
0
0
0
0
0
0
0
0
0
0
0
0
0
0
0
0
0
0
0
0
0
0
0
0
0
0
0
0
0
0
0
0
0
0
0
0
0
0
0
0
0
0
0
0
0
0
0
0
0
0
0
0
0
0
0
0
0
0
0
0
0
0
0
0
0
0
0
0
0
0
0
0
0
0
0
0
0
0
0
0
0
0
0
0
0
0
0
0
0
0
0
0
0
0
0
0
0
0
0
0
0
0
0
0
0
0
0
0
0
0
0
0
0
0
0
0
0
0
0
0
0
0
0
0
0
0
0
0
0
0
0
0
0
0
0
0
0
0
0
0
0
0
0
0
0
0
0
0
0
0
0
0
0
0
0
0
0
0
0
0
0
0
0
0
0
0
0
0
0
0
0
0
0
0
0
0
0
0
0
0
0
0
0
0
0
0
0
0
0
0
0
0
0
0
0
0
0
0
0
0
0
0
0
0
0
0
0
0
0
0
0
0
0
0
0
0
0
0
0
0
0
0
0
0
0
0
0
0
0
0
0
0
0
0
0
0
0
0
0
0
0
0
0
0
0
0
0
0
0
0
0
0
0
0
0
0
0
0
0
0
0
0
0
0
0
0
0
0
0
0
0
0
0
0
0
0
0
0
0
0
0
0
0
0
0
0
0
0
0
0
0
0
0
0
0
0
0
0
0
0
0
0
0
0
0
0
0
0
0
0
0
0
0
0
0
0
0
0
0
0
0
0
0
0
0
0
0
0
0
0
0
0
0
0
0
0
0
0
0
0
0
0
0
0
0
0
0
0
0
0
0
0
0
0
0
0
0
0
0
0
0
0
0
0
0
0
0
0
0
0
0
0
0
0
0
0
0
0
0
0
0
0
0
0
0
0
0
0
0
0
0
0
0
0
0
0
0
0
0
0
0
0
0
0
0
0
0
0
0
0
0
0
0
0
0
0
0
0
0
0
0
0
0
0
0
0
0
0
0
0
0
0
0
0
0
0
0
0
0
0
0
0
0
0
0
0
0
0
0
0
0
0
0
0
0
0
0
0
0
0
0
0
0
0
0
0
0
0
0
0
0
0
0
0
0
0
0
0
0
0
0
0
0
0
0
0
0
0
0
0
0
0
0
0
0
0
0
0
0
0
0
0
0
0
0
0
0
0
0
0
0
0
0
0
0
0
0
0
0
0
0
0
0
0
0
0
0
0
0
0
0
0
0
0
0
0
0
0
0
0
0
0
0
0
0
0
0
0
0
0
0
0
0
0
0
0
0
0
0
0
0
0
0
0
0
0
0
0
0
0
0
0
0
0
0
0
0
0
0
0
0
0
0
0
0
0
0
0
0
0
0
0
0
0
0
0
0
0
0
0
0
0
0
0
0
0
0
0
0
0
0
0
0
0
0
0
0
0
0
0
0
0
0
0
0
0
0
0
0
0
0
0
0
0
0
0
0
0
0
0
0
0
0
0
0
0
0
0
0
0
0
0
0
0
0
0
0
0
0
0
0
0
0
0
0
0
0
0
0
0
0
0
0
0
0
0
0
0
0
0
0
0
0
0
0
0
0
0
0
0
0
0
0
0
0
0
0
0
0
0
0
0
0
0
0
0
0
0
0
0
0
0
0
0
0
0
0
0
0
0
0
0
0
0
0
0
0
0
0
0
0
0
0
0
0
0
0
0
0
0
0
0
0
0
0
0
0
0
0
0
0
0
0
0
0
0
0
0
0
0
0
0
$MCA_CAL:
3
-1.4656616 2.9313233 0.00000000000000
$ENER_FIT:
-1.4656616 2.9313233 0.00000000000000
$MCA_CAL_DATA:
3
298 872
597 1749
896 2625
$CAMBIO:
Parent file specification: C:\GADRAS-DRF\Temp\parallelGUI3\67GA_100.0_50.0_iron_3.50_8.5.pcf
Successful read of spectrum: Yes
Error message: None
Warning: None
Information: None
Neutrons: 0
Number of spectral records in the parent file: 1
Record number of this spectrum in the parent file: 1
Date and time of acquisition read successfully from the original file: Yes
Live time read successfully from the original file: Yes
True time read successfully from the original file: Yes
GADRAS Tag character is:  
Version: 130122
Parent file type: Sandia GADRAS PCF
