$SPEC_ID:
67GA,1uC{13,13.16}
$MEAS_TIM:
3600.00 3600.00
$DATE_MEA:
3/9/2018 5:22:25 PM
$DATA:
0 1193
51.199
59.801
54.563
123.164
99.934
80.596
65.964
55.805
49.089
44.247
42.425
42.571
45.638
51.227
57.771
64.280
71.833
81.342
93.390
108.169
119.160
131.626
141.100
142.168
141.331
141.173
143.149
148.717
160.154
176.823
194.871
200.615
176.158
138.798
107.324
91.031
83.638
79.159
75.492
72.107
69.137
66.503
64.263
62.454
61.376
61.645
62.844
64.037
64.855
64.712
63.596
61.749
59.610
57.587
55.762
54.254
53.424
54.031
56.947
61.619
67.379
72.817
74.068
69.658
60.500
49.041
38.347
30.644
26.074
23.846
22.811
21.922
20.750
19.356
17.884
16.526
15.508
14.864
14.506
14.293
14.115
13.944
13.768
13.584
13.393
13.197
12.991
12.775
12.552
12.331
12.131
12.002
12.034
12.305
12.892
13.982
15.825
18.439
21.661
25.047
27.962
29.700
29.559
27.507
24.056
19.771
15.262
11.071
7.650
5.227
3.624
2.624
2.055
1.757
1.622
1.560
1.529
1.512
1.502
1.501
1.510
1.534
1.579
1.663
1.810
2.040
2.366
2.798
3.323
3.920
4.534
5.084
5.490
5.689
5.627
5.308
4.786
4.118
3.377
2.638
1.958
1.379
0.933
0.611
0.389
0.243
0.155
0.104
0.076
0.062
0.055
0.052
0.051
0.050
0.050
0.050
0.051
0.053
0.055
0.058
0.062
0.066
0.072
0.077
0.083
0.088
0.092
0.094
0.094
0.092
0.088
0.083
0.076
0.069
0.062
0.055
0.049
0.045
0.041
0.038
0.035
0.034
0.033
0.032
0.031
0.031
0.031
0.031
0.030
0.030
0.030
0.030
0.030
0.029
0.029
0.029
0.029
0.029
0.028
0.028
0.028
0.028
0.027
0.027
0.027
0.027
0.027
0.026
0.026
0.026
0.026
0.026
0.025
0.025
0.025
0.025
0.025
0.024
0.024
0.024
0.023
0.023
0.023
0.022
0.022
0.022
0.022
0.021
0.021
0.021
0.021
0.020
0.020
0.020
0.020
0.020
0.020
0.020
0.020
0.020
0.020
0.019
0.019
0.018
0.017
0.017
0.016
0.015
0.015
0.014
0.014
0.014
0.013
0.013
0.013
0.014
0.014
0.015
0.016
0.017
0.018
0.020
0.022
0.023
0.025
0.027
0.028
0.030
0.031
0.031
0.031
0.031
0.031
0.030
0.028
0.027
0.025
0.023
0.021
0.019
0.017
0.016
0.015
0.014
0.014
0.014
0.015
0.016
0.017
0.019
0.022
0.025
0.028
0.032
0.036
0.040
0.044
0.048
0.051
0.054
0.056
0.057
0.058
0.057
0.056
0.054
0.051
0.047
0.043
0.039
0.034
0.030
0.026
0.022
0.018
0.015
0.012
0.009
0.007
0.005
0.004
0.003
0.002
0.002
0.001
0.001
0.001
0.000
0.000
0.000
0.000
0.000
0.000
0.000
0.000
0.000
0.000
0.000
0.000
0.000
-0.000
-0.000
-0.000
-0.000
0.000
0.000
0.000
0
0
0
0
0
0
0
0
0
0
0
0
0
0
0
0
0
0
0
0
0
0
0
0
0
0
0
0
0
0
0
0
0
0
0
0
0
0
0
0
0
0
0
0
0
0
0
0
0
0
0
0
0
0
0
0
0
0
0
0
0
0
0
0
0
0
0
0
0
0
0
0
0
0
0
0
0
0
0
0
0
0
0
0
0
0
0
0
0
0
0
0
0
0
0
0
0
0
0
0
0
0
0
0
0
0
0
0
0
0
0
0
0
0
0
0
0
0
0
0
0
0
0
0
0
0
0
0
0
0
0
0
0
0
0
0
0
0
0
0
0
0
0
0
0
0
0
0
0
0
0
0
0
0
0
0
0
0
0
0
0
0
0
0
0
0
0
0
0
0
0
0
0
0
0
0
0
0
0
0
0
0
0
0
0
0
0
0
0
0
0
0
0
0
0
0
0
0
0
0
0
0
0
0
0
0
0
0
0
0
0
0
0
0
0
0
0
0
0
0
0
0
0
0
0
0
0
0
0
0
0
0
0
0
0
0
0
0
0
0
0
0
0
0
0
0
0
0
0
0
0
0
0
0
0
0
0
0
0
0
0
0
0
0
0
0
0
0
0
0
0
0
0
0
0
0
0
0
0
0
0
0
0
0
0
0
0
0
0
0
0
0
0
0
0
0
0
0
0
0
0
0
0
0
0
0
0
0
0
0
0
0
0
0
0
0
0
0
0
0
0
0
0
0
0
0
0
0
0
0
0
0
0
0
0
0
0
0
0
0
0
0
0
0
0
0
0
0
0
0
0
0
0
0
0
0
0
0
0
0
0
0
0
0
0
0
0
0
0
0
0
0
0
0
0
0
0
0
0
0
0
0
0
0
0
0
0
0
0
0
0
0
0
0
0
0
0
0
0
0
0
0
0
0
0
0
0
0
0
0
0
0
0
0
0
0
0
0
0
0
0
0
0
0
0
0
0
0
0
0
0
0
0
0
0
0
0
0
0
0
0
0
0
0
0
0
0
0
0
0
0
0
0
0
0
0
0
0
0
0
0
0
0
0
0
0
0
0
0
0
0
0
0
0
0
0
0
0
0
0
0
0
0
0
0
0
0
0
0
0
0
0
0
0
0
0
0
0
0
0
0
0
0
0
0
0
0
0
0
0
0
0
0
0
0
0
0
0
0
0
0
0
0
0
0
0
0
0
0
0
0
0
0
0
0
0
0
0
0
0
0
0
0
0
0
0
0
0
0
0
0
0
0
0
0
0
0
0
0
0
0
0
0
0
0
0
0
0
0
0
0
0
0
0
0
0
0
0
0
0
0
0
0
0
0
0
0
0
0
0
0
0
0
0
0
0
0
0
0
0
0
0
0
0
0
0
0
0
0
0
0
0
0
0
0
0
0
0
0
0
0
0
0
0
0
0
0
0
0
0
0
0
0
0
0
0
0
0
0
0
0
0
0
0
0
0
0
0
0
0
0
0
0
0
0
0
0
0
0
0
0
0
0
0
0
0
0
0
0
0
0
0
0
0
0
0
0
0
0
0
0
0
0
0
0
0
0
0
0
0
0
0
0
0
0
0
0
0
0
0
0
0
0
0
0
0
0
0
0
0
0
0
0
0
0
0
0
0
0
0
0
0
0
0
0
0
0
0
0
0
0
0
0
0
0
0
0
0
0
0
0
0
0
0
0
0
0
0
0
0
0
0
0
0
0
0
0
0
0
0
0
0
0
0
0
0
0
0
0
0
0
0
0
0
0
0
0
0
0
0
0
0
0
0
0
0
0
0
0
0
0
0
0
0
0
0
0
0
0
0
0
0
0
0
0
0
0
0
0
0
0
0
0
0
0
0
0
0
0
0
0
0
0
0
0
0
0
0
0
0
0
0
0
0
0
0
0
0
0
0
0
0
0
0
0
0
0
$MCA_CAL:
3
-1.4656616 2.9313233 0.00000000000000
$ENER_FIT:
-1.4656616 2.9313233 0.00000000000000
$MCA_CAL_DATA:
3
298 872
597 1749
896 2625
$CAMBIO:
Parent file specification: C:\GADRAS-DRF\Temp\parallelGUI3\67GA_125.0_175.0_alum_13.16_6.5.pcf
Successful read of spectrum: Yes
Error message: None
Warning: None
Information: None
Neutrons: 0
Number of spectral records in the parent file: 1
Record number of this spectrum in the parent file: 1
Date and time of acquisition read successfully from the original file: Yes
Live time read successfully from the original file: Yes
True time read successfully from the original file: Yes
GADRAS Tag character is:  
Version: 130122
Parent file type: Sandia GADRAS PCF
