$SPEC_ID:
67GA,1uC{13,13.16}
$MEAS_TIM:
3600.00 3600.00
$DATE_MEA:
3/9/2018 5:22:25 PM
$DATA:
0 1193
46.282
54.308
51.948
101.617
92.566
74.719
61.398
51.932
45.635
41.100
39.552
39.996
42.861
47.964
53.917
60.585
68.060
77.720
88.689
101.411
111.685
122.139
130.020
132.216
133.960
135.916
139.177
146.000
157.075
168.139
175.655
173.216
158.727
136.490
113.583
95.827
83.924
76.553
72.199
68.995
66.254
63.970
62.116
60.666
59.786
59.911
60.601
61.078
61.183
60.836
59.941
58.600
57.023
55.459
54.186
53.509
53.677
54.854
56.971
59.725
62.167
63.055
61.933
58.803
54.001
48.056
41.684
35.691
30.583
26.641
23.829
21.785
20.206
18.905
17.745
16.723
15.859
15.162
14.632
14.247
13.955
13.709
13.491
13.289
13.097
12.915
12.748
12.610
12.519
12.513
12.643
12.957
13.476
14.219
15.193
16.392
17.802
19.333
20.845
22.189
23.146
23.483
23.044
21.911
20.211
18.079
15.674
13.160
10.694
8.433
6.529
5.052
3.941
3.121
2.530
2.125
1.869
1.724
1.667
1.673
1.725
1.815
1.942
2.105
2.302
2.534
2.801
3.094
3.396
3.689
3.953
4.166
4.299
4.332
4.263
4.100
3.856
3.543
3.179
2.782
2.372
1.966
1.584
1.246
0.963
0.734
0.551
0.407
0.296
0.215
0.156
0.116
0.091
0.076
0.068
0.064
0.062
0.061
0.062
0.064
0.066
0.069
0.071
0.074
0.076
0.078
0.079
0.079
0.079
0.078
0.076
0.073
0.070
0.067
0.063
0.059
0.055
0.051
0.048
0.044
0.042
0.039
0.037
0.036
0.034
0.033
0.032
0.032
0.031
0.031
0.030
0.030
0.030
0.029
0.029
0.029
0.029
0.029
0.028
0.028
0.028
0.028
0.027
0.027
0.027
0.027
0.027
0.026
0.026
0.026
0.026
0.025
0.025
0.025
0.025
0.024
0.024
0.024
0.024
0.023
0.023
0.023
0.023
0.023
0.022
0.022
0.022
0.022
0.021
0.021
0.021
0.021
0.021
0.020
0.020
0.020
0.020
0.019
0.019
0.019
0.019
0.018
0.018
0.018
0.017
0.017
0.017
0.016
0.016
0.016
0.016
0.016
0.016
0.016
0.017
0.017
0.018
0.018
0.019
0.019
0.020
0.021
0.022
0.023
0.023
0.024
0.024
0.025
0.025
0.026
0.026
0.026
0.025
0.025
0.025
0.024
0.024
0.023
0.023
0.022
0.022
0.022
0.022
0.022
0.022
0.023
0.023
0.024
0.025
0.027
0.028
0.030
0.032
0.033
0.035
0.037
0.038
0.040
0.041
0.042
0.042
0.043
0.043
0.042
0.042
0.041
0.039
0.038
0.036
0.034
0.032
0.030
0.027
0.025
0.023
0.020
0.018
0.016
0.014
0.012
0.011
0.009
0.008
0.006
0.005
0.004
0.004
0.003
0.002
0.002
0.001
0.001
0.001
0.001
0.001
0.000
0.000
0.000
0.000
0.000
0.000
0.000
0.000
0.000
0.000
0.000
0.000
0.000
0.000
-0.000
-0.000
-0.000
-0.000
-0.000
-0.000
-0.000
0.000
0.000
0.000
0.000
0.000
0.000
0.000
-0.000
-0.000
-0.000
-0.000
-0.000
-0.000
-0.000
0.000
0.000
0.000
0.000
0
0
0
0
0
0
0
0
0
0
0
0
0
0
0
0
0
0
0
0
0
0
0
0
0
0
0
0
0
0
0
0
0
0
0
0
0
0
0
0
0
0
0
0
0
0
0
0
0
0
0
0
0
0
0
0
0
0
0
0
0
0
0
0
0
0
0
0
0
0
0
0
0
0
0
0
0
0
0
0
0
0
0
0
0
0
0
0
0
0
0
0
0
0
0
0
0
0
0
0
0
0
0
0
0
0
0
0
0
0
0
0
0
0
0
0
0
0
0
0
0
0
0
0
0
0
0
0
0
0
0
0
0
0
0
0
0
0
0
0
0
0
0
0
0
0
0
0
0
0
0
0
0
0
0
0
0
0
0
0
0
0
0
0
0
0
0
0
0
0
0
0
0
0
0
0
0
0
0
0
0
0
0
0
0
0
0
0
0
0
0
0
0
0
0
0
0
0
0
0
0
0
0
0
0
0
0
0
0
0
0
0
0
0
0
0
0
0
0
0
0
0
0
0
0
0
0
0
0
0
0
0
0
0
0
0
0
0
0
0
0
0
0
0
0
0
0
0
0
0
0
0
0
0
0
0
0
0
0
0
0
0
0
0
0
0
0
0
0
0
0
0
0
0
0
0
0
0
0
0
0
0
0
0
0
0
0
0
0
0
0
0
0
0
0
0
0
0
0
0
0
0
0
0
0
0
0
0
0
0
0
0
0
0
0
0
0
0
0
0
0
0
0
0
0
0
0
0
0
0
0
0
0
0
0
0
0
0
0
0
0
0
0
0
0
0
0
0
0
0
0
0
0
0
0
0
0
0
0
0
0
0
0
0
0
0
0
0
0
0
0
0
0
0
0
0
0
0
0
0
0
0
0
0
0
0
0
0
0
0
0
0
0
0
0
0
0
0
0
0
0
0
0
0
0
0
0
0
0
0
0
0
0
0
0
0
0
0
0
0
0
0
0
0
0
0
0
0
0
0
0
0
0
0
0
0
0
0
0
0
0
0
0
0
0
0
0
0
0
0
0
0
0
0
0
0
0
0
0
0
0
0
0
0
0
0
0
0
0
0
0
0
0
0
0
0
0
0
0
0
0
0
0
0
0
0
0
0
0
0
0
0
0
0
0
0
0
0
0
0
0
0
0
0
0
0
0
0
0
0
0
0
0
0
0
0
0
0
0
0
0
0
0
0
0
0
0
0
0
0
0
0
0
0
0
0
0
0
0
0
0
0
0
0
0
0
0
0
0
0
0
0
0
0
0
0
0
0
0
0
0
0
0
0
0
0
0
0
0
0
0
0
0
0
0
0
0
0
0
0
0
0
0
0
0
0
0
0
0
0
0
0
0
0
0
0
0
0
0
0
0
0
0
0
0
0
0
0
0
0
0
0
0
0
0
0
0
0
0
0
0
0
0
0
0
0
0
0
0
0
0
0
0
0
0
0
0
0
0
0
0
0
0
0
0
0
0
0
0
0
0
0
0
0
0
0
0
0
0
0
0
0
0
0
0
0
0
0
0
0
0
0
0
0
0
0
0
0
0
0
0
0
0
0
0
0
0
0
0
0
0
0
0
0
0
0
0
0
0
0
0
0
0
0
0
0
0
0
0
0
0
0
0
0
0
0
0
0
0
0
0
0
0
0
0
0
0
0
0
0
0
0
0
0
0
0
0
0
0
0
0
0
0
0
0
0
0
0
0
0
0
0
0
0
0
0
0
0
0
0
0
0
0
0
0
0
0
0
0
0
0
0
0
0
0
0
0
0
0
0
0
0
0
0
0
0
0
0
0
0
0
0
0
0
0
0
0
0
0
0
0
0
0
0
0
0
0
0
0
0
0
0
0
0
0
0
0
0
0
0
$MCA_CAL:
3
-1.4656616 2.9313233 0.00000000000000
$ENER_FIT:
-1.4656616 2.9313233 0.00000000000000
$MCA_CAL_DATA:
3
298 872
597 1749
896 2625
$CAMBIO:
Parent file specification: C:\GADRAS-DRF\Temp\parallelGUI3\67GA_150.0_175.0_alum_13.16_9.0.pcf
Successful read of spectrum: Yes
Error message: None
Warning: None
Information: None
Neutrons: 0
Number of spectral records in the parent file: 1
Record number of this spectrum in the parent file: 1
Date and time of acquisition read successfully from the original file: Yes
Live time read successfully from the original file: Yes
True time read successfully from the original file: Yes
GADRAS Tag character is:  
Version: 130122
Parent file type: Sandia GADRAS PCF
