$SPEC_ID:
67GA,1uC{13,4.18}
$MEAS_TIM:
3600.00 3600.00
$DATE_MEA:
3/9/2018 5:22:25 PM
$DATA:
0 1193
166.544
207.340
192.330
244.100
189.912
149.401
119.763
99.738
85.717
75.901
71.144
70.093
73.965
81.960
90.958
100.982
112.895
128.277
147.799
173.939
203.391
239.182
266.978
274.675
272.501
271.103
277.558
300.224
349.703
425.824
508.278
540.908
469.666
344.189
229.163
165.681
138.371
127.113
120.150
114.361
109.781
105.941
103.214
101.706
101.080
103.016
106.409
110.192
113.262
114.422
113.419
110.586
106.604
102.181
97.771
94.357
93.362
96.494
105.597
120.490
138.076
152.958
159.161
151.842
132.632
106.704
80.991
60.439
47.487
40.544
37.129
34.948
32.758
30.145
27.313
24.662
22.600
21.280
20.489
20.032
19.755
19.558
19.376
19.174
18.935
18.663
18.370
18.069
17.779
17.535
17.400
17.533
18.131
19.447
21.757
25.371
30.565
37.186
44.803
52.454
58.746
62.498
62.824
59.354
52.887
44.417
35.137
26.264
18.559
12.484
8.184
5.338
3.590
2.612
2.089
1.822
1.702
1.646
1.634
1.656
1.715
1.824
2.001
2.286
2.720
3.331
4.137
5.142
6.307
7.582
8.866
10.002
10.841
11.292
11.287
10.802
9.916
8.726
7.349
5.921
4.574
3.385
2.392
1.626
1.068
0.678
0.421
0.262
0.168
0.113
0.084
0.069
0.061
0.058
0.058
0.060
0.063
0.068
0.073
0.080
0.089
0.099
0.109
0.121
0.132
0.141
0.149
0.153
0.154
0.151
0.145
0.137
0.126
0.114
0.102
0.089
0.078
0.069
0.060
0.054
0.049
0.045
0.043
0.041
0.040
0.039
0.038
0.038
0.038
0.038
0.038
0.037
0.037
0.037
0.037
0.036
0.036
0.036
0.036
0.036
0.035
0.035
0.035
0.034
0.034
0.034
0.034
0.033
0.033
0.033
0.033
0.032
0.032
0.032
0.032
0.032
0.031
0.031
0.030
0.030
0.030
0.029
0.029
0.028
0.028
0.028
0.027
0.027
0.027
0.026
0.026
0.026
0.026
0.026
0.026
0.026
0.026
0.026
0.026
0.025
0.025
0.024
0.023
0.022
0.021
0.020
0.019
0.019
0.018
0.017
0.016
0.016
0.016
0.016
0.016
0.017
0.018
0.020
0.021
0.023
0.026
0.028
0.031
0.034
0.037
0.040
0.042
0.044
0.046
0.047
0.047
0.047
0.046
0.045
0.043
0.040
0.038
0.035
0.032
0.030
0.027
0.025
0.024
0.023
0.023
0.023
0.024
0.026
0.029
0.033
0.037
0.043
0.048
0.054
0.060
0.067
0.073
0.078
0.083
0.088
0.091
0.093
0.093
0.093
0.091
0.088
0.084
0.079
0.073
0.067
0.060
0.054
0.047
0.041
0.034
0.029
0.024
0.019
0.016
0.012
0.010
0.007
0.006
0.004
0.003
0.002
0.002
0.001
0.001
0.001
0.000
0.000
0.000
0.000
0.000
0.000
0.000
0.000
0.000
0.000
0.000
-0.000
-0.000
-0.000
-0.000
-0.000
0.000
0.000
0.000
0.000
0.000
-0.000
-0.000
-0.000
-0.000
-0.000
-0.000
0.000
0.000
0.000
0
0
0
0
0
0
0
0
0
0
0
0
0
0
0
0
0
0
0
0
0
0
0
0
0
0
0
0
0
0
0
0
0
0
0
0
0
0
0
0
0
0
0
0
0
0
0
0
0
0
0
0
0
0
0
0
0
0
0
0
0
0
0
0
0
0
0
0
0
0
0
0
0
0
0
0
0
0
0
0
0
0
0
0
0
0
0
0
0
0
0
0
0
0
0
0
0
0
0
0
0
0
0
0
0
0
0
0
0
0
0
0
0
0
0
0
0
0
0
0
0
0
0
0
0
0
0
0
0
0
0
0
0
0
0
0
0
0
0
0
0
0
0
0
0
0
0
0
0
0
0
0
0
0
0
0
0
0
0
0
0
0
0
0
0
0
0
0
0
0
0
0
0
0
0
0
0
0
0
0
0
0
0
0
0
0
0
0
0
0
0
0
0
0
0
0
0
0
0
0
0
0
0
0
0
0
0
0
0
0
0
0
0
0
0
0
0
0
0
0
0
0
0
0
0
0
0
0
0
0
0
0
0
0
0
0
0
0
0
0
0
0
0
0
0
0
0
0
0
0
0
0
0
0
0
0
0
0
0
0
0
0
0
0
0
0
0
0
0
0
0
0
0
0
0
0
0
0
0
0
0
0
0
0
0
0
0
0
0
0
0
0
0
0
0
0
0
0
0
0
0
0
0
0
0
0
0
0
0
0
0
0
0
0
0
0
0
0
0
0
0
0
0
0
0
0
0
0
0
0
0
0
0
0
0
0
0
0
0
0
0
0
0
0
0
0
0
0
0
0
0
0
0
0
0
0
0
0
0
0
0
0
0
0
0
0
0
0
0
0
0
0
0
0
0
0
0
0
0
0
0
0
0
0
0
0
0
0
0
0
0
0
0
0
0
0
0
0
0
0
0
0
0
0
0
0
0
0
0
0
0
0
0
0
0
0
0
0
0
0
0
0
0
0
0
0
0
0
0
0
0
0
0
0
0
0
0
0
0
0
0
0
0
0
0
0
0
0
0
0
0
0
0
0
0
0
0
0
0
0
0
0
0
0
0
0
0
0
0
0
0
0
0
0
0
0
0
0
0
0
0
0
0
0
0
0
0
0
0
0
0
0
0
0
0
0
0
0
0
0
0
0
0
0
0
0
0
0
0
0
0
0
0
0
0
0
0
0
0
0
0
0
0
0
0
0
0
0
0
0
0
0
0
0
0
0
0
0
0
0
0
0
0
0
0
0
0
0
0
0
0
0
0
0
0
0
0
0
0
0
0
0
0
0
0
0
0
0
0
0
0
0
0
0
0
0
0
0
0
0
0
0
0
0
0
0
0
0
0
0
0
0
0
0
0
0
0
0
0
0
0
0
0
0
0
0
0
0
0
0
0
0
0
0
0
0
0
0
0
0
0
0
0
0
0
0
0
0
0
0
0
0
0
0
0
0
0
0
0
0
0
0
0
0
0
0
0
0
0
0
0
0
0
0
0
0
0
0
0
0
0
0
0
0
0
0
0
0
0
0
0
0
0
0
0
0
0
0
0
0
0
0
0
0
0
0
0
0
0
0
0
0
0
0
0
0
0
0
0
0
0
0
0
0
0
0
0
0
0
0
0
0
0
0
0
0
0
0
0
0
0
0
0
0
0
0
0
0
0
0
0
0
0
0
0
0
0
0
0
0
0
0
0
0
0
0
0
0
0
0
0
0
0
0
0
0
0
0
0
0
0
0
0
0
0
0
0
0
0
0
0
0
0
0
0
0
0
0
0
0
0
0
0
0
0
0
0
0
0
0
0
0
0
0
0
0
0
0
0
0
0
0
0
0
0
0
0
0
0
0
0
0
0
0
0
0
0
0
0
0
0
0
0
0
0
0
0
0
0
0
0
0
0
0
$MCA_CAL:
3
-1.4656616 2.9313233 0.00000000000000
$ENER_FIT:
-1.4656616 2.9313233 0.00000000000000
$MCA_CAL_DATA:
3
298 872
597 1749
896 2625
$CAMBIO:
Parent file specification: C:\GADRAS-DRF\Temp\parallelGUI3\67GA_100.0_175.0_alum_4.18_7.0.pcf
Successful read of spectrum: Yes
Error message: None
Warning: None
Information: None
Neutrons: 0
Number of spectral records in the parent file: 1
Record number of this spectrum in the parent file: 1
Date and time of acquisition read successfully from the original file: Yes
Live time read successfully from the original file: Yes
True time read successfully from the original file: Yes
GADRAS Tag character is:  
Version: 130122
Parent file type: Sandia GADRAS PCF
