$SPEC_ID:
67GA,1uC{26,1.53}
$MEAS_TIM:
3600.00 3600.00
$DATE_MEA:
3/9/2018 5:22:25 PM
$DATA:
0 1193
236.067
289.492
269.739
257.066
201.947
157.036
123.418
101.049
84.633
73.441
66.990
63.550
63.787
65.667
68.037
71.410
76.271
83.072
92.605
108.900
135.602
170.137
198.892
212.602
217.835
223.644
236.759
265.512
320.555
403.093
488.482
524.649
470.027
357.980
248.057
178.452
145.843
132.041
124.682
119.415
115.671
113.007
111.802
111.735
112.832
115.640
119.800
124.287
127.770
129.117
128.117
125.110
120.718
115.665
110.781
107.332
107.279
112.739
124.933
142.844
163.086
180.294
187.407
180.165
159.737
131.205
101.725
76.737
59.440
48.865
43.028
39.463
36.560
33.554
30.392
27.417
24.948
23.222
22.127
21.438
21.003
20.698
20.440
20.164
19.866
19.558
19.243
18.929
18.657
18.494
18.573
19.082
20.273
22.483
26.016
31.102
37.860
45.944
54.822
63.415
70.264
74.213
74.618
71.090
64.284
55.168
44.855
34.584
25.407
17.752
11.901
7.785
5.051
3.351
2.384
1.863
1.593
1.483
1.454
1.489
1.595
1.785
2.088
2.534
3.152
3.967
5.002
6.233
7.614
9.083
10.510
11.748
12.662
13.170
13.198
12.722
11.820
10.581
9.114
7.550
6.025
4.635
3.425
2.436
1.677
1.118
0.723
0.458
0.290
0.189
0.127
0.092
0.075
0.066
0.063
0.063
0.067
0.073
0.081
0.090
0.100
0.112
0.124
0.136
0.148
0.158
0.166
0.170
0.172
0.169
0.164
0.155
0.144
0.131
0.118
0.105
0.092
0.081
0.071
0.063
0.056
0.051
0.047
0.045
0.043
0.041
0.040
0.040
0.040
0.039
0.039
0.039
0.039
0.038
0.038
0.038
0.038
0.038
0.037
0.037
0.037
0.037
0.036
0.036
0.036
0.035
0.035
0.035
0.035
0.035
0.034
0.034
0.034
0.033
0.033
0.033
0.033
0.032
0.032
0.031
0.031
0.030
0.030
0.030
0.029
0.029
0.029
0.028
0.028
0.028
0.028
0.028
0.027
0.027
0.027
0.027
0.027
0.027
0.027
0.026
0.025
0.025
0.024
0.023
0.022
0.021
0.020
0.019
0.018
0.018
0.017
0.017
0.017
0.017
0.018
0.019
0.020
0.022
0.024
0.026
0.029
0.032
0.035
0.037
0.040
0.043
0.046
0.048
0.049
0.050
0.051
0.051
0.050
0.049
0.047
0.045
0.042
0.040
0.037
0.035
0.032
0.031
0.029
0.029
0.029
0.030
0.031
0.034
0.037
0.041
0.046
0.051
0.057
0.064
0.070
0.076
0.082
0.088
0.093
0.097
0.100
0.102
0.103
0.103
0.101
0.098
0.094
0.089
0.083
0.077
0.070
0.064
0.057
0.050
0.043
0.037
0.031
0.026
0.022
0.018
0.014
0.011
0.009
0.007
0.005
0.004
0.003
0.002
0.002
0.001
0.001
0.001
0.000
0.000
0.000
0.000
0.000
0.000
0.000
0.000
0.000
0.000
0.000
0.000
-0.000
-0.000
-0.000
-0.000
-0.000
0.000
0.000
0.000
0.000
0.000
0.000
0.000
0.000
0.000
0
0
0
0
0
0
0
0
0
0
0
0
0
0
0
0
0
0
0
0
0
0
0
0
0
0
0
0
0
0
0
0
0
0
0
0
0
0
0
0
0
0
0
0
0
0
0
0
0
0
0
0
0
0
0
0
0
0
0
0
0
0
0
0
0
0
0
0
0
0
0
0
0
0
0
0
0
0
0
0
0
0
0
0
0
0
0
0
0
0
0
0
0
0
0
0
0
0
0
0
0
0
0
0
0
0
0
0
0
0
0
0
0
0
0
0
0
0
0
0
0
0
0
0
0
0
0
0
0
0
0
0
0
0
0
0
0
0
0
0
0
0
0
0
0
0
0
0
0
0
0
0
0
0
0
0
0
0
0
0
0
0
0
0
0
0
0
0
0
0
0
0
0
0
0
0
0
0
0
0
0
0
0
0
0
0
0
0
0
0
0
0
0
0
0
0
0
0
0
0
0
0
0
0
0
0
0
0
0
0
0
0
0
0
0
0
0
0
0
0
0
0
0
0
0
0
0
0
0
0
0
0
0
0
0
0
0
0
0
0
0
0
0
0
0
0
0
0
0
0
0
0
0
0
0
0
0
0
0
0
0
0
0
0
0
0
0
0
0
0
0
0
0
0
0
0
0
0
0
0
0
0
0
0
0
0
0
0
0
0
0
0
0
0
0
0
0
0
0
0
0
0
0
0
0
0
0
0
0
0
0
0
0
0
0
0
0
0
0
0
0
0
0
0
0
0
0
0
0
0
0
0
0
0
0
0
0
0
0
0
0
0
0
0
0
0
0
0
0
0
0
0
0
0
0
0
0
0
0
0
0
0
0
0
0
0
0
0
0
0
0
0
0
0
0
0
0
0
0
0
0
0
0
0
0
0
0
0
0
0
0
0
0
0
0
0
0
0
0
0
0
0
0
0
0
0
0
0
0
0
0
0
0
0
0
0
0
0
0
0
0
0
0
0
0
0
0
0
0
0
0
0
0
0
0
0
0
0
0
0
0
0
0
0
0
0
0
0
0
0
0
0
0
0
0
0
0
0
0
0
0
0
0
0
0
0
0
0
0
0
0
0
0
0
0
0
0
0
0
0
0
0
0
0
0
0
0
0
0
0
0
0
0
0
0
0
0
0
0
0
0
0
0
0
0
0
0
0
0
0
0
0
0
0
0
0
0
0
0
0
0
0
0
0
0
0
0
0
0
0
0
0
0
0
0
0
0
0
0
0
0
0
0
0
0
0
0
0
0
0
0
0
0
0
0
0
0
0
0
0
0
0
0
0
0
0
0
0
0
0
0
0
0
0
0
0
0
0
0
0
0
0
0
0
0
0
0
0
0
0
0
0
0
0
0
0
0
0
0
0
0
0
0
0
0
0
0
0
0
0
0
0
0
0
0
0
0
0
0
0
0
0
0
0
0
0
0
0
0
0
0
0
0
0
0
0
0
0
0
0
0
0
0
0
0
0
0
0
0
0
0
0
0
0
0
0
0
0
0
0
0
0
0
0
0
0
0
0
0
0
0
0
0
0
0
0
0
0
0
0
0
0
0
0
0
0
0
0
0
0
0
0
0
0
0
0
0
0
0
0
0
0
0
0
0
0
0
0
0
0
0
0
0
0
0
0
0
0
0
0
0
0
0
0
0
0
0
0
0
0
0
0
0
0
0
0
0
0
0
0
0
0
0
0
0
0
0
0
0
0
0
0
0
0
0
0
0
0
0
0
0
0
0
0
0
0
0
0
0
0
0
0
0
0
0
0
0
0
0
0
0
0
0
0
0
0
0
0
0
0
0
0
0
0
0
0
0
0
0
0
0
0
0
0
0
0
0
0
0
0
0
0
0
0
0
0
0
0
0
0
0
0
0
0
0
0
0
0
0
0
0
0
0
0
0
0
$MCA_CAL:
3
-1.4656616 2.9313233 0.00000000000000
$ENER_FIT:
-1.4656616 2.9313233 0.00000000000000
$MCA_CAL_DATA:
3
298 872
597 1749
896 2625
$CAMBIO:
Parent file specification: C:\GADRAS-DRF\Temp\parallelGUI3\67GA_75.0_175.0_iron_1.53_7.5.pcf
Successful read of spectrum: Yes
Error message: None
Warning: None
Information: None
Neutrons: 0
Number of spectral records in the parent file: 1
Record number of this spectrum in the parent file: 1
Date and time of acquisition read successfully from the original file: Yes
Live time read successfully from the original file: Yes
True time read successfully from the original file: Yes
GADRAS Tag character is:  
Version: 130122
Parent file type: Sandia GADRAS PCF
