$SPEC_ID:
67GA,1uC{82,1.61}
$MEAS_TIM:
3600.00 3600.00
$DATE_MEA:
3/9/2018 5:22:25 PM
$DATA:
0 1193
46.445
46.772
42.956
40.684
34.884
28.742
23.376
19.716
16.700
14.498
13.109
12.059
11.679
11.473
11.499
11.751
12.108
12.620
13.151
13.717
14.332
14.969
15.562
16.029
16.566
17.072
17.641
18.358
19.294
20.528
22.131
23.899
25.372
26.354
26.990
27.145
26.947
26.550
26.034
25.538
25.152
24.985
25.224
25.788
26.625
27.944
29.545
31.001
31.996
32.297
31.769
30.526
28.809
26.888
25.039
23.540
22.578
22.235
22.429
22.949
23.536
23.900
23.741
22.789
21.109
18.946
16.617
14.469
12.690
11.349
10.412
9.747
9.238
8.809
8.408
8.038
7.717
7.450
7.243
7.089
6.975
6.887
6.811
6.736
6.658
6.586
6.528
6.505
6.540
6.671
6.949
7.424
8.150
9.180
10.531
12.178
14.081
16.121
18.127
19.919
21.287
22.010
21.936
21.111
19.618
17.578
15.194
12.678
10.214
7.935
5.972
4.393
3.170
2.265
1.635
1.223
0.972
0.835
0.788
0.811
0.887
1.016
1.197
1.435
1.725
2.067
2.455
2.878
3.314
3.740
4.131
4.460
4.696
4.813
4.804
4.677
4.438
4.101
3.692
3.239
2.769
2.305
1.865
1.470
1.132
0.852
0.626
0.449
0.317
0.221
0.154
0.108
0.078
0.060
0.050
0.045
0.043
0.043
0.045
0.048
0.052
0.055
0.059
0.063
0.067
0.070
0.072
0.073
0.073
0.073
0.071
0.068
0.065
0.061
0.057
0.052
0.048
0.044
0.040
0.036
0.033
0.030
0.028
0.026
0.024
0.023
0.022
0.022
0.021
0.021
0.020
0.020
0.020
0.020
0.020
0.020
0.020
0.019
0.019
0.019
0.019
0.019
0.019
0.019
0.019
0.018
0.018
0.018
0.018
0.018
0.018
0.018
0.017
0.017
0.017
0.017
0.017
0.017
0.016
0.016
0.016
0.016
0.016
0.016
0.015
0.015
0.015
0.015
0.015
0.015
0.015
0.014
0.014
0.014
0.014
0.014
0.014
0.013
0.013
0.013
0.013
0.012
0.012
0.012
0.011
0.011
0.011
0.011
0.010
0.010
0.010
0.010
0.011
0.011
0.011
0.012
0.012
0.013
0.014
0.015
0.016
0.017
0.018
0.019
0.020
0.021
0.021
0.022
0.023
0.023
0.023
0.023
0.023
0.023
0.022
0.022
0.022
0.021
0.021
0.020
0.020
0.020
0.020
0.020
0.020
0.021
0.022
0.023
0.024
0.026
0.028
0.030
0.032
0.034
0.036
0.038
0.040
0.041
0.043
0.044
0.045
0.045
0.046
0.045
0.045
0.044
0.043
0.041
0.039
0.037
0.035
0.032
0.030
0.027
0.025
0.022
0.020
0.018
0.015
0.013
0.012
0.010
0.008
0.007
0.006
0.005
0.004
0.003
0.003
0.002
0.002
0.001
0.001
0.001
0.001
0.000
0.000
0.000
0.000
0.000
0.000
0.000
0.000
0.000
0.000
0.000
0.000
0.000
0.000
-0.000
-0.000
-0.000
-0.000
-0.000
-0.000
-0.000
0.000
0.000
0.000
0.000
0.000
0.000
0.000
-0.000
-0.000
-0.000
-0.000
-0.000
-0.000
-0.000
0.000
0.000
0.000
0.000
0
0
0
0
0
0
0
0
0
0
0
0
0
0
0
0
0
0
0
0
0
0
0
0
0
0
0
0
0
0
0
0
0
0
0
0
0
0
0
0
0
0
0
0
0
0
0
0
0
0
0
0
0
0
0
0
0
0
0
0
0
0
0
0
0
0
0
0
0
0
0
0
0
0
0
0
0
0
0
0
0
0
0
0
0
0
0
0
0
0
0
0
0
0
0
0
0
0
0
0
0
0
0
0
0
0
0
0
0
0
0
0
0
0
0
0
0
0
0
0
0
0
0
0
0
0
0
0
0
0
0
0
0
0
0
0
0
0
0
0
0
0
0
0
0
0
0
0
0
0
0
0
0
0
0
0
0
0
0
0
0
0
0
0
0
0
0
0
0
0
0
0
0
0
0
0
0
0
0
0
0
0
0
0
0
0
0
0
0
0
0
0
0
0
0
0
0
0
0
0
0
0
0
0
0
0
0
0
0
0
0
0
0
0
0
0
0
0
0
0
0
0
0
0
0
0
0
0
0
0
0
0
0
0
0
0
0
0
0
0
0
0
0
0
0
0
0
0
0
0
0
0
0
0
0
0
0
0
0
0
0
0
0
0
0
0
0
0
0
0
0
0
0
0
0
0
0
0
0
0
0
0
0
0
0
0
0
0
0
0
0
0
0
0
0
0
0
0
0
0
0
0
0
0
0
0
0
0
0
0
0
0
0
0
0
0
0
0
0
0
0
0
0
0
0
0
0
0
0
0
0
0
0
0
0
0
0
0
0
0
0
0
0
0
0
0
0
0
0
0
0
0
0
0
0
0
0
0
0
0
0
0
0
0
0
0
0
0
0
0
0
0
0
0
0
0
0
0
0
0
0
0
0
0
0
0
0
0
0
0
0
0
0
0
0
0
0
0
0
0
0
0
0
0
0
0
0
0
0
0
0
0
0
0
0
0
0
0
0
0
0
0
0
0
0
0
0
0
0
0
0
0
0
0
0
0
0
0
0
0
0
0
0
0
0
0
0
0
0
0
0
0
0
0
0
0
0
0
0
0
0
0
0
0
0
0
0
0
0
0
0
0
0
0
0
0
0
0
0
0
0
0
0
0
0
0
0
0
0
0
0
0
0
0
0
0
0
0
0
0
0
0
0
0
0
0
0
0
0
0
0
0
0
0
0
0
0
0
0
0
0
0
0
0
0
0
0
0
0
0
0
0
0
0
0
0
0
0
0
0
0
0
0
0
0
0
0
0
0
0
0
0
0
0
0
0
0
0
0
0
0
0
0
0
0
0
0
0
0
0
0
0
0
0
0
0
0
0
0
0
0
0
0
0
0
0
0
0
0
0
0
0
0
0
0
0
0
0
0
0
0
0
0
0
0
0
0
0
0
0
0
0
0
0
0
0
0
0
0
0
0
0
0
0
0
0
0
0
0
0
0
0
0
0
0
0
0
0
0
0
0
0
0
0
0
0
0
0
0
0
0
0
0
0
0
0
0
0
0
0
0
0
0
0
0
0
0
0
0
0
0
0
0
0
0
0
0
0
0
0
0
0
0
0
0
0
0
0
0
0
0
0
0
0
0
0
0
0
0
0
0
0
0
0
0
0
0
0
0
0
0
0
0
0
0
0
0
0
0
0
0
0
0
0
0
0
0
0
0
0
0
0
0
0
0
0
0
0
0
0
0
0
0
0
0
0
0
0
0
0
0
0
0
0
0
0
0
0
0
0
0
0
0
0
0
0
0
0
0
0
0
0
0
0
0
0
0
0
0
0
0
0
0
0
0
0
0
0
0
0
0
0
0
0
0
0
0
0
0
0
0
0
0
0
0
0
0
0
0
0
0
0
0
0
0
0
0
0
0
0
$MCA_CAL:
3
-1.4656616 2.9313233 0.00000000000000
$ENER_FIT:
-1.4656616 2.9313233 0.00000000000000
$MCA_CAL_DATA:
3
298 872
597 1749
896 2625
$CAMBIO:
Parent file specification: C:\GADRAS-DRF\Temp\parallelGUI3\67GA_150.0_237.5_lead_1.61_9.0.pcf
Successful read of spectrum: Yes
Error message: None
Warning: None
Information: None
Neutrons: 0
Number of spectral records in the parent file: 1
Record number of this spectrum in the parent file: 1
Date and time of acquisition read successfully from the original file: Yes
Live time read successfully from the original file: Yes
True time read successfully from the original file: Yes
GADRAS Tag character is:  
Version: 130122
Parent file type: Sandia GADRAS PCF
