$SPEC_ID:
67GA,1uC{82,0.51}
$MEAS_TIM:
3600.00 3600.00
$DATE_MEA:
3/9/2018 5:22:25 PM
$DATA:
0 1193
101.851
109.058
100.866
88.879
73.186
58.981
47.393
39.237
32.707
28.106
25.222
23.287
22.746
22.754
23.139
24.024
25.339
26.822
28.127
29.341
31.063
33.626
35.980
37.430
38.687
39.855
41.195
43.324
46.857
53.317
63.113
71.911
74.163
70.216
65.993
63.574
61.622
59.112
56.184
53.511
51.440
49.776
48.689
48.785
49.283
51.281
54.738
59.229
63.116
64.854
64.149
61.534
57.802
53.593
49.227
45.146
42.286
41.534
44.369
52.275
64.262
76.668
83.518
80.014
66.988
49.736
34.112
23.892
19.075
17.826
17.895
17.692
16.678
15.009
13.224
11.746
10.794
10.326
10.137
10.025
9.962
9.919
9.849
9.738
9.596
9.444
9.285
9.107
8.912
8.710
8.527
8.414
8.461
8.864
9.908
12.025
15.612
20.901
27.717
35.312
42.262
46.606
47.347
44.285
38.148
30.195
21.887
14.651
9.061
5.270
2.970
1.691
1.061
0.772
0.654
0.606
0.583
0.574
0.572
0.574
0.584
0.611
0.671
0.789
0.998
1.347
1.886
2.643
3.636
4.818
6.105
7.348
8.337
8.907
8.983
8.526
7.633
6.441
5.109
3.815
2.691
1.783
1.117
0.665
0.377
0.206
0.115
0.067
0.044
0.034
0.029
0.027
0.027
0.027
0.028
0.028
0.030
0.032
0.035
0.040
0.047
0.055
0.065
0.076
0.087
0.097
0.106
0.111
0.113
0.111
0.105
0.096
0.086
0.074
0.063
0.052
0.043
0.036
0.031
0.027
0.025
0.023
0.022
0.022
0.021
0.021
0.021
0.021
0.021
0.021
0.021
0.021
0.021
0.021
0.021
0.021
0.020
0.020
0.020
0.020
0.020
0.020
0.020
0.019
0.019
0.019
0.019
0.019
0.019
0.019
0.019
0.018
0.018
0.018
0.018
0.018
0.018
0.018
0.017
0.017
0.017
0.016
0.016
0.016
0.016
0.015
0.015
0.015
0.015
0.014
0.014
0.014
0.015
0.015
0.015
0.015
0.015
0.015
0.015
0.015
0.015
0.014
0.014
0.013
0.012
0.011
0.010
0.009
0.009
0.008
0.007
0.007
0.007
0.007
0.007
0.007
0.008
0.009
0.010
0.011
0.013
0.015
0.018
0.021
0.023
0.026
0.029
0.031
0.033
0.034
0.035
0.035
0.034
0.032
0.030
0.028
0.025
0.022
0.019
0.017
0.014
0.012
0.011
0.009
0.009
0.009
0.010
0.011
0.013
0.016
0.019
0.023
0.028
0.033
0.039
0.045
0.051
0.056
0.062
0.066
0.070
0.072
0.073
0.073
0.071
0.068
0.064
0.059
0.053
0.047
0.041
0.035
0.029
0.024
0.019
0.015
0.012
0.009
0.007
0.005
0.003
0.002
0.002
0.001
0.001
0.000
0.000
0.000
0.000
0.000
0.000
0.000
0.000
-0.000
-0.000
-0.000
-0.000
-0.000
0.000
0.000
0.000
0.000
-0.000
-0.000
-0.000
-0.000
-0.000
0.000
0.000
0
0
0
0
0
0
0
0
0
0
0
0
0
0
0
0
0
0
0
0
0
0
0
0
0
0
0
0
0
0
0
0
0
0
0
0
0
0
0
0
0
0
0
0
0
0
0
0
0
0
0
0
0
0
0
0
0
0
0
0
0
0
0
0
0
0
0
0
0
0
0
0
0
0
0
0
0
0
0
0
0
0
0
0
0
0
0
0
0
0
0
0
0
0
0
0
0
0
0
0
0
0
0
0
0
0
0
0
0
0
0
0
0
0
0
0
0
0
0
0
0
0
0
0
0
0
0
0
0
0
0
0
0
0
0
0
0
0
0
0
0
0
0
0
0
0
0
0
0
0
0
0
0
0
0
0
0
0
0
0
0
0
0
0
0
0
0
0
0
0
0
0
0
0
0
0
0
0
0
0
0
0
0
0
0
0
0
0
0
0
0
0
0
0
0
0
0
0
0
0
0
0
0
0
0
0
0
0
0
0
0
0
0
0
0
0
0
0
0
0
0
0
0
0
0
0
0
0
0
0
0
0
0
0
0
0
0
0
0
0
0
0
0
0
0
0
0
0
0
0
0
0
0
0
0
0
0
0
0
0
0
0
0
0
0
0
0
0
0
0
0
0
0
0
0
0
0
0
0
0
0
0
0
0
0
0
0
0
0
0
0
0
0
0
0
0
0
0
0
0
0
0
0
0
0
0
0
0
0
0
0
0
0
0
0
0
0
0
0
0
0
0
0
0
0
0
0
0
0
0
0
0
0
0
0
0
0
0
0
0
0
0
0
0
0
0
0
0
0
0
0
0
0
0
0
0
0
0
0
0
0
0
0
0
0
0
0
0
0
0
0
0
0
0
0
0
0
0
0
0
0
0
0
0
0
0
0
0
0
0
0
0
0
0
0
0
0
0
0
0
0
0
0
0
0
0
0
0
0
0
0
0
0
0
0
0
0
0
0
0
0
0
0
0
0
0
0
0
0
0
0
0
0
0
0
0
0
0
0
0
0
0
0
0
0
0
0
0
0
0
0
0
0
0
0
0
0
0
0
0
0
0
0
0
0
0
0
0
0
0
0
0
0
0
0
0
0
0
0
0
0
0
0
0
0
0
0
0
0
0
0
0
0
0
0
0
0
0
0
0
0
0
0
0
0
0
0
0
0
0
0
0
0
0
0
0
0
0
0
0
0
0
0
0
0
0
0
0
0
0
0
0
0
0
0
0
0
0
0
0
0
0
0
0
0
0
0
0
0
0
0
0
0
0
0
0
0
0
0
0
0
0
0
0
0
0
0
0
0
0
0
0
0
0
0
0
0
0
0
0
0
0
0
0
0
0
0
0
0
0
0
0
0
0
0
0
0
0
0
0
0
0
0
0
0
0
0
0
0
0
0
0
0
0
0
0
0
0
0
0
0
0
0
0
0
0
0
0
0
0
0
0
0
0
0
0
0
0
0
0
0
0
0
0
0
0
0
0
0
0
0
0
0
0
0
0
0
0
0
0
0
0
0
0
0
0
0
0
0
0
0
0
0
0
0
0
0
0
0
0
0
0
0
0
0
0
0
0
0
0
0
0
0
0
0
0
0
0
0
0
0
0
0
0
0
0
0
0
0
0
0
0
0
0
0
0
0
0
0
0
0
0
0
0
0
0
0
0
0
0
0
0
0
0
0
0
0
0
0
0
0
0
0
0
0
0
0
0
0
0
0
0
0
0
0
0
0
0
0
0
0
0
0
0
0
0
0
0
0
0
0
0
0
0
0
0
0
0
0
0
0
0
0
0
0
0
0
0
0
0
0
0
0
0
0
0
0
0
0
0
0
0
0
0
0
0
0
0
0
0
0
0
0
0
0
0
0
0
0
0
0
0
0
0
0
0
0
0
0
0
0
0
0
0
0
0
0
0
0
0
0
0
0
0
0
$MCA_CAL:
3
-1.4656616 2.9313233 0.00000000000000
$ENER_FIT:
-1.4656616 2.9313233 0.00000000000000
$MCA_CAL_DATA:
3
298 872
597 1749
896 2625
$CAMBIO:
Parent file specification: C:\GADRAS-DRF\Temp\parallelGUI3\67GA_125.0_237.5_lead_0.51_6.0.pcf
Successful read of spectrum: Yes
Error message: None
Warning: None
Information: None
Neutrons: 0
Number of spectral records in the parent file: 1
Record number of this spectrum in the parent file: 1
Date and time of acquisition read successfully from the original file: Yes
Live time read successfully from the original file: Yes
True time read successfully from the original file: Yes
GADRAS Tag character is:  
Version: 130122
Parent file type: Sandia GADRAS PCF
