$SPEC_ID:
67GA,1uC{26,3.50}
$MEAS_TIM:
3600.00 3600.00
$DATE_MEA:
3/9/2018 5:22:25 PM
$DATA:
0 1193
204.965
231.474
210.265
224.687
180.261
144.992
117.243
97.476
82.601
72.071
65.661
61.344
60.115
60.217
60.791
62.036
64.404
68.215
75.088
88.649
113.330
145.717
167.916
171.053
169.610
176.741
196.679
232.103
297.010
408.165
548.831
630.605
560.005
396.984
255.517
184.832
159.309
148.303
140.496
135.174
133.049
133.059
134.797
138.384
142.968
149.834
158.320
165.385
169.328
169.156
166.037
161.708
157.254
152.840
148.399
145.371
146.785
157.729
184.446
228.265
283.903
337.207
363.681
350.459
300.144
230.618
163.652
115.296
88.184
77.117
73.937
71.871
67.785
61.572
54.587
48.279
43.636
40.758
39.220
38.498
38.155
37.942
37.735
37.501
37.236
36.936
36.581
36.154
35.670
35.191
34.855
34.968
36.028
38.732
43.957
52.863
66.702
85.508
108.320
132.187
152.864
166.199
168.338
158.762
139.652
114.365
87.334
62.188
41.435
26.407
16.324
10.139
6.701
4.911
4.094
3.742
3.590
3.537
3.526
3.559
3.651
3.842
4.182
4.772
5.741
7.205
9.270
12.003
15.326
19.114
23.042
26.623
29.394
30.977
31.036
29.574
26.851
23.177
19.013
14.840
11.008
7.736
5.196
3.342
2.058
1.226
0.725
0.435
0.277
0.201
0.163
0.145
0.138
0.135
0.136
0.140
0.146
0.156
0.170
0.188
0.211
0.239
0.270
0.304
0.338
0.369
0.393
0.407
0.411
0.404
0.386
0.359
0.326
0.290
0.253
0.218
0.187
0.161
0.141
0.125
0.114
0.106
0.101
0.097
0.095
0.094
0.093
0.093
0.092
0.092
0.092
0.091
0.091
0.090
0.090
0.090
0.089
0.089
0.088
0.087
0.087
0.086
0.085
0.084
0.084
0.083
0.083
0.082
0.082
0.081
0.081
0.080
0.079
0.079
0.078
0.078
0.077
0.076
0.075
0.074
0.073
0.071
0.070
0.069
0.069
0.068
0.067
0.066
0.065
0.064
0.064
0.064
0.064
0.064
0.065
0.065
0.065
0.065
0.065
0.064
0.063
0.061
0.059
0.056
0.053
0.050
0.047
0.044
0.042
0.040
0.038
0.036
0.036
0.036
0.037
0.038
0.041
0.044
0.049
0.055
0.061
0.069
0.077
0.085
0.094
0.102
0.110
0.116
0.122
0.125
0.126
0.126
0.123
0.119
0.113
0.105
0.097
0.088
0.080
0.071
0.064
0.057
0.052
0.049
0.047
0.048
0.051
0.056
0.064
0.073
0.086
0.100
0.116
0.133
0.152
0.171
0.189
0.207
0.223
0.236
0.246
0.253
0.256
0.254
0.248
0.239
0.226
0.211
0.193
0.174
0.154
0.134
0.115
0.097
0.081
0.066
0.053
0.042
0.032
0.025
0.019
0.014
0.010
0.007
0.005
0.003
0.002
0.002
0.001
0.001
0.000
0.000
0.000
0.000
0.000
0.000
0.000
0.000
0.000
0.000
-0.000
-0.000
-0.000
-0.000
0.000
0.000
0.000
0
0
0
0
0
0
0
0
0
0
0
0
0
0
0
0
0
0
0
0
0
0
0
0
0
0
0
0
0
0
0
0
0
0
0
0
0
0
0
0
0
0
0
0
0
0
0
0
0
0
0
0
0
0
0
0
0
0
0
0
0
0
0
0
0
0
0
0
0
0
0
0
0
0
0
0
0
0
0
0
0
0
0
0
0
0
0
0
0
0
0
0
0
0
0
0
0
0
0
0
0
0
0
0
0
0
0
0
0
0
0
0
0
0
0
0
0
0
0
0
0
0
0
0
0
0
0
0
0
0
0
0
0
0
0
0
0
0
0
0
0
0
0
0
0
0
0
0
0
0
0
0
0
0
0
0
0
0
0
0
0
0
0
0
0
0
0
0
0
0
0
0
0
0
0
0
0
0
0
0
0
0
0
0
0
0
0
0
0
0
0
0
0
0
0
0
0
0
0
0
0
0
0
0
0
0
0
0
0
0
0
0
0
0
0
0
0
0
0
0
0
0
0
0
0
0
0
0
0
0
0
0
0
0
0
0
0
0
0
0
0
0
0
0
0
0
0
0
0
0
0
0
0
0
0
0
0
0
0
0
0
0
0
0
0
0
0
0
0
0
0
0
0
0
0
0
0
0
0
0
0
0
0
0
0
0
0
0
0
0
0
0
0
0
0
0
0
0
0
0
0
0
0
0
0
0
0
0
0
0
0
0
0
0
0
0
0
0
0
0
0
0
0
0
0
0
0
0
0
0
0
0
0
0
0
0
0
0
0
0
0
0
0
0
0
0
0
0
0
0
0
0
0
0
0
0
0
0
0
0
0
0
0
0
0
0
0
0
0
0
0
0
0
0
0
0
0
0
0
0
0
0
0
0
0
0
0
0
0
0
0
0
0
0
0
0
0
0
0
0
0
0
0
0
0
0
0
0
0
0
0
0
0
0
0
0
0
0
0
0
0
0
0
0
0
0
0
0
0
0
0
0
0
0
0
0
0
0
0
0
0
0
0
0
0
0
0
0
0
0
0
0
0
0
0
0
0
0
0
0
0
0
0
0
0
0
0
0
0
0
0
0
0
0
0
0
0
0
0
0
0
0
0
0
0
0
0
0
0
0
0
0
0
0
0
0
0
0
0
0
0
0
0
0
0
0
0
0
0
0
0
0
0
0
0
0
0
0
0
0
0
0
0
0
0
0
0
0
0
0
0
0
0
0
0
0
0
0
0
0
0
0
0
0
0
0
0
0
0
0
0
0
0
0
0
0
0
0
0
0
0
0
0
0
0
0
0
0
0
0
0
0
0
0
0
0
0
0
0
0
0
0
0
0
0
0
0
0
0
0
0
0
0
0
0
0
0
0
0
0
0
0
0
0
0
0
0
0
0
0
0
0
0
0
0
0
0
0
0
0
0
0
0
0
0
0
0
0
0
0
0
0
0
0
0
0
0
0
0
0
0
0
0
0
0
0
0
0
0
0
0
0
0
0
0
0
0
0
0
0
0
0
0
0
0
0
0
0
0
0
0
0
0
0
0
0
0
0
0
0
0
0
0
0
0
0
0
0
0
0
0
0
0
0
0
0
0
0
0
0
0
0
0
0
0
0
0
0
0
0
0
0
0
0
0
0
0
0
0
0
0
0
0
0
0
0
0
0
0
0
0
0
0
0
0
0
0
0
0
0
0
0
0
0
0
0
0
0
0
0
0
0
0
0
0
0
0
0
0
0
0
0
0
0
0
0
0
0
0
0
0
0
0
0
0
0
0
0
0
0
0
0
0
0
0
0
0
0
0
0
0
0
0
0
0
0
0
0
0
0
0
0
0
0
0
0
0
0
0
0
0
0
0
0
0
0
0
0
0
0
0
0
0
0
0
0
0
0
0
0
0
0
0
0
0
0
0
0
0
0
0
0
0
0
0
0
0
$MCA_CAL:
3
-1.4656616 2.9313233 0.00000000000000
$ENER_FIT:
-1.4656616 2.9313233 0.00000000000000
$MCA_CAL_DATA:
3
298 872
597 1749
896 2625
$CAMBIO:
Parent file specification: C:\GADRAS-DRF\Temp\parallelGUI3\67GA_125.0_112.5_iron_3.50_6.5.pcf
Successful read of spectrum: Yes
Error message: None
Warning: None
Information: None
Neutrons: 0
Number of spectral records in the parent file: 1
Record number of this spectrum in the parent file: 1
Date and time of acquisition read successfully from the original file: Yes
Live time read successfully from the original file: Yes
True time read successfully from the original file: Yes
GADRAS Tag character is:  
Version: 130122
Parent file type: Sandia GADRAS PCF
