$SPEC_ID:
67GA,1uC{26,3.50}
$MEAS_TIM:
3600.00 3600.00
$DATE_MEA:
3/9/2018 5:22:25 PM
$DATA:
0 1193
131.557
153.685
142.319
155.702
125.831
99.426
78.841
64.554
54.637
47.746
43.698
41.279
41.018
41.791
42.872
44.633
47.695
51.977
56.596
62.338
71.760
85.728
97.325
101.773
104.419
108.984
116.015
125.428
138.666
160.125
190.097
207.328
185.613
141.083
106.712
91.583
85.898
82.113
78.198
74.933
72.645
71.026
70.102
70.347
70.994
73.274
76.735
80.921
84.332
85.654
84.726
82.053
78.351
74.233
69.976
65.884
62.931
62.206
65.324
73.651
85.887
98.297
104.413
99.058
83.740
64.067
46.356
34.856
29.164
27.265
26.868
26.214
24.771
22.722
20.539
18.627
17.237
16.392
15.879
15.463
15.113
14.805
14.503
14.190
13.865
13.539
13.208
12.864
12.516
12.178
11.859
11.604
11.493
11.678
12.381
13.966
16.769
20.985
26.473
32.628
38.240
41.603
41.882
38.945
33.450
26.495
19.316
13.098
8.305
5.047
3.062
1.957
1.411
1.154
1.041
0.988
0.960
0.944
0.934
0.928
0.929
0.945
0.988
1.075
1.234
1.506
1.933
2.535
3.323
4.258
5.278
6.261
7.033
7.459
7.482
7.077
6.322
5.328
4.225
3.157
2.232
1.485
0.937
0.564
0.327
0.187
0.113
0.073
0.054
0.045
0.041
0.039
0.038
0.038
0.039
0.039
0.040
0.041
0.043
0.047
0.052
0.058
0.066
0.074
0.083
0.091
0.098
0.102
0.103
0.100
0.095
0.088
0.079
0.069
0.059
0.050
0.043
0.037
0.033
0.029
0.027
0.026
0.025
0.024
0.024
0.023
0.023
0.023
0.023
0.023
0.023
0.023
0.022
0.022
0.022
0.022
0.022
0.021
0.021
0.021
0.021
0.020
0.020
0.020
0.020
0.020
0.019
0.019
0.019
0.019
0.019
0.018
0.018
0.018
0.018
0.018
0.018
0.017
0.017
0.017
0.017
0.016
0.016
0.016
0.015
0.015
0.015
0.015
0.014
0.014
0.014
0.014
0.014
0.014
0.015
0.015
0.015
0.015
0.015
0.015
0.014
0.014
0.013
0.013
0.012
0.011
0.011
0.010
0.009
0.009
0.008
0.008
0.007
0.007
0.008
0.008
0.008
0.009
0.010
0.011
0.013
0.015
0.017
0.019
0.021
0.023
0.025
0.027
0.029
0.030
0.030
0.030
0.029
0.028
0.026
0.024
0.022
0.020
0.017
0.015
0.013
0.011
0.010
0.009
0.009
0.009
0.009
0.010
0.012
0.014
0.017
0.020
0.024
0.029
0.033
0.038
0.043
0.048
0.052
0.056
0.059
0.061
0.062
0.061
0.060
0.057
0.053
0.049
0.044
0.039
0.034
0.029
0.024
0.020
0.016
0.013
0.010
0.007
0.005
0.004
0.003
0.002
0.001
0.001
0.001
0.000
0.000
0.000
0.000
0.000
0.000
0.000
0.000
-0.000
-0.000
-0.000
-0.000
-0.000
0.000
0.000
0.000
0.000
-0.000
-0.000
-0.000
-0.000
-0.000
0.000
0.000
0
0
0
0
0
0
0
0
0
0
0
0
0
0
0
0
0
0
0
0
0
0
0
0
0
0
0
0
0
0
0
0
0
0
0
0
0
0
0
0
0
0
0
0
0
0
0
0
0
0
0
0
0
0
0
0
0
0
0
0
0
0
0
0
0
0
0
0
0
0
0
0
0
0
0
0
0
0
0
0
0
0
0
0
0
0
0
0
0
0
0
0
0
0
0
0
0
0
0
0
0
0
0
0
0
0
0
0
0
0
0
0
0
0
0
0
0
0
0
0
0
0
0
0
0
0
0
0
0
0
0
0
0
0
0
0
0
0
0
0
0
0
0
0
0
0
0
0
0
0
0
0
0
0
0
0
0
0
0
0
0
0
0
0
0
0
0
0
0
0
0
0
0
0
0
0
0
0
0
0
0
0
0
0
0
0
0
0
0
0
0
0
0
0
0
0
0
0
0
0
0
0
0
0
0
0
0
0
0
0
0
0
0
0
0
0
0
0
0
0
0
0
0
0
0
0
0
0
0
0
0
0
0
0
0
0
0
0
0
0
0
0
0
0
0
0
0
0
0
0
0
0
0
0
0
0
0
0
0
0
0
0
0
0
0
0
0
0
0
0
0
0
0
0
0
0
0
0
0
0
0
0
0
0
0
0
0
0
0
0
0
0
0
0
0
0
0
0
0
0
0
0
0
0
0
0
0
0
0
0
0
0
0
0
0
0
0
0
0
0
0
0
0
0
0
0
0
0
0
0
0
0
0
0
0
0
0
0
0
0
0
0
0
0
0
0
0
0
0
0
0
0
0
0
0
0
0
0
0
0
0
0
0
0
0
0
0
0
0
0
0
0
0
0
0
0
0
0
0
0
0
0
0
0
0
0
0
0
0
0
0
0
0
0
0
0
0
0
0
0
0
0
0
0
0
0
0
0
0
0
0
0
0
0
0
0
0
0
0
0
0
0
0
0
0
0
0
0
0
0
0
0
0
0
0
0
0
0
0
0
0
0
0
0
0
0
0
0
0
0
0
0
0
0
0
0
0
0
0
0
0
0
0
0
0
0
0
0
0
0
0
0
0
0
0
0
0
0
0
0
0
0
0
0
0
0
0
0
0
0
0
0
0
0
0
0
0
0
0
0
0
0
0
0
0
0
0
0
0
0
0
0
0
0
0
0
0
0
0
0
0
0
0
0
0
0
0
0
0
0
0
0
0
0
0
0
0
0
0
0
0
0
0
0
0
0
0
0
0
0
0
0
0
0
0
0
0
0
0
0
0
0
0
0
0
0
0
0
0
0
0
0
0
0
0
0
0
0
0
0
0
0
0
0
0
0
0
0
0
0
0
0
0
0
0
0
0
0
0
0
0
0
0
0
0
0
0
0
0
0
0
0
0
0
0
0
0
0
0
0
0
0
0
0
0
0
0
0
0
0
0
0
0
0
0
0
0
0
0
0
0
0
0
0
0
0
0
0
0
0
0
0
0
0
0
0
0
0
0
0
0
0
0
0
0
0
0
0
0
0
0
0
0
0
0
0
0
0
0
0
0
0
0
0
0
0
0
0
0
0
0
0
0
0
0
0
0
0
0
0
0
0
0
0
0
0
0
0
0
0
0
0
0
0
0
0
0
0
0
0
0
0
0
0
0
0
0
0
0
0
0
0
0
0
0
0
0
0
0
0
0
0
0
0
0
0
0
0
0
0
0
0
0
0
0
0
0
0
0
0
0
0
0
0
0
0
0
0
0
0
0
0
0
0
0
0
0
0
0
0
0
0
0
0
0
0
0
0
0
0
0
0
0
0
0
0
0
0
0
0
0
0
0
0
0
0
0
0
0
0
0
0
0
0
0
0
0
0
0
0
0
0
0
0
0
0
0
0
0
0
0
0
0
0
0
0
0
0
0
0
0
0
0
0
0
$MCA_CAL:
3
-1.4656616 2.9313233 0.00000000000000
$ENER_FIT:
-1.4656616 2.9313233 0.00000000000000
$MCA_CAL_DATA:
3
298 872
597 1749
896 2625
$CAMBIO:
Parent file specification: C:\GADRAS-DRF\Temp\parallelGUI3\67GA_50.0_237.5_iron_3.50_6.0.pcf
Successful read of spectrum: Yes
Error message: None
Warning: None
Information: None
Neutrons: 0
Number of spectral records in the parent file: 1
Record number of this spectrum in the parent file: 1
Date and time of acquisition read successfully from the original file: Yes
Live time read successfully from the original file: Yes
True time read successfully from the original file: Yes
GADRAS Tag character is:  
Version: 130122
Parent file type: Sandia GADRAS PCF
