$SPEC_ID:
67GA,1uC{26,6.28}
$MEAS_TIM:
3600.00 3600.00
$DATE_MEA:
3/9/2018 5:22:25 PM
$DATA:
0 1193
127.991
141.969
130.963
168.534
137.973
110.267
88.697
73.911
63.586
56.269
51.937
49.054
48.181
48.294
48.852
49.967
52.065
55.343
59.390
64.411
71.865
82.117
90.424
93.441
95.684
98.966
103.756
109.767
118.699
134.573
157.910
173.997
164.125
137.457
116.082
106.210
101.812
98.151
93.992
90.614
88.397
86.910
86.091
86.410
87.041
89.494
92.979
96.823
99.516
99.917
98.220
95.171
91.528
87.814
84.125
80.584
78.272
78.566
83.483
94.601
110.196
125.845
133.542
126.799
107.706
83.126
60.967
46.691
39.582
37.107
36.476
35.449
33.394
30.586
27.634
25.069
23.237
22.193
21.629
21.193
20.838
20.528
20.215
19.877
19.517
19.149
18.772
18.378
17.969
17.554
17.160
16.855
16.752
17.029
17.964
20.093
23.918
29.707
37.257
45.711
53.423
58.104
58.546
54.449
46.742
37.037
27.061
18.440
11.802
7.289
4.544
3.032
2.300
1.960
1.811
1.745
1.713
1.698
1.690
1.686
1.692
1.718
1.781
1.906
2.128
2.514
3.122
3.979
5.095
6.416
7.857
9.243
10.322
10.900
10.898
10.285
9.174
7.724
6.122
4.573
3.234
2.154
1.360
0.820
0.477
0.276
0.169
0.112
0.084
0.071
0.065
0.062
0.061
0.061
0.061
0.062
0.063
0.065
0.069
0.074
0.081
0.090
0.102
0.114
0.126
0.138
0.148
0.153
0.155
0.151
0.143
0.132
0.119
0.104
0.090
0.077
0.066
0.057
0.051
0.046
0.043
0.041
0.039
0.038
0.038
0.038
0.037
0.037
0.037
0.037
0.037
0.036
0.036
0.036
0.036
0.035
0.035
0.035
0.035
0.034
0.034
0.034
0.033
0.033
0.033
0.032
0.032
0.032
0.032
0.032
0.031
0.031
0.031
0.031
0.031
0.030
0.030
0.030
0.029
0.029
0.028
0.028
0.027
0.027
0.027
0.026
0.026
0.025
0.025
0.025
0.025
0.025
0.025
0.025
0.025
0.025
0.026
0.026
0.026
0.025
0.025
0.024
0.023
0.022
0.021
0.020
0.019
0.018
0.017
0.016
0.015
0.014
0.014
0.014
0.014
0.014
0.015
0.016
0.018
0.020
0.022
0.025
0.028
0.031
0.035
0.038
0.041
0.044
0.046
0.048
0.048
0.048
0.047
0.045
0.042
0.039
0.036
0.032
0.028
0.025
0.022
0.019
0.017
0.016
0.015
0.015
0.016
0.017
0.020
0.023
0.028
0.033
0.039
0.046
0.053
0.060
0.068
0.076
0.082
0.088
0.092
0.095
0.096
0.096
0.093
0.089
0.083
0.077
0.069
0.061
0.053
0.045
0.038
0.031
0.025
0.020
0.015
0.011
0.009
0.006
0.004
0.003
0.002
0.001
0.001
0.001
0.000
0.000
0.000
0.000
0.000
0.000
0.000
-0.000
-0.000
-0.000
-0.000
-0.000
0.000
0.000
0.000
0.000
-0.000
-0.000
-0.000
-0.000
-0.000
0.000
0.000
0
0
0
0
0
0
0
0
0
0
0
0
0
0
0
0
0
0
0
0
0
0
0
0
0
0
0
0
0
0
0
0
0
0
0
0
0
0
0
0
0
0
0
0
0
0
0
0
0
0
0
0
0
0
0
0
0
0
0
0
0
0
0
0
0
0
0
0
0
0
0
0
0
0
0
0
0
0
0
0
0
0
0
0
0
0
0
0
0
0
0
0
0
0
0
0
0
0
0
0
0
0
0
0
0
0
0
0
0
0
0
0
0
0
0
0
0
0
0
0
0
0
0
0
0
0
0
0
0
0
0
0
0
0
0
0
0
0
0
0
0
0
0
0
0
0
0
0
0
0
0
0
0
0
0
0
0
0
0
0
0
0
0
0
0
0
0
0
0
0
0
0
0
0
0
0
0
0
0
0
0
0
0
0
0
0
0
0
0
0
0
0
0
0
0
0
0
0
0
0
0
0
0
0
0
0
0
0
0
0
0
0
0
0
0
0
0
0
0
0
0
0
0
0
0
0
0
0
0
0
0
0
0
0
0
0
0
0
0
0
0
0
0
0
0
0
0
0
0
0
0
0
0
0
0
0
0
0
0
0
0
0
0
0
0
0
0
0
0
0
0
0
0
0
0
0
0
0
0
0
0
0
0
0
0
0
0
0
0
0
0
0
0
0
0
0
0
0
0
0
0
0
0
0
0
0
0
0
0
0
0
0
0
0
0
0
0
0
0
0
0
0
0
0
0
0
0
0
0
0
0
0
0
0
0
0
0
0
0
0
0
0
0
0
0
0
0
0
0
0
0
0
0
0
0
0
0
0
0
0
0
0
0
0
0
0
0
0
0
0
0
0
0
0
0
0
0
0
0
0
0
0
0
0
0
0
0
0
0
0
0
0
0
0
0
0
0
0
0
0
0
0
0
0
0
0
0
0
0
0
0
0
0
0
0
0
0
0
0
0
0
0
0
0
0
0
0
0
0
0
0
0
0
0
0
0
0
0
0
0
0
0
0
0
0
0
0
0
0
0
0
0
0
0
0
0
0
0
0
0
0
0
0
0
0
0
0
0
0
0
0
0
0
0
0
0
0
0
0
0
0
0
0
0
0
0
0
0
0
0
0
0
0
0
0
0
0
0
0
0
0
0
0
0
0
0
0
0
0
0
0
0
0
0
0
0
0
0
0
0
0
0
0
0
0
0
0
0
0
0
0
0
0
0
0
0
0
0
0
0
0
0
0
0
0
0
0
0
0
0
0
0
0
0
0
0
0
0
0
0
0
0
0
0
0
0
0
0
0
0
0
0
0
0
0
0
0
0
0
0
0
0
0
0
0
0
0
0
0
0
0
0
0
0
0
0
0
0
0
0
0
0
0
0
0
0
0
0
0
0
0
0
0
0
0
0
0
0
0
0
0
0
0
0
0
0
0
0
0
0
0
0
0
0
0
0
0
0
0
0
0
0
0
0
0
0
0
0
0
0
0
0
0
0
0
0
0
0
0
0
0
0
0
0
0
0
0
0
0
0
0
0
0
0
0
0
0
0
0
0
0
0
0
0
0
0
0
0
0
0
0
0
0
0
0
0
0
0
0
0
0
0
0
0
0
0
0
0
0
0
0
0
0
0
0
0
0
0
0
0
0
0
0
0
0
0
0
0
0
0
0
0
0
0
0
0
0
0
0
0
0
0
0
0
0
0
0
0
0
0
0
0
0
0
0
0
0
0
0
0
0
0
0
0
0
0
0
0
0
0
0
0
0
0
0
0
0
0
0
0
0
0
0
0
0
0
0
0
0
0
0
0
0
0
0
0
0
0
0
0
0
0
0
0
0
0
0
0
0
0
0
0
0
0
0
0
0
0
0
0
0
0
0
0
0
0
0
0
0
0
0
0
0
0
0
0
0
0
0
0
0
0
0
0
0
$MCA_CAL:
3
-1.4656616 2.9313233 0.00000000000000
$ENER_FIT:
-1.4656616 2.9313233 0.00000000000000
$MCA_CAL_DATA:
3
298 872
597 1749
896 2625
$CAMBIO:
Parent file specification: C:\GADRAS-DRF\Temp\parallelGUI3\67GA_50.0_175.0_iron_6.28_6.0.pcf
Successful read of spectrum: Yes
Error message: None
Warning: None
Information: None
Neutrons: 0
Number of spectral records in the parent file: 1
Record number of this spectrum in the parent file: 1
Date and time of acquisition read successfully from the original file: Yes
Live time read successfully from the original file: Yes
True time read successfully from the original file: Yes
GADRAS Tag character is:  
Version: 130122
Parent file type: Sandia GADRAS PCF
