$SPEC_ID:
75SE,1uC{13,7.49}
$MEAS_TIM:
3600.00 3600.00
$DATE_MEA:
3/9/2018 5:22:25 PM
$DATA:
0 1193
103.245
135.467
131.663
180.647
153.523
121.646
98.105
80.678
69.848
62.357
60.190
61.234
65.621
72.275
79.840
87.848
97.621
110.269
125.143
141.582
158.080
175.102
189.882
198.686
210.018
223.945
236.365
245.666
249.168
244.254
234.790
225.554
217.217
208.984
201.711
196.872
196.374
201.151
210.970
223.563
235.357
243.994
250.399
258.237
268.563
273.616
260.061
223.501
173.222
120.952
77.476
49.900
35.385
28.931
26.547
25.788
25.301
24.783
24.172
23.510
22.894
22.420
22.129
22.005
21.965
21.897
21.679
21.262
20.646
19.849
18.906
17.887
16.864
15.872
14.937
14.086
13.345
12.727
12.237
11.870
11.623
11.536
11.669
12.061
12.737
13.665
14.748
15.852
16.771
17.314
17.418
17.061
16.274
15.130
13.727
12.210
10.719
9.327
8.079
7.006
6.121
5.427
4.902
4.512
4.228
4.026
3.883
3.780
3.703
3.638
3.582
3.531
3.484
3.441
3.401
3.367
3.337
3.314
3.303
3.312
3.353
3.443
3.603
3.860
4.252
4.821
5.588
6.554
7.717
9.053
10.517
12.058
13.583
14.946
15.999
16.630
16.788
16.425
15.545
14.251
12.662
10.892
9.063
7.293
5.693
4.304
3.139
2.213
1.510
0.996
0.634
0.391
0.237
0.143
0.085
0.049
0.029
0.018
0.011
0.008
0.007
0.006
0.006
0.006
0.006
0.006
0.006
0.006
0.006
0.006
0.006
0.006
0.006
0.006
0.006
0.006
0.006
0.006
0.007
0.007
0.008
0.009
0.010
0.011
0.013
0.015
0.017
0.019
0.022
0.024
0.026
0.028
0.029
0.030
0.031
0.031
0.030
0.029
0.027
0.025
0.023
0.021
0.019
0.017
0.014
0.013
0.011
0.009
0.008
0.007
0.006
0.005
0.005
0.004
0.003
0.003
0.003
0.002
0.002
0.002
0.001
0.001
0.001
0.001
0.001
0.000
0.000
0.000
0.000
0.000
0.000
0.000
0.000
0.000
0.000
0.000
0.000
0.000
0.000
0.000
0.000
0.000
0.000
-0.000
-0.000
-0.000
-0.000
0.000
0.000
0.000
0.000
0.000
-0.000
-0.000
-0.000
-0.000
-0.000
0.000
0.000
0.000
0
0
0
0
0
0
0
0
0
0
0
0
0
0
0
0
0
0
0
0
0
0
0
0
0
0
0
0
0
0
0
0
0
0
0
0
0
0
0
0
0
0
0
0
0
0
0
0
0
0
0
0
0
0
0
0
0
0
0
0
0
0
0
0
0
0
0
0
0
0
0
0
0
0
0
0
0
0
0
0
0
0
0
0
0
0
0
0
0
0
0
0
0
0
0
0
0
0
0
0
0
0
0
0
0
0
0
0
0
0
0
0
0
0
0
0
0
0
0
0
0
0
0
0
0
0
0
0
0
0
0
0
0
0
0
0
0
0
0
0
0
0
0
0
0
0
0
0
0
0
0
0
0
0
0
0
0
0
0
0
0
0
0
0
0
0
0
0
0
0
0
0
0
0
0
0
0
0
0
0
0
0
0
0
0
0
0
0
0
0
0
0
0
0
0
0
0
0
0
0
0
0
0
0
0
0
0
0
0
0
0
0
0
0
0
0
0
0
0
0
0
0
0
0
0
0
0
0
0
0
0
0
0
0
0
0
0
0
0
0
0
0
0
0
0
0
0
0
0
0
0
0
0
0
0
0
0
0
0
0
0
0
0
0
0
0
0
0
0
0
0
0
0
0
0
0
0
0
0
0
0
0
0
0
0
0
0
0
0
0
0
0
0
0
0
0
0
0
0
0
0
0
0
0
0
0
0
0
0
0
0
0
0
0
0
0
0
0
0
0
0
0
0
0
0
0
0
0
0
0
0
0
0
0
0
0
0
0
0
0
0
0
0
0
0
0
0
0
0
0
0
0
0
0
0
0
0
0
0
0
0
0
0
0
0
0
0
0
0
0
0
0
0
0
0
0
0
0
0
0
0
0
0
0
0
0
0
0
0
0
0
0
0
0
0
0
0
0
0
0
0
0
0
0
0
0
0
0
0
0
0
0
0
0
0
0
0
0
0
0
0
0
0
0
0
0
0
0
0
0
0
0
0
0
0
0
0
0
0
0
0
0
0
0
0
0
0
0
0
0
0
0
0
0
0
0
0
0
0
0
0
0
0
0
0
0
0
0
0
0
0
0
0
0
0
0
0
0
0
0
0
0
0
0
0
0
0
0
0
0
0
0
0
0
0
0
0
0
0
0
0
0
0
0
0
0
0
0
0
0
0
0
0
0
0
0
0
0
0
0
0
0
0
0
0
0
0
0
0
0
0
0
0
0
0
0
0
0
0
0
0
0
0
0
0
0
0
0
0
0
0
0
0
0
0
0
0
0
0
0
0
0
0
0
0
0
0
0
0
0
0
0
0
0
0
0
0
0
0
0
0
0
0
0
0
0
0
0
0
0
0
0
0
0
0
0
0
0
0
0
0
0
0
0
0
0
0
0
0
0
0
0
0
0
0
0
0
0
0
0
0
0
0
0
0
0
0
0
0
0
0
0
0
0
0
0
0
0
0
0
0
0
0
0
0
0
0
0
0
0
0
0
0
0
0
0
0
0
0
0
0
0
0
0
0
0
0
0
0
0
0
0
0
0
0
0
0
0
0
0
0
0
0
0
0
0
0
0
0
0
0
0
0
0
0
0
0
0
0
0
0
0
0
0
0
0
0
0
0
0
0
0
0
0
0
0
0
0
0
0
0
0
0
0
0
0
0
0
0
0
0
0
0
0
0
0
0
0
0
0
0
0
0
0
0
0
0
0
0
0
0
0
0
0
0
0
0
0
0
0
0
0
0
0
0
0
0
0
0
0
0
0
0
0
0
0
0
0
0
0
0
0
0
0
0
0
0
0
0
0
0
0
0
0
0
0
0
0
0
0
0
0
0
0
0
0
0
0
0
0
0
0
0
0
0
0
0
0
0
0
0
0
0
0
0
0
0
0
0
0
0
0
0
0
0
0
0
0
0
0
0
0
0
0
0
0
0
0
0
0
0
0
0
0
0
0
0
0
0
0
0
0
0
0
0
0
0
0
0
0
0
0
0
0
0
0
0
0
0
0
0
0
0
0
0
0
0
0
0
0
0
0
0
0
0
0
0
0
0
0
0
0
0
0
0
0
0
0
0
0
0
0
0
0
0
0
0
0
0
0
0
0
0
0
0
0
0
0
0
0
0
0
0
0
$MCA_CAL:
3
-1.4656616 2.9313233 0.00000000000000
$ENER_FIT:
-1.4656616 2.9313233 0.00000000000000
$MCA_CAL_DATA:
3
298 872
597 1749
896 2625
$CAMBIO:
Parent file specification: C:\GADRAS-DRF\Temp\parallelGUI3\75SE_125.0_175.0_alum_7.49_8.0.pcf
Successful read of spectrum: Yes
Error message: None
Warning: None
Information: None
Neutrons: 0
Number of spectral records in the parent file: 1
Record number of this spectrum in the parent file: 1
Date and time of acquisition read successfully from the original file: Yes
Live time read successfully from the original file: Yes
True time read successfully from the original file: Yes
GADRAS Tag character is:  
Version: 130122
Parent file type: Sandia GADRAS PCF
