$SPEC_ID:
99MO,1uC{82,1.61}
$MEAS_TIM:
3600.00 3600.00
$DATE_MEA:
3/9/2018 5:22:25 PM
$DATA:
0 1193
48.587
46.052
41.924
40.585
35.256
30.335
26.290
22.514
19.035
16.748
15.218
13.828
12.661
12.523
12.413
12.335
12.539
12.921
13.295
13.685
14.132
14.603
15.063
15.496
15.949
16.394
16.844
17.252
17.742
18.332
18.910
19.398
19.788
20.036
20.139
20.098
19.912
19.688
19.534
19.475
19.476
19.480
19.493
19.562
19.754
20.087
20.532
20.916
21.016
20.904
20.722
20.586
20.497
20.384
20.261
20.238
20.472
21.147
22.403
24.071
25.580
26.259
25.908
24.683
23.009
21.473
20.298
19.450
18.756
18.145
17.600
17.088
16.598
16.134
15.683
15.237
14.803
14.378
13.961
13.560
13.180
12.806
12.434
12.061
11.698
11.355
11.038
10.746
10.471
10.204
9.938
9.676
9.436
9.219
9.011
8.805
8.599
8.396
8.202
8.016
7.832
7.647
7.462
7.281
7.113
6.959
6.811
6.665
6.521
6.379
6.244
6.123
6.015
5.924
5.858
5.829
5.859
5.974
6.183
6.472
6.817
7.174
7.492
7.716
7.787
7.680
7.405
6.984
6.473
5.934
5.419
4.963
4.596
4.310
4.095
3.940
3.833
3.764
3.717
3.679
3.643
3.611
3.586
3.565
3.550
3.539
3.529
3.518
3.508
3.501
3.500
3.502
3.505
3.507
3.510
3.515
3.523
3.533
3.544
3.555
3.567
3.578
3.589
3.601
3.614
3.628
3.639
3.646
3.648
3.647
3.644
3.638
3.629
3.614
3.592
3.559
3.512
3.454
3.387
3.315
3.235
3.147
3.048
2.941
2.827
2.710
2.593
2.480
2.375
2.279
2.192
2.111
2.035
1.964
1.896
1.831
1.770
1.712
1.657
1.605
1.558
1.514
1.474
1.437
1.402
1.371
1.341
1.313
1.287
1.263
1.239
1.217
1.195
1.173
1.152
1.132
1.112
1.092
1.074
1.056
1.039
1.022
1.007
0.993
0.980
0.969
0.959
0.954
0.953
0.958
0.974
1.005
1.059
1.141
1.263
1.437
1.679
2.001
2.416
2.935
3.569
4.326
5.194
6.156
7.198
8.293
9.393
10.447
11.405
12.223
12.868
13.311
13.520
13.492
13.256
12.841
12.278
11.602
10.854
10.074
9.301
8.560
7.856
7.191
6.569
5.991
5.448
4.933
4.438
3.960
3.501
3.063
2.648
2.260
1.902
1.578
1.292
1.047
0.841
0.670
0.531
0.419
0.332
0.264
0.212
0.171
0.139
0.113
0.093
0.077
0.064
0.053
0.044
0.036
0.030
0.025
0.020
0.017
0.014
0.012
0.010
0.009
0.008
0.007
0.007
0.006
0.007
0.007
0.008
0.009
0.010
0.012
0.014
0.017
0.020
0.023
0.027
0.031
0.036
0.041
0.045
0.050
0.054
0.058
0.061
0.064
0.065
0.066
0.066
0.065
0.063
0.060
0.057
0.053
0.049
0.045
0.040
0.036
0.031
0.027
0.024
0.020
0.017
0.015
0.012
0.010
0.009
0.007
0.006
0.005
0.004
0.004
0.003
0.003
0.002
0.002
0.002
0.001
0.001
0.001
0.001
0.001
0.001
0.001
0.001
0.001
0.001
0.001
0.000
0.000
0.000
0.000
0.000
0.000
0.000
0.000
0.000
0.000
0.000
0.000
0.000
0.000
0.000
0.000
0.000
0.000
0.000
0.000
0.000
0.000
0.000
0.000
0.000
0.000
0.000
0.000
0.000
0.000
0.000
0.000
0.000
-0.000
-0.000
-0.000
-0.000
-0.000
-0.000
0.000
0.000
0.000
0.000
0.000
0.000
0.000
0.000
0
0
0
0
0
0
0
0
0
0
0
0
0
0
0
0
0
0
0
0
0
0
0
0
0
0
0
0
0
0
0
0
0
0
0
0
0
0
0
0
0
0
0
0
0
0
0
0
0
0
0
0
0
0
0
0
0
0
0
0
0
0
0
0
0
0
0
0
0
0
0
0
0
0
0
0
0
0
0
0
0
0
0
0
0
0
0
0
0
0
0
0
0
0
0
0
0
0
0
0
0
0
0
0
0
0
0
0
0
0
0
0
0
0
0
0
0
0
0
0
0
0
0
0
0
0
0
0
0
0
0
0
0
0
0
0
0
0
0
0
0
0
0
0
0
0
0
0
0
0
0
0
0
0
0
0
0
0
0
0
0
0
0
0
0
0
0
0
0
0
0
0
0
0
0
0
0
0
0
0
0
0
0
0
0
0
0
0
0
0
0
0
0
0
0
0
0
0
0
0
0
0
0
0
0
0
0
0
0
0
0
0
0
0
0
0
0
0
0
0
0
0
0
0
0
0
0
0
0
0
0
0
0
0
0
0
0
0
0
0
0
0
0
0
0
0
0
0
0
0
0
0
0
0
0
0
0
0
0
0
0
0
0
0
0
0
0
0
0
0
0
0
0
0
0
0
0
0
0
0
0
0
0
0
0
0
0
0
0
0
0
0
0
0
0
0
0
0
0
0
0
0
0
0
0
0
0
0
0
0
0
0
0
0
0
0
0
0
0
0
0
0
0
0
0
0
0
0
0
0
0
0
0
0
0
0
0
0
0
0
0
0
0
0
0
0
0
0
0
0
0
0
0
0
0
0
0
0
0
0
0
0
0
0
0
0
0
0
0
0
0
0
0
0
0
0
0
0
0
0
0
0
0
0
0
0
0
0
0
0
0
0
0
0
0
0
0
0
0
0
0
0
0
0
0
0
0
0
0
0
0
0
0
0
0
0
0
0
0
0
0
0
0
0
0
0
0
0
0
0
0
0
0
0
0
0
0
0
0
0
0
0
0
0
0
0
0
0
0
0
0
0
0
0
0
0
0
0
0
0
0
0
0
0
0
0
0
0
0
0
0
0
0
0
0
0
0
0
0
0
0
0
0
0
0
0
0
0
0
0
0
0
0
0
0
0
0
0
0
0
0
0
0
0
0
0
0
0
0
0
0
0
0
0
0
0
0
0
0
0
0
0
0
0
0
0
0
0
0
0
0
0
0
0
0
0
0
0
0
0
0
0
0
0
0
0
0
0
0
0
0
0
0
0
0
0
0
0
0
0
0
0
0
0
0
0
0
0
0
0
0
0
0
0
0
0
0
0
0
0
0
0
0
0
0
0
0
0
0
0
0
0
0
0
0
0
0
0
0
0
0
0
0
0
0
0
0
0
0
0
0
0
0
0
0
0
0
0
0
0
0
0
0
0
0
0
0
0
0
0
0
0
0
0
0
0
0
0
0
0
0
0
0
0
0
0
0
0
0
0
0
0
0
0
0
0
0
0
0
0
0
0
0
0
0
0
0
0
0
0
0
0
0
0
0
0
0
0
0
0
0
0
0
0
0
0
0
0
0
0
0
0
0
0
0
0
0
0
0
0
0
0
0
0
0
0
0
0
0
0
0
0
0
0
0
0
0
0
0
0
0
0
0
0
0
0
0
0
0
0
0
0
0
0
0
0
0
0
0
0
0
0
0
0
0
0
0
0
0
0
0
0
0
0
0
0
0
0
0
0
0
0
0
0
0
0
0
0
0
0
0
0
0
0
0
0
0
0
0
$MCA_CAL:
3
-1.4656616 2.9313233 0.00000000000000
$ENER_FIT:
-1.4656616 2.9313233 0.00000000000000
$MCA_CAL_DATA:
3
298 872
597 1749
896 2625
$CAMBIO:
Parent file specification: C:\GADRAS-DRF\Temp\parallelGUI3\99MO_75.0_175.0_lead_1.61_6.5.pcf
Successful read of spectrum: Yes
Error message: None
Warning: None
Information: None
Neutrons: 0
Number of spectral records in the parent file: 1
Record number of this spectrum in the parent file: 1
Date and time of acquisition read successfully from the original file: Yes
Live time read successfully from the original file: Yes
True time read successfully from the original file: Yes
GADRAS Tag character is:  
Version: 130122
Parent file type: Sandia GADRAS PCF
