$SPEC_ID:
99MO,1uC{82,0.51}
$MEAS_TIM:
3600.00 3600.00
$DATE_MEA:
3/9/2018 5:22:25 PM
$DATA:
0 1193
71.477
73.276
67.631
60.762
51.477
43.202
36.564
30.707
25.554
22.233
20.089
18.402
17.185
17.207
17.240
17.307
17.858
18.682
19.461
20.212
20.871
21.563
22.265
23.067
24.059
25.221
26.650
28.311
30.156
31.938
33.324
34.299
35.010
35.460
35.548
35.223
34.549
33.766
33.140
32.780
32.636
32.653
32.983
33.983
35.919
38.656
41.463
43.087
42.659
40.230
36.851
33.614
31.221
29.784
29.273
29.721
31.330
34.256
38.359
42.876
46.525
47.898
46.475
42.525
37.192
31.675
27.019
23.570
21.302
19.848
18.875
18.174
17.613
17.114
16.639
16.167
15.701
15.248
14.809
14.384
13.973
13.573
13.178
12.783
12.400
12.043
11.714
11.407
11.114
10.827
10.547
10.283
10.037
9.804
9.578
9.356
9.136
8.920
8.715
8.518
8.324
8.129
7.934
7.743
7.560
7.392
7.238
7.088
6.937
6.791
6.660
6.550
6.465
6.411
6.399
6.443
6.553
6.738
7.003
7.325
7.671
8.004
8.279
8.452
8.492
8.386
8.126
7.735
7.255
6.725
6.187
5.680
5.235
4.860
4.556
4.321
4.146
4.020
3.933
3.871
3.822
3.780
3.746
3.721
3.706
3.696
3.686
3.674
3.664
3.658
3.658
3.661
3.666
3.671
3.675
3.681
3.690
3.702
3.715
3.728
3.742
3.755
3.768
3.780
3.792
3.804
3.815
3.823
3.828
3.828
3.822
3.810
3.793
3.770
3.740
3.702
3.654
3.595
3.526
3.448
3.361
3.267
3.165
3.057
2.945
2.829
2.714
2.601
2.491
2.387
2.289
2.198
2.113
2.034
1.958
1.885
1.816
1.751
1.690
1.634
1.582
1.533
1.488
1.447
1.408
1.372
1.338
1.307
1.277
1.248
1.221
1.195
1.170
1.146
1.123
1.101
1.079
1.058
1.038
1.020
1.002
0.987
0.973
0.961
0.953
0.951
0.954
0.967
0.993
1.036
1.100
1.192
1.319
1.491
1.716
2.003
2.360
2.793
3.311
3.918
4.613
5.383
6.219
7.110
8.037
8.972
9.883
10.739
11.509
12.171
12.704
13.091
13.311
13.357
13.244
12.989
12.607
12.118
11.541
10.900
10.218
9.518
8.820
8.133
7.462
6.815
6.196
5.610
5.055
4.531
4.037
3.572
3.138
2.734
2.363
2.025
1.720
1.450
1.211
1.002
0.823
0.671
0.544
0.440
0.354
0.284
0.228
0.183
0.148
0.120
0.098
0.080
0.066
0.054
0.045
0.037
0.030
0.025
0.021
0.018
0.015
0.013
0.012
0.011
0.010
0.010
0.010
0.011
0.012
0.013
0.015
0.017
0.019
0.022
0.025
0.028
0.032
0.035
0.039
0.043
0.047
0.050
0.053
0.056
0.059
0.061
0.062
0.062
0.062
0.062
0.060
0.058
0.056
0.053
0.050
0.047
0.043
0.039
0.036
0.032
0.029
0.025
0.022
0.019
0.017
0.014
0.012
0.010
0.009
0.008
0.006
0.005
0.005
0.004
0.003
0.003
0.002
0.002
0.002
0.002
0.001
0.001
0.001
0.001
0.001
0.001
0.001
0.001
0.001
0.000
0.000
0.000
0.000
0.000
0.000
0.000
0.000
0.000
0.000
0.000
0.000
0.000
0.000
0.000
0.000
0.000
0.000
0.000
0.000
0.000
0.000
0.000
0.000
0.000
0.000
0.000
0.000
0.000
0.000
0.000
0.000
0.000
0.000
-0.000
-0.000
-0.000
-0.000
-0.000
-0.000
0.000
0.000
0.000
0.000
0.000
0.000
0.000
-0.000
-0.000
-0.000
-0.000
-0.000
-0.000
0.000
0.000
0.000
0.000
0
0
0
0
0
0
0
0
0
0
0
0
0
0
0
0
0
0
0
0
0
0
0
0
0
0
0
0
0
0
0
0
0
0
0
0
0
0
0
0
0
0
0
0
0
0
0
0
0
0
0
0
0
0
0
0
0
0
0
0
0
0
0
0
0
0
0
0
0
0
0
0
0
0
0
0
0
0
0
0
0
0
0
0
0
0
0
0
0
0
0
0
0
0
0
0
0
0
0
0
0
0
0
0
0
0
0
0
0
0
0
0
0
0
0
0
0
0
0
0
0
0
0
0
0
0
0
0
0
0
0
0
0
0
0
0
0
0
0
0
0
0
0
0
0
0
0
0
0
0
0
0
0
0
0
0
0
0
0
0
0
0
0
0
0
0
0
0
0
0
0
0
0
0
0
0
0
0
0
0
0
0
0
0
0
0
0
0
0
0
0
0
0
0
0
0
0
0
0
0
0
0
0
0
0
0
0
0
0
0
0
0
0
0
0
0
0
0
0
0
0
0
0
0
0
0
0
0
0
0
0
0
0
0
0
0
0
0
0
0
0
0
0
0
0
0
0
0
0
0
0
0
0
0
0
0
0
0
0
0
0
0
0
0
0
0
0
0
0
0
0
0
0
0
0
0
0
0
0
0
0
0
0
0
0
0
0
0
0
0
0
0
0
0
0
0
0
0
0
0
0
0
0
0
0
0
0
0
0
0
0
0
0
0
0
0
0
0
0
0
0
0
0
0
0
0
0
0
0
0
0
0
0
0
0
0
0
0
0
0
0
0
0
0
0
0
0
0
0
0
0
0
0
0
0
0
0
0
0
0
0
0
0
0
0
0
0
0
0
0
0
0
0
0
0
0
0
0
0
0
0
0
0
0
0
0
0
0
0
0
0
0
0
0
0
0
0
0
0
0
0
0
0
0
0
0
0
0
0
0
0
0
0
0
0
0
0
0
0
0
0
0
0
0
0
0
0
0
0
0
0
0
0
0
0
0
0
0
0
0
0
0
0
0
0
0
0
0
0
0
0
0
0
0
0
0
0
0
0
0
0
0
0
0
0
0
0
0
0
0
0
0
0
0
0
0
0
0
0
0
0
0
0
0
0
0
0
0
0
0
0
0
0
0
0
0
0
0
0
0
0
0
0
0
0
0
0
0
0
0
0
0
0
0
0
0
0
0
0
0
0
0
0
0
0
0
0
0
0
0
0
0
0
0
0
0
0
0
0
0
0
0
0
0
0
0
0
0
0
0
0
0
0
0
0
0
0
0
0
0
0
0
0
0
0
0
0
0
0
0
0
0
0
0
0
0
0
0
0
0
0
0
0
0
0
0
0
0
0
0
0
0
0
0
0
0
0
0
0
0
0
0
0
0
0
0
0
0
0
0
0
0
0
0
0
0
0
0
0
0
0
0
0
0
0
0
0
0
0
0
0
0
0
0
0
0
0
0
0
0
0
0
0
0
0
0
0
0
0
0
0
0
0
0
0
0
0
0
0
0
0
0
0
0
0
0
0
0
0
0
0
0
0
0
0
0
0
0
0
0
0
0
0
0
0
0
0
0
0
0
0
0
0
0
0
0
0
0
0
0
0
0
0
0
0
0
0
0
0
0
0
0
0
0
0
0
0
0
0
0
0
0
0
0
0
0
0
0
0
0
0
0
0
0
0
0
0
0
0
0
0
0
0
0
0
0
0
0
0
0
0
0
0
0
0
0
0
0
0
0
0
0
0
0
0
0
0
0
$MCA_CAL:
3
-1.4656616 2.9313233 0.00000000000000
$ENER_FIT:
-1.4656616 2.9313233 0.00000000000000
$MCA_CAL_DATA:
3
298 872
597 1749
896 2625
$CAMBIO:
Parent file specification: C:\GADRAS-DRF\Temp\parallelGUI3\99MO_75.0_175.0_lead_0.51_7.5.pcf
Successful read of spectrum: Yes
Error message: None
Warning: None
Information: None
Neutrons: 0
Number of spectral records in the parent file: 1
Record number of this spectrum in the parent file: 1
Date and time of acquisition read successfully from the original file: Yes
Live time read successfully from the original file: Yes
True time read successfully from the original file: Yes
GADRAS Tag character is:  
Version: 130122
Parent file type: Sandia GADRAS PCF
