$SPEC_ID:
99MO,1uC{13,13.16}
$MEAS_TIM:
3600.00 3600.00
$DATE_MEA:
3/9/2018 5:22:25 PM
$DATA:
0 1193
28.754
29.713
28.337
69.543
55.227
45.637
38.027
31.769
27.270
24.023
22.388
21.463
21.577
22.705
24.055
25.462
27.158
29.414
31.977
34.724
37.255
39.826
41.796
43.050
44.335
45.700
46.641
47.496
48.486
48.980
48.957
48.832
48.500
47.746
46.885
45.933
44.885
43.827
42.854
41.962
41.162
40.492
40.020
39.823
39.992
40.470
40.868
40.688
39.617
37.881
35.804
33.727
32.015
30.857
30.167
29.907
30.085
30.660
31.488
32.209
32.479
32.047
30.866
29.094
26.941
24.653
22.502
20.753
19.412
18.339
17.461
16.740
16.125
15.553
14.993
14.446
13.928
13.479
13.112
12.783
12.448
12.105
11.765
11.432
11.103
10.781
10.466
10.162
9.865
9.572
9.280
8.987
8.696
8.431
8.215
8.043
7.887
7.724
7.554
7.387
7.226
7.067
6.907
6.748
6.593
6.446
6.304
6.161
6.017
5.879
5.760
5.662
5.582
5.516
5.464
5.429
5.412
5.412
5.426
5.450
5.476
5.492
5.486
5.451
5.383
5.280
5.145
4.987
4.816
4.640
4.464
4.293
4.132
3.984
3.854
3.743
3.651
3.575
3.513
3.460
3.416
3.378
3.344
3.313
3.285
3.260
3.236
3.214
3.193
3.174
3.155
3.138
3.120
3.104
3.088
3.073
3.059
3.045
3.032
3.019
3.006
2.993
2.981
2.970
2.960
2.950
2.937
2.922
2.905
2.887
2.868
2.850
2.830
2.808
2.780
2.745
2.705
2.662
2.617
2.573
2.528
2.482
2.434
2.383
2.330
2.277
2.222
2.169
2.116
2.065
2.015
1.967
1.921
1.878
1.836
1.798
1.762
1.728
1.697
1.667
1.639
1.612
1.587
1.563
1.540
1.519
1.498
1.478
1.459
1.440
1.422
1.405
1.389
1.375
1.361
1.348
1.336
1.325
1.314
1.304
1.295
1.287
1.282
1.278
1.278
1.281
1.290
1.305
1.327
1.359
1.402
1.458
1.529
1.617
1.725
1.856
2.013
2.197
2.405
2.636
2.885
3.150
3.428
3.712
3.995
4.271
4.535
4.778
4.995
5.180
5.324
5.423
5.470
5.469
5.421
5.332
5.203
5.039
4.845
4.625
4.385
4.131
3.867
3.597
3.327
3.059
2.798
2.548
2.311
2.086
1.875
1.677
1.491
1.318
1.158
1.011
0.877
0.755
0.646
0.550
0.466
0.392
0.328
0.273
0.226
0.187
0.153
0.126
0.103
0.084
0.069
0.056
0.046
0.039
0.032
0.027
0.023
0.019
0.017
0.015
0.013
0.011
0.010
0.010
0.009
0.009
0.009
0.009
0.010
0.010
0.011
0.012
0.013
0.014
0.015
0.016
0.017
0.018
0.020
0.021
0.022
0.023
0.024
0.025
0.026
0.026
0.027
0.027
0.027
0.026
0.026
0.025
0.024
0.023
0.022
0.021
0.020
0.018
0.017
0.015
0.014
0.013
0.011
0.010
0.009
0.008
0.007
0.006
0.005
0.005
0.004
0.003
0.003
0.003
0.002
0.002
0.002
0.001
0.001
0.001
0.001
0.001
0.001
0.001
0.001
0.000
0.000
0.000
0.000
0.000
0.000
0.000
0.000
0.000
0.000
0.000
0.000
0.000
0.000
0.000
0.000
0.000
0.000
0.000
0.000
0.000
0.000
0.000
0.000
0.000
0.000
0.000
0.000
0.000
0.000
0.000
0.000
0.000
0.000
0.000
0.000
0.000
0.000
0.000
0.000
0.000
0.000
0.000
0.000
0.000
0.000
-0.000
-0.000
-0.000
-0.000
-0.000
-0.000
-0.000
0.000
0.000
0.000
0.000
0.000
0.000
0.000
0.000
0.000
0.000
0.000
0.000
0
0
0
0
0
0
0
0
0
0
0
0
0
0
0
0
0
0
0
0
0
0
0
0
0
0
0
0
0
0
0
0
0
0
0
0
0
0
0
0
0
0
0
0
0
0
0
0
0
0
0
0
0
0
0
0
0
0
0
0
0
0
0
0
0
0
0
0
0
0
0
0
0
0
0
0
0
0
0
0
0
0
0
0
0
0
0
0
0
0
0
0
0
0
0
0
0
0
0
0
0
0
0
0
0
0
0
0
0
0
0
0
0
0
0
0
0
0
0
0
0
0
0
0
0
0
0
0
0
0
0
0
0
0
0
0
0
0
0
0
0
0
0
0
0
0
0
0
0
0
0
0
0
0
0
0
0
0
0
0
0
0
0
0
0
0
0
0
0
0
0
0
0
0
0
0
0
0
0
0
0
0
0
0
0
0
0
0
0
0
0
0
0
0
0
0
0
0
0
0
0
0
0
0
0
0
0
0
0
0
0
0
0
0
0
0
0
0
0
0
0
0
0
0
0
0
0
0
0
0
0
0
0
0
0
0
0
0
0
0
0
0
0
0
0
0
0
0
0
0
0
0
0
0
0
0
0
0
0
0
0
0
0
0
0
0
0
0
0
0
0
0
0
0
0
0
0
0
0
0
0
0
0
0
0
0
0
0
0
0
0
0
0
0
0
0
0
0
0
0
0
0
0
0
0
0
0
0
0
0
0
0
0
0
0
0
0
0
0
0
0
0
0
0
0
0
0
0
0
0
0
0
0
0
0
0
0
0
0
0
0
0
0
0
0
0
0
0
0
0
0
0
0
0
0
0
0
0
0
0
0
0
0
0
0
0
0
0
0
0
0
0
0
0
0
0
0
0
0
0
0
0
0
0
0
0
0
0
0
0
0
0
0
0
0
0
0
0
0
0
0
0
0
0
0
0
0
0
0
0
0
0
0
0
0
0
0
0
0
0
0
0
0
0
0
0
0
0
0
0
0
0
0
0
0
0
0
0
0
0
0
0
0
0
0
0
0
0
0
0
0
0
0
0
0
0
0
0
0
0
0
0
0
0
0
0
0
0
0
0
0
0
0
0
0
0
0
0
0
0
0
0
0
0
0
0
0
0
0
0
0
0
0
0
0
0
0
0
0
0
0
0
0
0
0
0
0
0
0
0
0
0
0
0
0
0
0
0
0
0
0
0
0
0
0
0
0
0
0
0
0
0
0
0
0
0
0
0
0
0
0
0
0
0
0
0
0
0
0
0
0
0
0
0
0
0
0
0
0
0
0
0
0
0
0
0
0
0
0
0
0
0
0
0
0
0
0
0
0
0
0
0
0
0
0
0
0
0
0
0
0
0
0
0
0
0
0
0
0
0
0
0
0
0
0
0
0
0
0
0
0
0
0
0
0
0
0
0
0
0
0
0
0
0
0
0
0
0
0
0
0
0
0
0
0
0
0
0
0
0
0
0
0
0
0
0
0
0
0
0
0
0
0
0
0
0
0
0
0
0
0
0
0
0
0
0
0
0
0
0
0
0
0
0
0
0
0
0
0
0
0
0
0
0
0
0
0
0
0
0
0
0
0
0
0
0
0
0
0
0
0
0
0
0
0
0
0
0
0
0
0
0
0
0
0
0
0
0
0
0
0
0
0
0
0
0
0
0
0
0
0
0
0
0
0
0
0
0
0
0
0
0
0
0
0
0
0
0
0
0
0
0
0
0
0
0
0
0
0
0
0
0
0
0
$MCA_CAL:
3
-1.4656616 2.9313233 0.00000000000000
$ENER_FIT:
-1.4656616 2.9313233 0.00000000000000
$MCA_CAL_DATA:
3
298 872
597 1749
896 2625
$CAMBIO:
Parent file specification: C:\GADRAS-DRF\Temp\parallelGUI3\99MO_75.0_175.0_alum_13.16_8.5.pcf
Successful read of spectrum: Yes
Error message: None
Warning: None
Information: None
Neutrons: 0
Number of spectral records in the parent file: 1
Record number of this spectrum in the parent file: 1
Date and time of acquisition read successfully from the original file: Yes
Live time read successfully from the original file: Yes
True time read successfully from the original file: Yes
GADRAS Tag character is:  
Version: 130122
Parent file type: Sandia GADRAS PCF
