$SPEC_ID:
99MO,1uC{13,7.49}
$MEAS_TIM:
3600.00 3600.00
$DATE_MEA:
3/9/2018 5:22:25 PM
$DATA:
0 1193
42.854
45.537
42.923
73.386
58.988
48.624
40.462
33.685
28.588
25.018
23.138
22.123
22.237
23.392
24.343
25.255
26.680
28.762
31.162
33.732
36.187
38.687
40.704
42.216
43.886
45.786
47.507
49.295
51.254
52.547
53.043
53.206
53.017
52.335
51.475
50.463
49.309
48.144
47.114
46.241
45.561
45.165
45.211
45.917
47.351
49.276
50.989
51.540
50.269
47.504
43.907
40.274
37.322
35.437
34.523
34.518
35.398
37.055
39.208
41.215
42.426
42.301
40.692
37.856
34.219
30.323
26.690
23.789
21.654
20.072
18.897
18.028
17.347
16.733
16.128
15.537
14.975
14.470
14.031
13.618
13.198
12.769
12.342
11.921
11.510
11.111
10.731
10.372
10.027
9.686
9.348
9.019
8.707
8.428
8.197
8.007
7.833
7.657
7.480
7.311
7.152
6.996
6.839
6.683
6.536
6.402
6.276
6.150
6.024
5.906
5.808
5.735
5.686
5.658
5.652
5.673
5.724
5.804
5.907
6.025
6.145
6.248
6.317
6.338
6.305
6.211
6.060
5.864
5.635
5.386
5.131
4.882
4.649
4.439
4.257
4.107
3.987
3.892
3.818
3.760
3.715
3.680
3.651
3.628
3.607
3.589
3.572
3.557
3.543
3.532
3.522
3.513
3.505
3.496
3.489
3.483
3.478
3.474
3.470
3.466
3.461
3.457
3.453
3.450
3.448
3.444
3.437
3.426
3.412
3.397
3.381
3.365
3.348
3.325
3.295
3.255
3.208
3.154
3.098
3.041
2.983
2.921
2.857
2.789
2.717
2.644
2.571
2.498
2.426
2.357
2.290
2.226
2.164
2.107
2.052
2.001
1.953
1.908
1.866
1.826
1.789
1.754
1.721
1.690
1.661
1.633
1.607
1.582
1.558
1.535
1.513
1.492
1.472
1.454
1.437
1.422
1.407
1.393
1.380
1.368
1.358
1.349
1.344
1.342
1.344
1.353
1.369
1.394
1.431
1.482
1.550
1.639
1.750
1.888
2.056
2.258
2.498
2.777
3.094
3.443
3.822
4.228
4.653
5.090
5.528
5.957
6.366
6.747
7.087
7.379
7.613
7.778
7.867
7.883
7.831
7.715
7.539
7.309
7.031
6.715
6.369
6.001
5.619
5.230
4.840
4.453
4.075
3.712
3.367
3.040
2.732
2.442
2.171
1.919
1.686
1.472
1.276
1.099
0.941
0.801
0.678
0.570
0.477
0.396
0.328
0.270
0.221
0.181
0.148
0.120
0.098
0.080
0.066
0.054
0.045
0.038
0.031
0.026
0.022
0.019
0.017
0.015
0.013
0.012
0.012
0.011
0.011
0.012
0.012
0.013
0.014
0.015
0.017
0.018
0.020
0.021
0.023
0.025
0.027
0.029
0.030
0.032
0.033
0.035
0.036
0.036
0.037
0.037
0.037
0.037
0.036
0.035
0.034
0.033
0.031
0.029
0.028
0.026
0.024
0.022
0.020
0.018
0.016
0.014
0.013
0.011
0.010
0.009
0.008
0.007
0.006
0.005
0.004
0.004
0.003
0.003
0.002
0.002
0.002
0.001
0.001
0.001
0.001
0.001
0.001
0.001
0.001
0.000
0.000
0.000
0.000
0.000
0.000
0.000
0.000
0.000
0.000
0.000
0.000
0.000
0.000
0.000
0.000
0.000
0.000
0.000
0.000
0.000
0.000
0.000
0.000
0.000
0.000
0.000
0.000
0.000
0.000
0.000
0.000
0.000
0.000
0.000
0.000
0.000
0.000
0.000
0.000
0.000
0.000
0.000
0.000
-0.000
-0.000
-0.000
-0.000
-0.000
-0.000
-0.000
0.000
0.000
0.000
0.000
0.000
0.000
0.000
0.000
0.000
0.000
0.000
0.000
0
0
0
0
0
0
0
0
0
0
0
0
0
0
0
0
0
0
0
0
0
0
0
0
0
0
0
0
0
0
0
0
0
0
0
0
0
0
0
0
0
0
0
0
0
0
0
0
0
0
0
0
0
0
0
0
0
0
0
0
0
0
0
0
0
0
0
0
0
0
0
0
0
0
0
0
0
0
0
0
0
0
0
0
0
0
0
0
0
0
0
0
0
0
0
0
0
0
0
0
0
0
0
0
0
0
0
0
0
0
0
0
0
0
0
0
0
0
0
0
0
0
0
0
0
0
0
0
0
0
0
0
0
0
0
0
0
0
0
0
0
0
0
0
0
0
0
0
0
0
0
0
0
0
0
0
0
0
0
0
0
0
0
0
0
0
0
0
0
0
0
0
0
0
0
0
0
0
0
0
0
0
0
0
0
0
0
0
0
0
0
0
0
0
0
0
0
0
0
0
0
0
0
0
0
0
0
0
0
0
0
0
0
0
0
0
0
0
0
0
0
0
0
0
0
0
0
0
0
0
0
0
0
0
0
0
0
0
0
0
0
0
0
0
0
0
0
0
0
0
0
0
0
0
0
0
0
0
0
0
0
0
0
0
0
0
0
0
0
0
0
0
0
0
0
0
0
0
0
0
0
0
0
0
0
0
0
0
0
0
0
0
0
0
0
0
0
0
0
0
0
0
0
0
0
0
0
0
0
0
0
0
0
0
0
0
0
0
0
0
0
0
0
0
0
0
0
0
0
0
0
0
0
0
0
0
0
0
0
0
0
0
0
0
0
0
0
0
0
0
0
0
0
0
0
0
0
0
0
0
0
0
0
0
0
0
0
0
0
0
0
0
0
0
0
0
0
0
0
0
0
0
0
0
0
0
0
0
0
0
0
0
0
0
0
0
0
0
0
0
0
0
0
0
0
0
0
0
0
0
0
0
0
0
0
0
0
0
0
0
0
0
0
0
0
0
0
0
0
0
0
0
0
0
0
0
0
0
0
0
0
0
0
0
0
0
0
0
0
0
0
0
0
0
0
0
0
0
0
0
0
0
0
0
0
0
0
0
0
0
0
0
0
0
0
0
0
0
0
0
0
0
0
0
0
0
0
0
0
0
0
0
0
0
0
0
0
0
0
0
0
0
0
0
0
0
0
0
0
0
0
0
0
0
0
0
0
0
0
0
0
0
0
0
0
0
0
0
0
0
0
0
0
0
0
0
0
0
0
0
0
0
0
0
0
0
0
0
0
0
0
0
0
0
0
0
0
0
0
0
0
0
0
0
0
0
0
0
0
0
0
0
0
0
0
0
0
0
0
0
0
0
0
0
0
0
0
0
0
0
0
0
0
0
0
0
0
0
0
0
0
0
0
0
0
0
0
0
0
0
0
0
0
0
0
0
0
0
0
0
0
0
0
0
0
0
0
0
0
0
0
0
0
0
0
0
0
0
0
0
0
0
0
0
0
0
0
0
0
0
0
0
0
0
0
0
0
0
0
0
0
0
0
0
0
0
0
0
0
0
0
0
0
0
0
0
0
0
0
0
0
0
0
0
0
0
0
0
0
0
0
0
0
0
0
0
0
0
0
0
0
0
0
0
0
0
0
0
0
0
0
0
0
0
0
0
0
0
0
0
0
0
0
0
0
0
0
0
0
0
0
0
0
0
0
0
0
0
0
0
0
0
0
0
0
0
0
0
0
0
0
0
0
0
0
0
0
0
0
0
0
0
0
0
$MCA_CAL:
3
-1.4656616 2.9313233 0.00000000000000
$ENER_FIT:
-1.4656616 2.9313233 0.00000000000000
$MCA_CAL_DATA:
3
298 872
597 1749
896 2625
$CAMBIO:
Parent file specification: C:\GADRAS-DRF\Temp\parallelGUI3\99MO_100.0_175.0_alum_7.49_8.5.pcf
Successful read of spectrum: Yes
Error message: None
Warning: None
Information: None
Neutrons: 0
Number of spectral records in the parent file: 1
Record number of this spectrum in the parent file: 1
Date and time of acquisition read successfully from the original file: Yes
Live time read successfully from the original file: Yes
True time read successfully from the original file: Yes
GADRAS Tag character is:  
Version: 130122
Parent file type: Sandia GADRAS PCF
