$SPEC_ID:
99MO,1uC{13,1.82}
$MEAS_TIM:
3600.00 3600.00
$DATE_MEA:
3/9/2018 5:22:25 PM
$DATA:
0 1193
35.256
39.009
36.558
38.733
31.887
25.844
21.411
17.649
14.619
12.701
11.845
12.055
13.446
14.767
13.633
11.854
11.425
11.957
12.712
13.513
14.327
15.162
15.930
16.697
17.630
18.769
20.086
21.584
23.158
24.462
25.305
25.769
25.938
25.831
25.547
25.119
24.591
24.029
23.501
23.069
22.763
22.632
22.792
23.415
24.549
26.017
27.330
27.871
27.199
25.444
23.052
20.627
18.641
17.356
16.761
16.812
17.451
18.589
20.052
21.472
22.450
22.603
21.794
20.143
17.941
15.590
13.418
11.689
10.432
9.549
8.949
8.547
8.254
7.986
7.708
7.430
7.163
6.909
6.666
6.428
6.186
5.942
5.699
5.459
5.226
5.006
4.802
4.618
4.446
4.276
4.109
3.953
3.815
3.691
3.578
3.473
3.373
3.276
3.183
3.097
3.016
2.938
2.860
2.783
2.711
2.647
2.588
2.530
2.472
2.418
2.373
2.340
2.317
2.306
2.307
2.324
2.359
2.412
2.477
2.551
2.627
2.694
2.743
2.767
2.762
2.722
2.649
2.548
2.426
2.290
2.149
2.010
1.881
1.765
1.666
1.583
1.518
1.467
1.427
1.397
1.375
1.358
1.344
1.334
1.326
1.319
1.313
1.308
1.304
1.301
1.299
1.297
1.296
1.294
1.294
1.294
1.295
1.296
1.297
1.299
1.300
1.301
1.303
1.305
1.307
1.309
1.309
1.307
1.304
1.299
1.295
1.291
1.286
1.279
1.268
1.252
1.232
1.209
1.184
1.159
1.132
1.104
1.074
1.041
1.008
0.973
0.939
0.905
0.871
0.839
0.808
0.778
0.750
0.724
0.699
0.676
0.654
0.633
0.614
0.596
0.579
0.563
0.548
0.534
0.521
0.509
0.497
0.486
0.476
0.466
0.457
0.448
0.440
0.432
0.425
0.418
0.412
0.406
0.400
0.395
0.391
0.388
0.386
0.386
0.389
0.394
0.403
0.417
0.437
0.464
0.500
0.547
0.605
0.677
0.765
0.870
0.993
1.136
1.297
1.476
1.670
1.878
2.098
2.325
2.553
2.777
2.992
3.192
3.372
3.528
3.655
3.747
3.802
3.820
3.803
3.754
3.674
3.566
3.433
3.280
3.112
2.933
2.748
2.559
2.369
2.182
1.998
1.821
1.652
1.492
1.340
1.198
1.065
0.941
0.827
0.722
0.626
0.539
0.462
0.393
0.332
0.279
0.233
0.193
0.160
0.131
0.107
0.088
0.072
0.058
0.047
0.038
0.031
0.026
0.021
0.017
0.014
0.012
0.010
0.009
0.007
0.006
0.006
0.005
0.005
0.005
0.005
0.005
0.005
0.006
0.006
0.007
0.007
0.008
0.009
0.010
0.011
0.011
0.012
0.013
0.014
0.015
0.016
0.016
0.017
0.017
0.017
0.017
0.017
0.017
0.017
0.017
0.016
0.015
0.015
0.014
0.013
0.012
0.011
0.010
0.009
0.009
0.008
0.007
0.006
0.005
0.005
0.004
0.004
0.003
0.003
0.002
0.002
0.002
0.001
0.001
0.001
0.001
0.001
0.001
0.001
0.001
0.000
0.000
0.000
0.000
0.000
0.000
0.000
0.000
0.000
0.000
0.000
0.000
0.000
0.000
0.000
0.000
0.000
0.000
0.000
0.000
0.000
0.000
0.000
0.000
0.000
0.000
0.000
0.000
0.000
0.000
0.000
0.000
0.000
0.000
0.000
0.000
0.000
0.000
0.000
0.000
0.000
0.000
0.000
0.000
0.000
0.000
0.000
0.000
0.000
-0.000
-0.000
-0.000
-0.000
-0.000
-0.000
-0.000
0.000
0.000
0.000
0.000
0.000
0.000
0.000
0.000
0.000
0.000
0.000
0.000
0
0
0
0
0
0
0
0
0
0
0
0
0
0
0
0
0
0
0
0
0
0
0
0
0
0
0
0
0
0
0
0
0
0
0
0
0
0
0
0
0
0
0
0
0
0
0
0
0
0
0
0
0
0
0
0
0
0
0
0
0
0
0
0
0
0
0
0
0
0
0
0
0
0
0
0
0
0
0
0
0
0
0
0
0
0
0
0
0
0
0
0
0
0
0
0
0
0
0
0
0
0
0
0
0
0
0
0
0
0
0
0
0
0
0
0
0
0
0
0
0
0
0
0
0
0
0
0
0
0
0
0
0
0
0
0
0
0
0
0
0
0
0
0
0
0
0
0
0
0
0
0
0
0
0
0
0
0
0
0
0
0
0
0
0
0
0
0
0
0
0
0
0
0
0
0
0
0
0
0
0
0
0
0
0
0
0
0
0
0
0
0
0
0
0
0
0
0
0
0
0
0
0
0
0
0
0
0
0
0
0
0
0
0
0
0
0
0
0
0
0
0
0
0
0
0
0
0
0
0
0
0
0
0
0
0
0
0
0
0
0
0
0
0
0
0
0
0
0
0
0
0
0
0
0
0
0
0
0
0
0
0
0
0
0
0
0
0
0
0
0
0
0
0
0
0
0
0
0
0
0
0
0
0
0
0
0
0
0
0
0
0
0
0
0
0
0
0
0
0
0
0
0
0
0
0
0
0
0
0
0
0
0
0
0
0
0
0
0
0
0
0
0
0
0
0
0
0
0
0
0
0
0
0
0
0
0
0
0
0
0
0
0
0
0
0
0
0
0
0
0
0
0
0
0
0
0
0
0
0
0
0
0
0
0
0
0
0
0
0
0
0
0
0
0
0
0
0
0
0
0
0
0
0
0
0
0
0
0
0
0
0
0
0
0
0
0
0
0
0
0
0
0
0
0
0
0
0
0
0
0
0
0
0
0
0
0
0
0
0
0
0
0
0
0
0
0
0
0
0
0
0
0
0
0
0
0
0
0
0
0
0
0
0
0
0
0
0
0
0
0
0
0
0
0
0
0
0
0
0
0
0
0
0
0
0
0
0
0
0
0
0
0
0
0
0
0
0
0
0
0
0
0
0
0
0
0
0
0
0
0
0
0
0
0
0
0
0
0
0
0
0
0
0
0
0
0
0
0
0
0
0
0
0
0
0
0
0
0
0
0
0
0
0
0
0
0
0
0
0
0
0
0
0
0
0
0
0
0
0
0
0
0
0
0
0
0
0
0
0
0
0
0
0
0
0
0
0
0
0
0
0
0
0
0
0
0
0
0
0
0
0
0
0
0
0
0
0
0
0
0
0
0
0
0
0
0
0
0
0
0
0
0
0
0
0
0
0
0
0
0
0
0
0
0
0
0
0
0
0
0
0
0
0
0
0
0
0
0
0
0
0
0
0
0
0
0
0
0
0
0
0
0
0
0
0
0
0
0
0
0
0
0
0
0
0
0
0
0
0
0
0
0
0
0
0
0
0
0
0
0
0
0
0
0
0
0
0
0
0
0
0
0
0
0
0
0
0
0
0
0
0
0
0
0
0
0
0
0
0
0
0
0
0
0
0
0
0
0
0
0
0
0
0
0
0
0
0
0
0
0
0
0
0
0
0
0
0
0
0
0
0
0
0
0
0
0
0
0
0
0
0
0
0
0
0
0
0
0
0
0
0
0
0
0
0
0
0
0
0
0
0
0
0
0
0
0
0
0
0
0
0
0
0
$MCA_CAL:
3
-1.4656616 2.9313233 0.00000000000000
$ENER_FIT:
-1.4656616 2.9313233 0.00000000000000
$MCA_CAL_DATA:
3
298 872
597 1749
896 2625
$CAMBIO:
Parent file specification: C:\GADRAS-DRF\Temp\parallelGUI3\99MO_150.0_300.0_alum_1.82_8.5.pcf
Successful read of spectrum: Yes
Error message: None
Warning: None
Information: None
Neutrons: 0
Number of spectral records in the parent file: 1
Record number of this spectrum in the parent file: 1
Date and time of acquisition read successfully from the original file: Yes
Live time read successfully from the original file: Yes
True time read successfully from the original file: Yes
GADRAS Tag character is:  
Version: 130122
Parent file type: Sandia GADRAS PCF
