$SPEC_ID:
99MO,1uC{26,6.28}
$MEAS_TIM:
3600.00 3600.00
$DATE_MEA:
3/9/2018 5:22:25 PM
$DATA:
0 1193
28.575
29.555
27.441
34.700
30.418
25.192
21.065
17.514
14.732
12.765
11.568
10.653
10.059
10.037
10.075
10.182
10.499
11.060
11.704
12.415
13.142
13.889
14.574
15.120
15.732
16.379
17.091
17.855
18.654
19.351
19.873
20.289
20.603
20.780
20.854
20.836
20.757
20.633
20.466
20.297
20.165
20.026
19.952
20.046
20.360
20.838
21.288
21.420
20.965
20.025
18.837
17.661
16.690
16.013
15.605
15.470
15.621
16.053
16.687
17.362
17.780
17.677
17.019
15.892
14.491
13.041
11.764
10.749
9.994
9.453
9.061
8.759
8.498
8.253
8.010
7.771
7.544
7.332
7.137
6.952
6.767
6.580
6.394
6.210
6.030
5.855
5.691
5.538
5.393
5.249
5.108
4.968
4.836
4.717
4.615
4.520
4.428
4.337
4.251
4.171
4.094
4.015
3.936
3.859
3.784
3.711
3.639
3.569
3.499
3.430
3.366
3.310
3.264
3.227
3.197
3.177
3.169
3.176
3.195
3.222
3.253
3.277
3.288
3.279
3.245
3.184
3.098
2.992
2.872
2.746
2.619
2.498
2.385
2.284
2.196
2.122
2.060
2.010
1.968
1.933
1.902
1.873
1.845
1.820
1.797
1.776
1.756
1.737
1.717
1.698
1.679
1.661
1.643
1.626
1.609
1.592
1.576
1.561
1.546
1.532
1.519
1.505
1.493
1.482
1.472
1.463
1.454
1.444
1.432
1.418
1.404
1.390
1.375
1.361
1.344
1.324
1.300
1.274
1.246
1.217
1.188
1.158
1.127
1.094
1.060
1.026
0.992
0.958
0.926
0.895
0.865
0.837
0.811
0.786
0.763
0.741
0.720
0.701
0.683
0.666
0.650
0.636
0.622
0.609
0.597
0.585
0.574
0.564
0.554
0.544
0.535
0.527
0.518
0.511
0.503
0.496
0.490
0.484
0.478
0.473
0.468
0.463
0.460
0.457
0.456
0.456
0.459
0.464
0.473
0.486
0.505
0.531
0.566
0.611
0.668
0.738
0.823
0.924
1.043
1.177
1.327
1.488
1.661
1.842
2.027
2.209
2.385
2.548
2.693
2.818
2.918
2.989
3.028
3.033
3.009
2.957
2.880
2.780
2.662
2.529
2.385
2.235
2.081
1.928
1.776
1.627
1.483
1.346
1.216
1.093
0.978
0.870
0.769
0.675
0.589
0.509
0.438
0.373
0.316
0.266
0.222
0.184
0.152
0.124
0.101
0.082
0.067
0.054
0.044
0.036
0.029
0.024
0.020
0.016
0.014
0.011
0.009
0.008
0.007
0.006
0.005
0.004
0.004
0.004
0.004
0.003
0.004
0.004
0.004
0.004
0.005
0.005
0.006
0.006
0.007
0.008
0.008
0.009
0.010
0.011
0.011
0.012
0.013
0.013
0.014
0.014
0.014
0.014
0.014
0.014
0.014
0.014
0.013
0.012
0.012
0.011
0.010
0.009
0.009
0.008
0.007
0.006
0.006
0.005
0.004
0.004
0.003
0.003
0.002
0.002
0.002
0.002
0.001
0.001
0.001
0.001
0.001
0.001
0.001
0.000
0.000
0.000
0.000
0.000
0.000
0.000
0.000
0.000
0.000
0.000
0.000
0.000
0.000
0.000
0.000
0.000
0.000
0.000
0.000
0.000
0.000
0.000
0.000
0.000
0.000
0.000
0.000
0.000
0.000
0.000
0.000
0.000
0.000
0.000
0.000
0.000
0.000
0.000
0.000
0.000
0.000
0.000
0.000
0.000
0.000
0.000
0.000
0.000
-0.000
-0.000
-0.000
-0.000
-0.000
-0.000
0.000
0.000
0.000
0.000
0.000
0.000
0.000
-0.000
-0.000
-0.000
-0.000
-0.000
-0.000
-0.000
0.000
0.000
0.000
0.000
0
0
0
0
0
0
0
0
0
0
0
0
0
0
0
0
0
0
0
0
0
0
0
0
0
0
0
0
0
0
0
0
0
0
0
0
0
0
0
0
0
0
0
0
0
0
0
0
0
0
0
0
0
0
0
0
0
0
0
0
0
0
0
0
0
0
0
0
0
0
0
0
0
0
0
0
0
0
0
0
0
0
0
0
0
0
0
0
0
0
0
0
0
0
0
0
0
0
0
0
0
0
0
0
0
0
0
0
0
0
0
0
0
0
0
0
0
0
0
0
0
0
0
0
0
0
0
0
0
0
0
0
0
0
0
0
0
0
0
0
0
0
0
0
0
0
0
0
0
0
0
0
0
0
0
0
0
0
0
0
0
0
0
0
0
0
0
0
0
0
0
0
0
0
0
0
0
0
0
0
0
0
0
0
0
0
0
0
0
0
0
0
0
0
0
0
0
0
0
0
0
0
0
0
0
0
0
0
0
0
0
0
0
0
0
0
0
0
0
0
0
0
0
0
0
0
0
0
0
0
0
0
0
0
0
0
0
0
0
0
0
0
0
0
0
0
0
0
0
0
0
0
0
0
0
0
0
0
0
0
0
0
0
0
0
0
0
0
0
0
0
0
0
0
0
0
0
0
0
0
0
0
0
0
0
0
0
0
0
0
0
0
0
0
0
0
0
0
0
0
0
0
0
0
0
0
0
0
0
0
0
0
0
0
0
0
0
0
0
0
0
0
0
0
0
0
0
0
0
0
0
0
0
0
0
0
0
0
0
0
0
0
0
0
0
0
0
0
0
0
0
0
0
0
0
0
0
0
0
0
0
0
0
0
0
0
0
0
0
0
0
0
0
0
0
0
0
0
0
0
0
0
0
0
0
0
0
0
0
0
0
0
0
0
0
0
0
0
0
0
0
0
0
0
0
0
0
0
0
0
0
0
0
0
0
0
0
0
0
0
0
0
0
0
0
0
0
0
0
0
0
0
0
0
0
0
0
0
0
0
0
0
0
0
0
0
0
0
0
0
0
0
0
0
0
0
0
0
0
0
0
0
0
0
0
0
0
0
0
0
0
0
0
0
0
0
0
0
0
0
0
0
0
0
0
0
0
0
0
0
0
0
0
0
0
0
0
0
0
0
0
0
0
0
0
0
0
0
0
0
0
0
0
0
0
0
0
0
0
0
0
0
0
0
0
0
0
0
0
0
0
0
0
0
0
0
0
0
0
0
0
0
0
0
0
0
0
0
0
0
0
0
0
0
0
0
0
0
0
0
0
0
0
0
0
0
0
0
0
0
0
0
0
0
0
0
0
0
0
0
0
0
0
0
0
0
0
0
0
0
0
0
0
0
0
0
0
0
0
0
0
0
0
0
0
0
0
0
0
0
0
0
0
0
0
0
0
0
0
0
0
0
0
0
0
0
0
0
0
0
0
0
0
0
0
0
0
0
0
0
0
0
0
0
0
0
0
0
0
0
0
0
0
0
0
0
0
0
0
0
0
0
0
0
0
0
0
0
0
0
0
0
0
0
0
0
0
0
0
0
0
0
0
0
0
0
0
0
0
0
0
0
0
0
0
0
0
0
0
0
0
0
0
0
0
0
0
0
0
0
0
0
0
0
0
0
0
0
0
0
0
0
0
0
0
0
0
0
0
0
0
0
0
0
0
0
0
0
0
0
0
0
0
0
0
0
0
0
0
0
0
0
0
0
0
0
0
0
0
0
0
0
$MCA_CAL:
3
-1.4656616 2.9313233 0.00000000000000
$ENER_FIT:
-1.4656616 2.9313233 0.00000000000000
$MCA_CAL_DATA:
3
298 872
597 1749
896 2625
$CAMBIO:
Parent file specification: C:\GADRAS-DRF\Temp\parallelGUI3\99MO_50.0_300.0_iron_6.28_8.0.pcf
Successful read of spectrum: Yes
Error message: None
Warning: None
Information: None
Neutrons: 0
Number of spectral records in the parent file: 1
Record number of this spectrum in the parent file: 1
Date and time of acquisition read successfully from the original file: Yes
Live time read successfully from the original file: Yes
True time read successfully from the original file: Yes
GADRAS Tag character is:  
Version: 130122
Parent file type: Sandia GADRAS PCF
