$SPEC_ID:
99MO,1uC{82,0.92}
$MEAS_TIM:
3600.00 3600.00
$DATE_MEA:
3/9/2018 5:22:25 PM
$DATA:
0 1193
260.384
248.564
226.467
208.517
182.783
157.798
138.334
120.111
103.118
92.264
85.036
78.488
73.089
71.298
69.829
68.502
68.031
68.298
68.566
68.922
69.593
70.209
70.721
71.348
72.410
73.901
76.027
78.558
81.525
84.703
87.626
90.236
92.567
94.647
96.493
97.906
98.976
100.122
101.875
104.505
108.182
113.236
120.341
130.093
142.299
155.306
166.601
173.488
174.044
168.386
158.885
148.671
140.870
137.435
139.912
149.526
166.381
189.246
215.361
240.722
260.228
268.554
264.025
247.209
221.405
191.264
160.994
134.390
113.134
97.341
86.322
78.596
73.047
69.236
66.738
64.950
63.303
61.717
60.341
59.265
58.514
58.072
57.809
57.577
57.350
57.179
57.096
57.069
57.058
57.045
57.034
57.024
57.011
56.991
56.962
56.927
56.882
56.822
56.727
56.590
56.419
56.236
56.053
55.856
55.631
55.374
55.119
54.902
54.759
54.730
54.850
55.175
55.774
56.726
58.084
59.872
62.103
64.753
67.684
70.740
73.754
76.475
78.643
80.009
80.461
79.950
78.433
75.998
72.863
69.259
65.403
61.501
57.749
54.340
51.361
48.838
46.802
45.245
44.085
43.231
42.599
42.138
41.823
41.629
41.530
41.501
41.518
41.556
41.605
41.671
41.758
41.876
42.022
42.187
42.365
42.548
42.736
42.927
43.124
43.326
43.530
43.733
43.930
44.119
44.285
44.414
44.492
44.510
44.475
44.403
44.305
44.192
44.035
43.800
43.452
42.961
42.332
41.593
40.769
39.886
38.952
37.964
36.919
35.810
34.644
33.442
32.231
31.035
29.876
28.761
27.687
26.651
25.653
24.693
23.774
22.900
22.075
21.302
20.580
19.905
19.276
18.690
18.143
17.632
17.155
16.708
16.285
15.888
15.513
15.159
14.825
14.511
14.214
13.935
13.673
13.428
13.200
12.993
12.816
12.673
12.570
12.517
12.535
12.647
12.872
13.237
13.767
14.507
15.505
16.807
18.462
20.516
23.018
26.020
29.569
33.714
38.496
43.891
49.856
56.349
63.328
70.742
78.469
86.346
94.197
101.856
109.150
115.926
122.033
127.328
131.664
134.899
136.917
137.733
137.414
136.007
133.571
130.163
125.887
120.874
115.267
109.202
102.828
96.264
89.609
82.948
76.356
69.915
63.710
57.791
52.176
46.872
41.893
37.247
32.943
28.980
25.352
22.049
19.062
16.384
14.003
11.903
10.062
8.460
7.074
5.884
4.868
4.009
3.289
2.691
2.199
1.794
1.462
1.191
0.973
0.801
0.664
0.555
0.466
0.394
0.337
0.292
0.259
0.235
0.219
0.210
0.206
0.209
0.216
0.228
0.244
0.264
0.286
0.311
0.338
0.367
0.397
0.427
0.457
0.486
0.514
0.540
0.563
0.583
0.600
0.612
0.621
0.626
0.626
0.621
0.612
0.599
0.582
0.561
0.538
0.512
0.484
0.454
0.423
0.392
0.361
0.330
0.299
0.271
0.243
0.217
0.193
0.171
0.150
0.131
0.115
0.100
0.087
0.075
0.065
0.056
0.048
0.041
0.035
0.031
0.026
0.023
0.020
0.017
0.015
0.013
0.011
0.010
0.009
0.008
0.007
0.006
0.005
0.004
0.004
0.003
0.003
0.003
0.002
0.002
0.002
0.001
0.001
0.001
0.001
0.001
0.001
0.000
0.000
0.000
0.000
0.000
0.000
0.000
0.000
0.000
0.000
0.000
0.000
0.000
0.000
0.000
0.000
0.000
0.000
0.000
0.000
0.000
0.000
0.000
0.000
0.000
0.000
0.000
-0.000
-0.000
-0.000
-0.000
-0.000
-0.000
-0.000
-0.000
0.000
0.000
0.000
0.000
0.000
0.000
0.000
0.000
0.000
0.000
0.000
0.000
0
0
0
0
0
0
0
0
0
0
0
0
0
0
0
0
0
0
0
0
0
0
0
0
0
0
0
0
0
0
0
0
0
0
0
0
0
0
0
0
0
0
0
0
0
0
0
0
0
0
0
0
0
0
0
0
0
0
0
0
0
0
0
0
0
0
0
0
0
0
0
0
0
0
0
0
0
0
0
0
0
0
0
0
0
0
0
0
0
0
0
0
0
0
0
0
0
0
0
0
0
0
0
0
0
0
0
0
0
0
0
0
0
0
0
0
0
0
0
0
0
0
0
0
0
0
0
0
0
0
0
0
0
0
0
0
0
0
0
0
0
0
0
0
0
0
0
0
0
0
0
0
0
0
0
0
0
0
0
0
0
0
0
0
0
0
0
0
0
0
0
0
0
0
0
0
0
0
0
0
0
0
0
0
0
0
0
0
0
0
0
0
0
0
0
0
0
0
0
0
0
0
0
0
0
0
0
0
0
0
0
0
0
0
0
0
0
0
0
0
0
0
0
0
0
0
0
0
0
0
0
0
0
0
0
0
0
0
0
0
0
0
0
0
0
0
0
0
0
0
0
0
0
0
0
0
0
0
0
0
0
0
0
0
0
0
0
0
0
0
0
0
0
0
0
0
0
0
0
0
0
0
0
0
0
0
0
0
0
0
0
0
0
0
0
0
0
0
0
0
0
0
0
0
0
0
0
0
0
0
0
0
0
0
0
0
0
0
0
0
0
0
0
0
0
0
0
0
0
0
0
0
0
0
0
0
0
0
0
0
0
0
0
0
0
0
0
0
0
0
0
0
0
0
0
0
0
0
0
0
0
0
0
0
0
0
0
0
0
0
0
0
0
0
0
0
0
0
0
0
0
0
0
0
0
0
0
0
0
0
0
0
0
0
0
0
0
0
0
0
0
0
0
0
0
0
0
0
0
0
0
0
0
0
0
0
0
0
0
0
0
0
0
0
0
0
0
0
0
0
0
0
0
0
0
0
0
0
0
0
0
0
0
0
0
0
0
0
0
0
0
0
0
0
0
0
0
0
0
0
0
0
0
0
0
0
0
0
0
0
0
0
0
0
0
0
0
0
0
0
0
0
0
0
0
0
0
0
0
0
0
0
0
0
0
0
0
0
0
0
0
0
0
0
0
0
0
0
0
0
0
0
0
0
0
0
0
0
0
0
0
0
0
0
0
0
0
0
0
0
0
0
0
0
0
0
0
0
0
0
0
0
0
0
0
0
0
0
0
0
0
0
0
0
0
0
0
0
0
0
0
0
0
0
0
0
0
0
0
0
0
0
0
0
0
0
0
0
0
0
0
0
0
0
0
0
0
0
0
0
0
0
0
0
0
0
0
0
0
0
0
0
0
0
0
0
0
0
0
0
0
0
0
0
0
0
0
0
0
0
0
0
0
0
0
0
0
0
0
0
0
0
0
0
0
0
0
0
0
0
0
0
0
0
0
0
0
0
0
0
0
0
0
0
0
0
0
0
0
0
0
0
0
0
0
0
0
0
0
0
0
0
0
0
0
0
0
0
0
0
0
0
0
0
0
0
0
0
0
0
0
0
0
0
0
0
0
0
0
0
0
0
0
0
0
0
0
0
0
0
0
0
0
0
0
0
0
0
0
0
0
0
0
0
0
0
0
0
0
0
0
0
0
0
0
0
0
0
0
0
0
0
0
0
0
0
0
0
0
0
0
0
0
0
0
0
0
0
0
0
$MCA_CAL:
3
-1.4656616 2.9313233 0.00000000000000
$ENER_FIT:
-1.4656616 2.9313233 0.00000000000000
$MCA_CAL_DATA:
3
298 872
597 1749
896 2625
$CAMBIO:
Parent file specification: C:\GADRAS-DRF\Temp\parallelGUI3\99MO_75.0_50.0_lead_0.92_9.0.pcf
Successful read of spectrum: Yes
Error message: None
Warning: None
Information: None
Neutrons: 0
Number of spectral records in the parent file: 1
Record number of this spectrum in the parent file: 1
Date and time of acquisition read successfully from the original file: Yes
Live time read successfully from the original file: Yes
True time read successfully from the original file: Yes
GADRAS Tag character is:  
Version: 130122
Parent file type: Sandia GADRAS PCF
