$SPEC_ID:
99MO,1uC{82,0.92}
$MEAS_TIM:
3600.00 3600.00
$DATE_MEA:
3/9/2018 5:22:25 PM
$DATA:
0 1193
261.886
249.222
227.008
208.910
182.235
156.797
137.637
119.663
103.165
92.331
85.132
78.652
73.032
71.164
69.385
67.718
67.306
67.941
68.563
69.240
69.826
70.331
70.674
71.163
72.151
73.534
75.660
78.364
81.482
84.704
87.580
90.127
92.525
94.776
96.745
98.084
98.804
99.618
101.107
103.574
107.033
111.349
117.608
127.184
140.554
156.283
171.007
180.350
180.542
172.314
159.169
145.884
135.722
130.650
131.627
140.053
157.110
182.896
215.179
249.191
276.464
288.867
283.213
260.544
226.883
189.221
154.668
126.583
105.916
91.773
82.509
76.315
71.636
68.190
65.924
64.308
62.799
61.316
59.930
58.818
58.157
57.838
57.632
57.445
57.278
57.142
57.054
57.019
57.015
57.017
57.020
57.021
57.014
57.001
56.981
56.959
56.932
56.885
56.791
56.648
56.479
56.303
56.115
55.897
55.645
55.365
55.067
54.774
54.507
54.303
54.207
54.276
54.586
55.253
56.384
58.065
60.368
63.330
66.833
70.714
74.748
78.535
81.657
83.768
84.650
84.096
82.099
78.914
74.808
70.107
65.199
60.475
56.195
52.472
49.403
47.010
45.208
43.902
42.996
42.390
41.984
41.695
41.500
41.388
41.345
41.352
41.387
41.430
41.478
41.546
41.647
41.789
41.955
42.131
42.306
42.481
42.671
42.885
43.121
43.358
43.579
43.768
43.941
44.125
44.340
44.578
44.790
44.925
44.939
44.854
44.713
44.563
44.421
44.236
43.954
43.516
42.909
42.166
41.321
40.409
39.435
38.393
37.279
36.086
34.833
33.546
32.251
30.971
29.722
28.520
27.376
26.303
25.294
24.345
23.447
22.595
21.789
21.032
20.322
19.661
19.046
18.474
17.941
17.444
16.981
16.548
16.143
15.763
15.405
15.067
14.745
14.438
14.142
13.859
13.588
13.329
13.082
12.848
12.630
12.426
12.240
12.080
11.957
11.882
11.866
11.932
12.113
12.448
12.972
13.729
14.786
16.224
18.122
20.561
23.614
27.354
31.853
37.178
43.391
50.457
58.291
66.801
75.900
85.467
95.248
104.964
114.334
123.087
130.966
137.770
143.302
147.364
149.764
150.466
149.603
147.295
143.677
138.879
133.092
126.522
119.387
111.899
104.277
96.636
89.067
81.659
74.487
67.631
61.128
54.976
49.179
43.741
38.666
33.954
29.608
25.630
22.021
18.783
15.905
13.370
11.154
9.238
7.601
6.220
5.067
4.114
3.332
2.696
2.177
1.759
1.427
1.164
0.954
0.783
0.643
0.529
0.437
0.364
0.305
0.257
0.219
0.190
0.169
0.155
0.147
0.144
0.146
0.153
0.164
0.180
0.200
0.223
0.250
0.280
0.313
0.349
0.387
0.426
0.465
0.504
0.541
0.577
0.609
0.638
0.662
0.680
0.693
0.698
0.698
0.691
0.678
0.660
0.636
0.608
0.576
0.541
0.503
0.465
0.426
0.388
0.350
0.313
0.278
0.245
0.215
0.188
0.163
0.141
0.121
0.104
0.089
0.076
0.065
0.055
0.047
0.040
0.034
0.030
0.025
0.022
0.019
0.017
0.015
0.013
0.011
0.010
0.009
0.008
0.007
0.006
0.005
0.005
0.004
0.004
0.003
0.003
0.002
0.002
0.002
0.001
0.001
0.001
0.001
0.001
0.001
0.000
0.000
0.000
0.000
0.000
0.000
0.000
0.000
0.000
0.000
0.000
0.000
0.000
0.000
0.000
0.000
0.000
0.000
0.000
0.000
0.000
0.000
0.000
-0.000
-0.000
-0.000
-0.000
-0.000
-0.000
0.000
0.000
0.000
0.000
0.000
0.000
0.000
-0.000
-0.000
-0.000
-0.000
-0.000
-0.000
-0.000
0.000
0.000
0.000
0.000
0
0
0
0
0
0
0
0
0
0
0
0
0
0
0
0
0
0
0
0
0
0
0
0
0
0
0
0
0
0
0
0
0
0
0
0
0
0
0
0
0
0
0
0
0
0
0
0
0
0
0
0
0
0
0
0
0
0
0
0
0
0
0
0
0
0
0
0
0
0
0
0
0
0
0
0
0
0
0
0
0
0
0
0
0
0
0
0
0
0
0
0
0
0
0
0
0
0
0
0
0
0
0
0
0
0
0
0
0
0
0
0
0
0
0
0
0
0
0
0
0
0
0
0
0
0
0
0
0
0
0
0
0
0
0
0
0
0
0
0
0
0
0
0
0
0
0
0
0
0
0
0
0
0
0
0
0
0
0
0
0
0
0
0
0
0
0
0
0
0
0
0
0
0
0
0
0
0
0
0
0
0
0
0
0
0
0
0
0
0
0
0
0
0
0
0
0
0
0
0
0
0
0
0
0
0
0
0
0
0
0
0
0
0
0
0
0
0
0
0
0
0
0
0
0
0
0
0
0
0
0
0
0
0
0
0
0
0
0
0
0
0
0
0
0
0
0
0
0
0
0
0
0
0
0
0
0
0
0
0
0
0
0
0
0
0
0
0
0
0
0
0
0
0
0
0
0
0
0
0
0
0
0
0
0
0
0
0
0
0
0
0
0
0
0
0
0
0
0
0
0
0
0
0
0
0
0
0
0
0
0
0
0
0
0
0
0
0
0
0
0
0
0
0
0
0
0
0
0
0
0
0
0
0
0
0
0
0
0
0
0
0
0
0
0
0
0
0
0
0
0
0
0
0
0
0
0
0
0
0
0
0
0
0
0
0
0
0
0
0
0
0
0
0
0
0
0
0
0
0
0
0
0
0
0
0
0
0
0
0
0
0
0
0
0
0
0
0
0
0
0
0
0
0
0
0
0
0
0
0
0
0
0
0
0
0
0
0
0
0
0
0
0
0
0
0
0
0
0
0
0
0
0
0
0
0
0
0
0
0
0
0
0
0
0
0
0
0
0
0
0
0
0
0
0
0
0
0
0
0
0
0
0
0
0
0
0
0
0
0
0
0
0
0
0
0
0
0
0
0
0
0
0
0
0
0
0
0
0
0
0
0
0
0
0
0
0
0
0
0
0
0
0
0
0
0
0
0
0
0
0
0
0
0
0
0
0
0
0
0
0
0
0
0
0
0
0
0
0
0
0
0
0
0
0
0
0
0
0
0
0
0
0
0
0
0
0
0
0
0
0
0
0
0
0
0
0
0
0
0
0
0
0
0
0
0
0
0
0
0
0
0
0
0
0
0
0
0
0
0
0
0
0
0
0
0
0
0
0
0
0
0
0
0
0
0
0
0
0
0
0
0
0
0
0
0
0
0
0
0
0
0
0
0
0
0
0
0
0
0
0
0
0
0
0
0
0
0
0
0
0
0
0
0
0
0
0
0
0
0
0
0
0
0
0
0
0
0
0
0
0
0
0
0
0
0
0
0
0
0
0
0
0
0
0
0
0
0
0
0
0
0
0
0
0
0
0
0
0
0
0
0
0
0
0
0
0
0
0
0
0
0
0
0
0
0
0
0
0
0
0
0
0
0
0
0
0
0
0
0
0
0
0
0
0
0
0
0
0
0
0
0
0
0
0
0
0
0
0
0
0
0
0
0
0
0
0
0
0
0
0
0
0
0
0
0
0
0
0
0
0
0
0
0
0
0
0
0
0
0
0
0
$MCA_CAL:
3
-1.4656616 2.9313233 0.00000000000000
$ENER_FIT:
-1.4656616 2.9313233 0.00000000000000
$MCA_CAL_DATA:
3
298 872
597 1749
896 2625
$CAMBIO:
Parent file specification: C:\GADRAS-DRF\Temp\parallelGUI3\99MO_75.0_50.0_lead_0.92_8.0.pcf
Successful read of spectrum: Yes
Error message: None
Warning: None
Information: None
Neutrons: 0
Number of spectral records in the parent file: 1
Record number of this spectrum in the parent file: 1
Date and time of acquisition read successfully from the original file: Yes
Live time read successfully from the original file: Yes
True time read successfully from the original file: Yes
GADRAS Tag character is:  
Version: 130122
Parent file type: Sandia GADRAS PCF
