$SPEC_ID:
99MO,1uC{82,0.22}
$MEAS_TIM:
3600.00 3600.00
$DATE_MEA:
3/9/2018 5:22:25 PM
$DATA:
0 1193
278.292
273.491
251.152
225.161
194.223
163.111
142.007
122.959
105.798
94.560
87.724
85.247
90.535
97.532
88.542
74.636
68.905
68.293
68.579
69.082
69.575
69.885
69.895
70.045
70.935
73.003
77.058
82.701
88.477
92.974
96.444
100.567
106.541
114.230
122.581
130.345
137.102
143.572
150.460
158.424
168.551
183.131
207.546
247.939
306.782
377.740
442.958
480.493
473.234
425.040
353.349
282.094
227.285
196.435
189.177
204.822
242.698
301.725
375.547
452.033
512.141
537.742
520.746
463.592
381.660
292.298
212.726
150.886
108.704
83.030
68.830
61.558
57.423
55.193
54.302
54.099
54.014
53.945
53.924
54.004
54.232
54.570
54.947
55.325
55.695
56.041
56.343
56.594
56.815
57.024
57.218
57.386
57.523
57.631
57.713
57.783
57.845
57.878
57.847
57.748
57.614
57.473
57.319
57.129
56.897
56.631
56.344
56.062
55.813
55.638
55.593
55.745
56.186
57.053
58.474
60.554
63.377
66.988
71.242
75.946
80.831
85.424
89.233
91.842
92.987
92.416
90.116
86.390
81.558
76.010
70.209
64.624
59.564
55.167
51.547
48.731
46.618
45.093
44.040
43.342
42.882
42.561
42.351
42.235
42.197
42.214
42.262
42.319
42.382
42.468
42.588
42.750
42.940
43.140
43.337
43.537
43.752
43.991
44.255
44.520
44.768
44.982
45.180
45.390
45.634
45.903
46.144
46.304
46.335
46.261
46.128
45.987
45.853
45.675
45.393
44.945
44.317
43.543
42.659
41.701
40.675
39.574
38.395
37.131
35.804
34.439
33.066
31.709
30.385
29.111
27.900
26.763
25.697
24.694
23.745
22.845
21.994
21.193
20.444
19.745
19.097
18.493
17.931
17.408
16.920
16.465
16.040
15.642
15.267
14.913
14.576
14.254
13.943
13.645
13.360
13.087
12.825
12.578
12.346
12.130
11.933
11.763
11.633
11.555
11.538
11.608
11.802
12.160
12.722
13.532
14.664
16.203
18.234
20.841
24.105
28.101
32.907
38.594
45.228
52.773
61.138
70.228
79.948
90.173
100.627
111.017
121.040
130.406
138.842
146.132
152.067
156.433
159.028
159.811
158.922
156.491
152.661
147.569
141.420
134.434
126.844
118.881
110.774
102.651
94.606
86.731
79.109
71.823
64.910
58.372
52.212
46.433
41.041
36.037
31.422
27.198
23.367
19.929
16.874
14.182
11.830
9.796
8.058
6.592
5.369
4.358
3.529
2.854
2.304
1.861
1.508
1.229
1.007
0.825
0.676
0.556
0.459
0.381
0.318
0.268
0.228
0.197
0.175
0.160
0.151
0.148
0.150
0.158
0.170
0.186
0.207
0.231
0.260
0.291
0.326
0.364
0.404
0.445
0.486
0.527
0.566
0.604
0.638
0.668
0.693
0.713
0.726
0.732
0.731
0.724
0.711
0.692
0.667
0.638
0.604
0.567
0.528
0.488
0.447
0.407
0.367
0.328
0.292
0.258
0.226
0.197
0.171
0.148
0.127
0.109
0.093
0.080
0.068
0.058
0.049
0.042
0.036
0.031
0.027
0.023
0.020
0.017
0.015
0.013
0.012
0.010
0.009
0.008
0.007
0.006
0.006
0.005
0.004
0.004
0.003
0.003
0.002
0.002
0.002
0.001
0.001
0.001
0.001
0.001
0.001
0.000
0.000
0.000
0.000
0.000
0.000
0.000
0.000
0.000
0.000
0.000
0.000
0.000
0.000
0.000
0.000
0.000
0.000
0.000
0.000
0.000
0.000
0.000
-0.000
-0.000
-0.000
-0.000
-0.000
-0.000
0.000
0.000
0.000
0.000
0.000
0.000
0.000
-0.000
-0.000
-0.000
-0.000
-0.000
-0.000
-0.000
0.000
0.000
0.000
0.000
0
0
0
0
0
0
0
0
0
0
0
0
0
0
0
0
0
0
0
0
0
0
0
0
0
0
0
0
0
0
0
0
0
0
0
0
0
0
0
0
0
0
0
0
0
0
0
0
0
0
0
0
0
0
0
0
0
0
0
0
0
0
0
0
0
0
0
0
0
0
0
0
0
0
0
0
0
0
0
0
0
0
0
0
0
0
0
0
0
0
0
0
0
0
0
0
0
0
0
0
0
0
0
0
0
0
0
0
0
0
0
0
0
0
0
0
0
0
0
0
0
0
0
0
0
0
0
0
0
0
0
0
0
0
0
0
0
0
0
0
0
0
0
0
0
0
0
0
0
0
0
0
0
0
0
0
0
0
0
0
0
0
0
0
0
0
0
0
0
0
0
0
0
0
0
0
0
0
0
0
0
0
0
0
0
0
0
0
0
0
0
0
0
0
0
0
0
0
0
0
0
0
0
0
0
0
0
0
0
0
0
0
0
0
0
0
0
0
0
0
0
0
0
0
0
0
0
0
0
0
0
0
0
0
0
0
0
0
0
0
0
0
0
0
0
0
0
0
0
0
0
0
0
0
0
0
0
0
0
0
0
0
0
0
0
0
0
0
0
0
0
0
0
0
0
0
0
0
0
0
0
0
0
0
0
0
0
0
0
0
0
0
0
0
0
0
0
0
0
0
0
0
0
0
0
0
0
0
0
0
0
0
0
0
0
0
0
0
0
0
0
0
0
0
0
0
0
0
0
0
0
0
0
0
0
0
0
0
0
0
0
0
0
0
0
0
0
0
0
0
0
0
0
0
0
0
0
0
0
0
0
0
0
0
0
0
0
0
0
0
0
0
0
0
0
0
0
0
0
0
0
0
0
0
0
0
0
0
0
0
0
0
0
0
0
0
0
0
0
0
0
0
0
0
0
0
0
0
0
0
0
0
0
0
0
0
0
0
0
0
0
0
0
0
0
0
0
0
0
0
0
0
0
0
0
0
0
0
0
0
0
0
0
0
0
0
0
0
0
0
0
0
0
0
0
0
0
0
0
0
0
0
0
0
0
0
0
0
0
0
0
0
0
0
0
0
0
0
0
0
0
0
0
0
0
0
0
0
0
0
0
0
0
0
0
0
0
0
0
0
0
0
0
0
0
0
0
0
0
0
0
0
0
0
0
0
0
0
0
0
0
0
0
0
0
0
0
0
0
0
0
0
0
0
0
0
0
0
0
0
0
0
0
0
0
0
0
0
0
0
0
0
0
0
0
0
0
0
0
0
0
0
0
0
0
0
0
0
0
0
0
0
0
0
0
0
0
0
0
0
0
0
0
0
0
0
0
0
0
0
0
0
0
0
0
0
0
0
0
0
0
0
0
0
0
0
0
0
0
0
0
0
0
0
0
0
0
0
0
0
0
0
0
0
0
0
0
0
0
0
0
0
0
0
0
0
0
0
0
0
0
0
0
0
0
0
0
0
0
0
0
0
0
0
0
0
0
0
0
0
0
0
0
0
0
0
0
0
0
0
0
0
0
0
0
0
0
0
0
0
0
0
0
0
0
0
0
0
0
0
0
0
0
0
0
0
0
0
0
0
0
0
0
0
0
0
0
0
0
0
0
0
0
0
0
0
0
0
0
0
0
0
0
0
0
0
0
0
0
0
0
0
0
0
0
0
0
0
0
0
0
0
0
0
0
0
0
0
0
0
0
0
0
0
0
0
0
0
0
0
0
0
$MCA_CAL:
3
-1.4656616 2.9313233 0.00000000000000
$ENER_FIT:
-1.4656616 2.9313233 0.00000000000000
$MCA_CAL_DATA:
3
298 872
597 1749
896 2625
$CAMBIO:
Parent file specification: C:\GADRAS-DRF\Temp\parallelGUI3\99MO_150.0_50.0_lead_0.22_8.0.pcf
Successful read of spectrum: Yes
Error message: None
Warning: None
Information: None
Neutrons: 0
Number of spectral records in the parent file: 1
Record number of this spectrum in the parent file: 1
Date and time of acquisition read successfully from the original file: Yes
Live time read successfully from the original file: Yes
True time read successfully from the original file: Yes
GADRAS Tag character is:  
Version: 130122
Parent file type: Sandia GADRAS PCF
