$SPEC_ID:
99MO,1uC{82,1.61}
$MEAS_TIM:
3600.00 3600.00
$DATE_MEA:
3/9/2018 5:22:25 PM
$DATA:
0 1193
35.827
34.036
31.017
30.206
26.141
22.547
19.608
16.864
14.340
12.684
11.569
10.558
9.710
9.580
9.482
9.410
9.518
9.756
9.992
10.241
10.524
10.824
11.104
11.386
11.698
12.024
12.367
12.697
13.086
13.575
14.084
14.521
14.859
15.055
15.142
15.099
14.932
14.723
14.564
14.480
14.460
14.473
14.525
14.666
14.936
15.337
15.816
16.227
16.462
16.531
16.521
16.536
16.588
16.629
16.684
16.859
17.287
18.086
19.372
20.960
22.327
23.048
22.923
22.046
20.779
19.502
18.423
17.580
16.898
16.271
15.649
15.070
14.515
13.930
13.320
12.706
12.101
11.510
10.941
10.406
9.926
9.493
9.089
8.685
8.263
7.880
7.596
7.372
7.152
6.928
6.711
6.516
6.358
6.226
6.104
5.986
5.872
5.765
5.670
5.584
5.502
5.418
5.334
5.252
5.176
5.107
5.044
4.979
4.913
4.850
4.794
4.750
4.720
4.713
4.734
4.795
4.913
5.098
5.348
5.656
5.998
6.338
6.636
6.846
6.925
6.859
6.656
6.333
5.931
5.493
5.058
4.659
4.323
4.055
3.850
3.701
3.599
3.531
3.487
3.457
3.433
3.413
3.398
3.391
3.389
3.388
3.385
3.382
3.381
3.384
3.390
3.398
3.406
3.416
3.426
3.436
3.448
3.462
3.477
3.492
3.507
3.521
3.534
3.549
3.565
3.580
3.592
3.598
3.600
3.600
3.599
3.596
3.587
3.569
3.539
3.501
3.455
3.403
3.342
3.273
3.193
3.104
3.008
2.906
2.800
2.692
2.583
2.477
2.374
2.278
2.191
2.111
2.036
1.965
1.896
1.828
1.765
1.705
1.650
1.600
1.552
1.509
1.468
1.430
1.396
1.363
1.333
1.306
1.279
1.254
1.230
1.208
1.186
1.164
1.144
1.124
1.104
1.085
1.067
1.050
1.034
1.019
1.005
0.992
0.981
0.973
0.970
0.971
0.980
1.001
1.037
1.093
1.176
1.296
1.461
1.682
1.969
2.331
2.781
3.326
3.967
4.696
5.507
6.391
7.328
8.283
9.224
10.117
10.931
11.633
12.191
12.575
12.767
12.778
12.623
12.316
11.874
11.326
10.701
10.029
9.341
8.652
7.975
7.317
6.690
6.097
5.538
5.008
4.506
4.029
3.576
3.149
2.749
2.376
2.032
1.719
1.437
1.189
0.975
0.793
0.641
0.514
0.411
0.328
0.262
0.211
0.170
0.137
0.111
0.091
0.075
0.062
0.051
0.042
0.035
0.029
0.024
0.020
0.017
0.014
0.012
0.010
0.009
0.008
0.008
0.008
0.008
0.009
0.009
0.010
0.012
0.014
0.016
0.019
0.022
0.025
0.029
0.032
0.036
0.040
0.044
0.048
0.052
0.055
0.058
0.060
0.061
0.062
0.062
0.061
0.059
0.057
0.054
0.051
0.048
0.044
0.040
0.036
0.032
0.029
0.025
0.022
0.019
0.016
0.014
0.012
0.010
0.008
0.007
0.006
0.005
0.004
0.004
0.003
0.003
0.002
0.002
0.002
0.001
0.001
0.001
0.001
0.001
0.001
0.001
0.001
0.001
0.001
0.000
0.000
0.000
0.000
0.000
0.000
0.000
0.000
0.000
0.000
0.000
0.000
0.000
0.000
0.000
0.000
0.000
0.000
0.000
0.000
0.000
0.000
0.000
0.000
0.000
0.000
0.000
0.000
0.000
0.000
0.000
0.000
0.000
0.000
-0.000
-0.000
-0.000
-0.000
-0.000
0.000
0.000
0.000
0.000
0.000
0.000
0.000
0.000
0.000
0.000
0
0
0
0
0
0
0
0
0
0
0
0
0
0
0
0
0
0
0
0
0
0
0
0
0
0
0
0
0
0
0
0
0
0
0
0
0
0
0
0
0
0
0
0
0
0
0
0
0
0
0
0
0
0
0
0
0
0
0
0
0
0
0
0
0
0
0
0
0
0
0
0
0
0
0
0
0
0
0
0
0
0
0
0
0
0
0
0
0
0
0
0
0
0
0
0
0
0
0
0
0
0
0
0
0
0
0
0
0
0
0
0
0
0
0
0
0
0
0
0
0
0
0
0
0
0
0
0
0
0
0
0
0
0
0
0
0
0
0
0
0
0
0
0
0
0
0
0
0
0
0
0
0
0
0
0
0
0
0
0
0
0
0
0
0
0
0
0
0
0
0
0
0
0
0
0
0
0
0
0
0
0
0
0
0
0
0
0
0
0
0
0
0
0
0
0
0
0
0
0
0
0
0
0
0
0
0
0
0
0
0
0
0
0
0
0
0
0
0
0
0
0
0
0
0
0
0
0
0
0
0
0
0
0
0
0
0
0
0
0
0
0
0
0
0
0
0
0
0
0
0
0
0
0
0
0
0
0
0
0
0
0
0
0
0
0
0
0
0
0
0
0
0
0
0
0
0
0
0
0
0
0
0
0
0
0
0
0
0
0
0
0
0
0
0
0
0
0
0
0
0
0
0
0
0
0
0
0
0
0
0
0
0
0
0
0
0
0
0
0
0
0
0
0
0
0
0
0
0
0
0
0
0
0
0
0
0
0
0
0
0
0
0
0
0
0
0
0
0
0
0
0
0
0
0
0
0
0
0
0
0
0
0
0
0
0
0
0
0
0
0
0
0
0
0
0
0
0
0
0
0
0
0
0
0
0
0
0
0
0
0
0
0
0
0
0
0
0
0
0
0
0
0
0
0
0
0
0
0
0
0
0
0
0
0
0
0
0
0
0
0
0
0
0
0
0
0
0
0
0
0
0
0
0
0
0
0
0
0
0
0
0
0
0
0
0
0
0
0
0
0
0
0
0
0
0
0
0
0
0
0
0
0
0
0
0
0
0
0
0
0
0
0
0
0
0
0
0
0
0
0
0
0
0
0
0
0
0
0
0
0
0
0
0
0
0
0
0
0
0
0
0
0
0
0
0
0
0
0
0
0
0
0
0
0
0
0
0
0
0
0
0
0
0
0
0
0
0
0
0
0
0
0
0
0
0
0
0
0
0
0
0
0
0
0
0
0
0
0
0
0
0
0
0
0
0
0
0
0
0
0
0
0
0
0
0
0
0
0
0
0
0
0
0
0
0
0
0
0
0
0
0
0
0
0
0
0
0
0
0
0
0
0
0
0
0
0
0
0
0
0
0
0
0
0
0
0
0
0
0
0
0
0
0
0
0
0
0
0
0
0
0
0
0
0
0
0
0
0
0
0
0
0
0
0
0
0
0
0
0
0
0
0
0
0
0
0
0
0
0
0
0
0
0
0
0
0
0
0
0
0
0
0
0
0
0
0
0
0
0
0
0
0
0
0
0
0
0
0
0
0
0
0
0
0
0
0
0
0
0
0
0
0
0
0
0
0
0
0
0
0
0
0
0
0
0
0
0
0
0
0
0
0
0
0
0
0
0
0
0
0
0
0
0
0
0
0
0
0
0
0
0
0
0
0
0
0
0
0
0
0
0
0
0
0
0
0
0
0
0
0
0
0
0
0
0
0
0
0
0
0
0
0
0
0
0
0
0
0
0
0
0
0
0
0
0
0
$MCA_CAL:
3
-1.4656616 2.9313233 0.00000000000000
$ENER_FIT:
-1.4656616 2.9313233 0.00000000000000
$MCA_CAL_DATA:
3
298 872
597 1749
896 2625
$CAMBIO:
Parent file specification: C:\GADRAS-DRF\Temp\parallelGUI3\99MO_150.0_175.0_lead_1.61_7.0.pcf
Successful read of spectrum: Yes
Error message: None
Warning: None
Information: None
Neutrons: 0
Number of spectral records in the parent file: 1
Record number of this spectrum in the parent file: 1
Date and time of acquisition read successfully from the original file: Yes
Live time read successfully from the original file: Yes
True time read successfully from the original file: Yes
GADRAS Tag character is:  
Version: 130122
Parent file type: Sandia GADRAS PCF
