$SPEC_ID:
99MO,1uC{82,0.92}
$MEAS_TIM:
3600.00 3600.00
$DATE_MEA:
3/9/2018 5:22:25 PM
$DATA:
0 1193
227.059
213.631
193.961
178.434
155.935
134.540
118.908
104.070
90.298
81.260
75.201
69.637
64.695
62.671
60.694
58.777
57.832
57.745
57.706
57.782
57.906
57.986
57.938
58.020
58.464
59.112
60.261
61.887
63.818
65.875
67.921
70.003
72.200
74.514
76.866
78.984
80.866
83.050
85.807
89.216
93.261
97.889
104.319
113.978
127.350
143.039
157.619
166.667
166.437
157.677
143.937
130.076
119.458
114.145
115.146
123.754
141.017
166.978
199.293
233.057
259.900
271.776
265.299
241.442
206.428
167.499
132.038
103.652
83.479
70.540
62.979
58.703
55.889
54.166
53.457
53.298
53.214
53.134
53.101
53.162
53.360
53.659
53.993
54.328
54.655
54.959
55.222
55.436
55.622
55.796
55.956
56.091
56.197
56.275
56.330
56.373
56.409
56.418
56.368
56.255
56.109
55.959
55.796
55.601
55.367
55.101
54.815
54.532
54.276
54.081
53.995
54.071
54.387
55.059
56.195
57.883
60.192
63.161
66.670
70.556
74.596
78.389
81.519
83.637
84.527
83.982
81.993
78.814
74.713
70.018
65.113
60.392
56.114
52.393
49.325
46.933
45.132
43.827
42.921
42.315
41.910
41.621
41.427
41.314
41.272
41.279
41.314
41.357
41.405
41.474
41.575
41.716
41.883
42.059
42.233
42.409
42.599
42.813
43.049
43.286
43.507
43.696
43.870
44.054
44.269
44.508
44.721
44.856
44.871
44.787
44.647
44.498
44.357
44.174
43.893
43.456
42.851
42.109
41.265
40.355
39.383
38.343
37.230
36.038
34.787
33.502
32.208
30.930
29.682
28.481
27.339
26.266
25.258
24.310
23.413
22.562
21.757
21.000
20.292
19.631
19.018
18.447
17.916
17.420
16.958
16.526
16.122
15.744
15.387
15.051
14.730
14.424
14.130
13.848
13.578
13.320
13.074
12.841
12.623
12.420
12.235
12.075
11.953
11.879
11.863
11.929
12.111
12.446
12.971
13.727
14.785
16.223
18.121
20.560
23.614
27.354
31.852
37.177
43.390
50.456
58.290
66.801
75.900
85.467
95.247
104.964
114.334
123.087
130.966
137.770
143.302
147.364
149.764
150.466
149.603
147.295
143.677
138.879
133.092
126.522
119.387
111.899
104.277
96.636
89.067
81.659
74.487
67.631
61.128
54.976
49.179
43.741
38.666
33.954
29.608
25.630
22.021
18.783
15.905
13.370
11.154
9.238
7.601
6.220
5.067
4.114
3.332
2.696
2.177
1.759
1.427
1.164
0.954
0.783
0.643
0.529
0.437
0.364
0.305
0.257
0.219
0.190
0.169
0.155
0.147
0.144
0.146
0.153
0.164
0.180
0.200
0.223
0.250
0.280
0.313
0.349
0.387
0.426
0.465
0.504
0.541
0.577
0.609
0.638
0.662
0.680
0.693
0.698
0.698
0.691
0.678
0.660
0.636
0.608
0.576
0.541
0.503
0.465
0.426
0.388
0.350
0.313
0.278
0.245
0.215
0.188
0.163
0.141
0.121
0.104
0.089
0.076
0.065
0.055
0.047
0.040
0.034
0.030
0.025
0.022
0.019
0.017
0.015
0.013
0.011
0.010
0.009
0.008
0.007
0.006
0.005
0.005
0.004
0.004
0.003
0.003
0.002
0.002
0.002
0.001
0.001
0.001
0.001
0.001
0.001
0.000
0.000
0.000
0.000
0.000
0.000
0.000
0.000
0.000
0.000
0.000
0.000
0.000
0.000
0.000
0.000
0.000
0.000
0.000
0.000
0.000
0.000
0.000
-0.000
-0.000
-0.000
-0.000
-0.000
-0.000
0.000
0.000
0.000
0.000
0.000
0.000
0.000
-0.000
-0.000
-0.000
-0.000
-0.000
-0.000
-0.000
0.000
0.000
0.000
0.000
0
0
0
0
0
0
0
0
0
0
0
0
0
0
0
0
0
0
0
0
0
0
0
0
0
0
0
0
0
0
0
0
0
0
0
0
0
0
0
0
0
0
0
0
0
0
0
0
0
0
0
0
0
0
0
0
0
0
0
0
0
0
0
0
0
0
0
0
0
0
0
0
0
0
0
0
0
0
0
0
0
0
0
0
0
0
0
0
0
0
0
0
0
0
0
0
0
0
0
0
0
0
0
0
0
0
0
0
0
0
0
0
0
0
0
0
0
0
0
0
0
0
0
0
0
0
0
0
0
0
0
0
0
0
0
0
0
0
0
0
0
0
0
0
0
0
0
0
0
0
0
0
0
0
0
0
0
0
0
0
0
0
0
0
0
0
0
0
0
0
0
0
0
0
0
0
0
0
0
0
0
0
0
0
0
0
0
0
0
0
0
0
0
0
0
0
0
0
0
0
0
0
0
0
0
0
0
0
0
0
0
0
0
0
0
0
0
0
0
0
0
0
0
0
0
0
0
0
0
0
0
0
0
0
0
0
0
0
0
0
0
0
0
0
0
0
0
0
0
0
0
0
0
0
0
0
0
0
0
0
0
0
0
0
0
0
0
0
0
0
0
0
0
0
0
0
0
0
0
0
0
0
0
0
0
0
0
0
0
0
0
0
0
0
0
0
0
0
0
0
0
0
0
0
0
0
0
0
0
0
0
0
0
0
0
0
0
0
0
0
0
0
0
0
0
0
0
0
0
0
0
0
0
0
0
0
0
0
0
0
0
0
0
0
0
0
0
0
0
0
0
0
0
0
0
0
0
0
0
0
0
0
0
0
0
0
0
0
0
0
0
0
0
0
0
0
0
0
0
0
0
0
0
0
0
0
0
0
0
0
0
0
0
0
0
0
0
0
0
0
0
0
0
0
0
0
0
0
0
0
0
0
0
0
0
0
0
0
0
0
0
0
0
0
0
0
0
0
0
0
0
0
0
0
0
0
0
0
0
0
0
0
0
0
0
0
0
0
0
0
0
0
0
0
0
0
0
0
0
0
0
0
0
0
0
0
0
0
0
0
0
0
0
0
0
0
0
0
0
0
0
0
0
0
0
0
0
0
0
0
0
0
0
0
0
0
0
0
0
0
0
0
0
0
0
0
0
0
0
0
0
0
0
0
0
0
0
0
0
0
0
0
0
0
0
0
0
0
0
0
0
0
0
0
0
0
0
0
0
0
0
0
0
0
0
0
0
0
0
0
0
0
0
0
0
0
0
0
0
0
0
0
0
0
0
0
0
0
0
0
0
0
0
0
0
0
0
0
0
0
0
0
0
0
0
0
0
0
0
0
0
0
0
0
0
0
0
0
0
0
0
0
0
0
0
0
0
0
0
0
0
0
0
0
0
0
0
0
0
0
0
0
0
0
0
0
0
0
0
0
0
0
0
0
0
0
0
0
0
0
0
0
0
0
0
0
0
0
0
0
0
0
0
0
0
0
0
0
0
0
0
0
0
0
0
0
0
0
0
0
0
0
0
0
0
0
0
0
0
0
0
0
0
0
0
0
0
0
0
0
0
0
0
0
0
0
0
0
0
0
0
0
0
0
0
0
0
0
0
0
0
0
0
0
0
0
0
0
0
0
0
0
0
0
0
0
0
0
0
0
0
0
0
0
0
0
0
0
0
0
0
0
0
0
0
0
0
0
0
0
0
0
0
0
0
0
0
0
0
0
0
0
$MCA_CAL:
3
-1.4656616 2.9313233 0.00000000000000
$ENER_FIT:
-1.4656616 2.9313233 0.00000000000000
$MCA_CAL_DATA:
3
298 872
597 1749
896 2625
$CAMBIO:
Parent file specification: C:\GADRAS-DRF\Temp\parallelGUI3\99MO_150.0_50.0_lead_0.92_8.0.pcf
Successful read of spectrum: Yes
Error message: None
Warning: None
Information: None
Neutrons: 0
Number of spectral records in the parent file: 1
Record number of this spectrum in the parent file: 1
Date and time of acquisition read successfully from the original file: Yes
Live time read successfully from the original file: Yes
True time read successfully from the original file: Yes
GADRAS Tag character is:  
Version: 130122
Parent file type: Sandia GADRAS PCF
