$SPEC_ID:
99MO,1uC{82,1.61}
$MEAS_TIM:
3600.00 3600.00
$DATE_MEA:
3/9/2018 5:22:25 PM
$DATA:
0 1193
19.563
18.672
17.041
16.603
14.359
12.364
10.688
9.129
7.699
6.760
6.127
5.557
5.084
5.030
4.995
4.975
5.065
5.232
5.397
5.570
5.758
5.960
6.156
6.353
6.562
6.771
6.981
7.178
7.399
7.664
7.936
8.171
8.359
8.474
8.523
8.511
8.446
8.364
8.292
8.244
8.215
8.192
8.181
8.202
8.269
8.383
8.537
8.673
8.750
8.770
8.771
8.778
8.786
8.779
8.764
8.777
8.859
9.053
9.409
9.866
10.247
10.416
10.313
9.970
9.518
9.083
8.718
8.435
8.215
8.016
7.818
7.640
7.464
7.258
7.025
6.782
6.542
6.310
6.081
5.852
5.621
5.390
5.163
4.934
4.698
4.478
4.300
4.145
3.993
3.839
3.686
3.545
3.423
3.317
3.216
3.118
3.022
2.930
2.848
2.775
2.703
2.632
2.560
2.490
2.425
2.369
2.318
2.265
2.212
2.160
2.114
2.073
2.040
2.014
1.998
1.995
2.013
2.056
2.123
2.210
2.309
2.408
2.492
2.548
2.561
2.526
2.446
2.326
2.179
2.022
1.867
1.724
1.604
1.506
1.430
1.373
1.332
1.304
1.284
1.270
1.257
1.246
1.236
1.230
1.226
1.223
1.219
1.214
1.211
1.209
1.208
1.208
1.208
1.208
1.208
1.210
1.211
1.213
1.216
1.219
1.222
1.225
1.228
1.231
1.235
1.239
1.242
1.243
1.242
1.241
1.240
1.238
1.234
1.227
1.216
1.202
1.186
1.167
1.145
1.121
1.093
1.062
1.029
0.994
0.957
0.920
0.883
0.846
0.811
0.778
0.748
0.721
0.696
0.671
0.647
0.625
0.603
0.583
0.564
0.546
0.530
0.515
0.501
0.488
0.477
0.465
0.455
0.446
0.436
0.428
0.420
0.412
0.404
0.397
0.390
0.383
0.376
0.370
0.364
0.358
0.352
0.347
0.343
0.338
0.335
0.332
0.331
0.331
0.334
0.341
0.354
0.373
0.401
0.441
0.497
0.571
0.668
0.790
0.942
1.126
1.342
1.587
1.861
2.159
2.474
2.796
3.113
3.415
3.689
3.925
4.113
4.243
4.307
4.311
4.258
4.154
4.005
3.820
3.609
3.383
3.151
2.918
2.690
2.468
2.256
2.057
1.868
1.689
1.520
1.359
1.206
1.062
0.927
0.802
0.686
0.580
0.485
0.401
0.329
0.268
0.216
0.173
0.139
0.111
0.089
0.071
0.057
0.046
0.038
0.031
0.025
0.021
0.017
0.014
0.012
0.010
0.008
0.007
0.006
0.005
0.004
0.004
0.003
0.003
0.003
0.003
0.003
0.003
0.003
0.004
0.004
0.005
0.005
0.006
0.007
0.008
0.010
0.011
0.012
0.014
0.015
0.016
0.018
0.019
0.019
0.020
0.021
0.021
0.021
0.021
0.020
0.019
0.018
0.017
0.016
0.015
0.014
0.012
0.011
0.010
0.008
0.007
0.006
0.005
0.005
0.004
0.003
0.003
0.002
0.002
0.002
0.001
0.001
0.001
0.001
0.001
0.001
0.001
0.001
0.000
0.000
0.000
0.000
0.000
0.000
0.000
0.000
0.000
0.000
0.000
0.000
0.000
0.000
0.000
0.000
0.000
0.000
0.000
0.000
0.000
0.000
0.000
0.000
0.000
0.000
0.000
0.000
0.000
0.000
0.000
0.000
0.000
0.000
0.000
0.000
0.000
0.000
0.000
0.000
0.000
0.000
0.000
-0.000
-0.000
-0.000
-0.000
-0.000
0.000
0.000
0.000
0.000
0.000
0.000
0.000
0.000
0.000
0.000
0
0
0
0
0
0
0
0
0
0
0
0
0
0
0
0
0
0
0
0
0
0
0
0
0
0
0
0
0
0
0
0
0
0
0
0
0
0
0
0
0
0
0
0
0
0
0
0
0
0
0
0
0
0
0
0
0
0
0
0
0
0
0
0
0
0
0
0
0
0
0
0
0
0
0
0
0
0
0
0
0
0
0
0
0
0
0
0
0
0
0
0
0
0
0
0
0
0
0
0
0
0
0
0
0
0
0
0
0
0
0
0
0
0
0
0
0
0
0
0
0
0
0
0
0
0
0
0
0
0
0
0
0
0
0
0
0
0
0
0
0
0
0
0
0
0
0
0
0
0
0
0
0
0
0
0
0
0
0
0
0
0
0
0
0
0
0
0
0
0
0
0
0
0
0
0
0
0
0
0
0
0
0
0
0
0
0
0
0
0
0
0
0
0
0
0
0
0
0
0
0
0
0
0
0
0
0
0
0
0
0
0
0
0
0
0
0
0
0
0
0
0
0
0
0
0
0
0
0
0
0
0
0
0
0
0
0
0
0
0
0
0
0
0
0
0
0
0
0
0
0
0
0
0
0
0
0
0
0
0
0
0
0
0
0
0
0
0
0
0
0
0
0
0
0
0
0
0
0
0
0
0
0
0
0
0
0
0
0
0
0
0
0
0
0
0
0
0
0
0
0
0
0
0
0
0
0
0
0
0
0
0
0
0
0
0
0
0
0
0
0
0
0
0
0
0
0
0
0
0
0
0
0
0
0
0
0
0
0
0
0
0
0
0
0
0
0
0
0
0
0
0
0
0
0
0
0
0
0
0
0
0
0
0
0
0
0
0
0
0
0
0
0
0
0
0
0
0
0
0
0
0
0
0
0
0
0
0
0
0
0
0
0
0
0
0
0
0
0
0
0
0
0
0
0
0
0
0
0
0
0
0
0
0
0
0
0
0
0
0
0
0
0
0
0
0
0
0
0
0
0
0
0
0
0
0
0
0
0
0
0
0
0
0
0
0
0
0
0
0
0
0
0
0
0
0
0
0
0
0
0
0
0
0
0
0
0
0
0
0
0
0
0
0
0
0
0
0
0
0
0
0
0
0
0
0
0
0
0
0
0
0
0
0
0
0
0
0
0
0
0
0
0
0
0
0
0
0
0
0
0
0
0
0
0
0
0
0
0
0
0
0
0
0
0
0
0
0
0
0
0
0
0
0
0
0
0
0
0
0
0
0
0
0
0
0
0
0
0
0
0
0
0
0
0
0
0
0
0
0
0
0
0
0
0
0
0
0
0
0
0
0
0
0
0
0
0
0
0
0
0
0
0
0
0
0
0
0
0
0
0
0
0
0
0
0
0
0
0
0
0
0
0
0
0
0
0
0
0
0
0
0
0
0
0
0
0
0
0
0
0
0
0
0
0
0
0
0
0
0
0
0
0
0
0
0
0
0
0
0
0
0
0
0
0
0
0
0
0
0
0
0
0
0
0
0
0
0
0
0
0
0
0
0
0
0
0
0
0
0
0
0
0
0
0
0
0
0
0
0
0
0
0
0
0
0
0
0
0
0
0
0
0
0
0
0
0
0
0
0
0
0
0
0
0
0
0
0
0
0
0
0
0
0
0
0
0
0
0
0
0
0
0
0
0
0
0
0
0
0
0
0
0
0
0
0
0
0
0
0
0
0
0
0
0
0
0
0
0
0
0
0
0
0
0
0
0
0
0
0
0
0
0
0
0
0
0
0
0
0
0
0
0
0
0
0
0
$MCA_CAL:
3
-1.4656616 2.9313233 0.00000000000000
$ENER_FIT:
-1.4656616 2.9313233 0.00000000000000
$MCA_CAL_DATA:
3
298 872
597 1749
896 2625
$CAMBIO:
Parent file specification: C:\GADRAS-DRF\Temp\parallelGUI3\99MO_150.0_300.0_lead_1.61_7.0.pcf
Successful read of spectrum: Yes
Error message: None
Warning: None
Information: None
Neutrons: 0
Number of spectral records in the parent file: 1
Record number of this spectrum in the parent file: 1
Date and time of acquisition read successfully from the original file: Yes
Live time read successfully from the original file: Yes
True time read successfully from the original file: Yes
GADRAS Tag character is:  
Version: 130122
Parent file type: Sandia GADRAS PCF
