$SPEC_ID:
99MO,1uC{0,0}
$MEAS_TIM:
3600.00 3600.00
$DATE_MEA:
3/9/2018 5:22:25 PM
$DATA:
0 1193
56.635
65.519
60.638
53.527
50.536
115.928
178.833
71.155
23.007
16.670
15.968
18.700
25.430
30.544
25.750
17.908
14.756
14.771
15.404
16.057
16.649
17.222
17.826
18.643
19.820
21.438
23.598
26.179
28.871
31.160
32.653
33.380
33.588
33.447
33.044
32.430
31.656
30.851
30.178
29.709
29.513
29.725
30.592
32.465
35.409
39.015
42.259
43.911
43.088
39.960
35.438
30.810
27.031
24.641
23.668
24.032
25.590
28.149
31.358
34.518
36.849
37.557
36.325
33.349
29.215
24.769
20.669
17.410
15.070
13.487
12.478
11.855
11.441
11.068
10.670
10.272
9.885
9.506
9.128
8.752
8.376
7.999
7.624
7.254
6.899
6.566
6.266
6.003
5.764
5.528
5.298
5.091
4.917
4.767
4.625
4.486
4.354
4.230
4.116
4.012
3.917
3.825
3.734
3.644
3.562
3.492
3.430
3.370
3.311
3.258
3.218
3.195
3.190
3.206
3.245
3.314
3.415
3.547
3.703
3.875
4.048
4.205
4.329
4.406
4.427
4.381
4.270
4.105
3.896
3.657
3.406
3.158
2.928
2.723
2.547
2.404
2.292
2.206
2.141
2.094
2.061
2.038
2.022
2.011
2.003
1.997
1.993
1.991
1.991
1.992
1.995
1.998
2.002
2.007
2.012
2.018
2.025
2.033
2.042
2.050
2.057
2.065
2.073
2.082
2.090
2.097
2.101
2.102
2.100
2.096
2.092
2.089
2.084
2.074
2.058
2.033
2.000
1.963
1.921
1.877
1.832
1.783
1.730
1.675
1.616
1.556
1.495
1.435
1.376
1.320
1.265
1.214
1.165
1.119
1.076
1.035
0.997
0.961
0.927
0.895
0.865
0.837
0.811
0.787
0.764
0.743
0.723
0.705
0.688
0.671
0.655
0.641
0.627
0.613
0.601
0.588
0.577
0.567
0.557
0.548
0.541
0.536
0.533
0.533
0.538
0.548
0.565
0.591
0.627
0.677
0.743
0.829
0.937
1.070
1.231
1.423
1.649
1.911
2.206
2.533
2.889
3.272
3.676
4.094
4.514
4.928
5.324
5.694
6.029
6.319
6.555
6.730
6.836
6.874
6.850
6.766
6.625
6.433
6.195
5.921
5.618
5.295
4.961
4.621
4.280
3.942
3.611
3.291
2.986
2.696
2.422
2.165
1.924
1.700
1.494
1.304
1.131
0.975
0.835
0.710
0.600
0.504
0.421
0.349
0.288
0.237
0.194
0.158
0.129
0.105
0.085
0.069
0.056
0.046
0.038
0.031
0.025
0.021
0.018
0.015
0.013
0.011
0.010
0.009
0.008
0.008
0.008
0.008
0.009
0.009
0.010
0.011
0.013
0.014
0.015
0.017
0.018
0.020
0.022
0.023
0.025
0.026
0.028
0.029
0.030
0.030
0.031
0.031
0.031
0.031
0.030
0.030
0.029
0.028
0.026
0.025
0.023
0.022
0.020
0.018
0.017
0.015
0.014
0.012
0.011
0.010
0.008
0.007
0.006
0.006
0.005
0.004
0.004
0.003
0.003
0.002
0.002
0.002
0.001
0.001
0.001
0.001
0.001
0.001
0.001
0.001
0.000
0.000
0.000
0.000
0.000
0.000
0.000
0.000
0.000
0.000
0.000
0.000
0.000
0.000
0.000
0.000
0.000
0.000
0.000
0.000
0.000
0.000
0.000
0.000
0.000
0.000
0.000
0.000
0.000
0.000
0.000
0.000
0.000
0.000
0.000
0.000
0.000
0.000
0.000
0.000
0.000
0.000
0.000
0.000
0.000
-0.000
-0.000
-0.000
-0.000
-0.000
-0.000
-0.000
0.000
0.000
0.000
0.000
0.000
0.000
0.000
0.000
0.000
0.000
0.000
0.000
0
0
0
0
0
0
0
0
0
0
0
0
0
0
0
0
0
0
0
0
0
0
0
0
0
0
0
0
0
0
0
0
0
0
0
0
0
0
0
0
0
0
0
0
0
0
0
0
0
0
0
0
0
0
0
0
0
0
0
0
0
0
0
0
0
0
0
0
0
0
0
0
0
0
0
0
0
0
0
0
0
0
0
0
0
0
0
0
0
0
0
0
0
0
0
0
0
0
0
0
0
0
0
0
0
0
0
0
0
0
0
0
0
0
0
0
0
0
0
0
0
0
0
0
0
0
0
0
0
0
0
0
0
0
0
0
0
0
0
0
0
0
0
0
0
0
0
0
0
0
0
0
0
0
0
0
0
0
0
0
0
0
0
0
0
0
0
0
0
0
0
0
0
0
0
0
0
0
0
0
0
0
0
0
0
0
0
0
0
0
0
0
0
0
0
0
0
0
0
0
0
0
0
0
0
0
0
0
0
0
0
0
0
0
0
0
0
0
0
0
0
0
0
0
0
0
0
0
0
0
0
0
0
0
0
0
0
0
0
0
0
0
0
0
0
0
0
0
0
0
0
0
0
0
0
0
0
0
0
0
0
0
0
0
0
0
0
0
0
0
0
0
0
0
0
0
0
0
0
0
0
0
0
0
0
0
0
0
0
0
0
0
0
0
0
0
0
0
0
0
0
0
0
0
0
0
0
0
0
0
0
0
0
0
0
0
0
0
0
0
0
0
0
0
0
0
0
0
0
0
0
0
0
0
0
0
0
0
0
0
0
0
0
0
0
0
0
0
0
0
0
0
0
0
0
0
0
0
0
0
0
0
0
0
0
0
0
0
0
0
0
0
0
0
0
0
0
0
0
0
0
0
0
0
0
0
0
0
0
0
0
0
0
0
0
0
0
0
0
0
0
0
0
0
0
0
0
0
0
0
0
0
0
0
0
0
0
0
0
0
0
0
0
0
0
0
0
0
0
0
0
0
0
0
0
0
0
0
0
0
0
0
0
0
0
0
0
0
0
0
0
0
0
0
0
0
0
0
0
0
0
0
0
0
0
0
0
0
0
0
0
0
0
0
0
0
0
0
0
0
0
0
0
0
0
0
0
0
0
0
0
0
0
0
0
0
0
0
0
0
0
0
0
0
0
0
0
0
0
0
0
0
0
0
0
0
0
0
0
0
0
0
0
0
0
0
0
0
0
0
0
0
0
0
0
0
0
0
0
0
0
0
0
0
0
0
0
0
0
0
0
0
0
0
0
0
0
0
0
0
0
0
0
0
0
0
0
0
0
0
0
0
0
0
0
0
0
0
0
0
0
0
0
0
0
0
0
0
0
0
0
0
0
0
0
0
0
0
0
0
0
0
0
0
0
0
0
0
0
0
0
0
0
0
0
0
0
0
0
0
0
0
0
0
0
0
0
0
0
0
0
0
0
0
0
0
0
0
0
0
0
0
0
0
0
0
0
0
0
0
0
0
0
0
0
0
0
0
0
0
0
0
0
0
0
0
0
0
0
0
0
0
0
0
0
0
0
0
0
0
0
0
0
0
0
0
0
0
0
0
0
0
0
0
0
0
0
0
0
0
0
0
0
0
0
0
0
0
0
0
0
0
0
0
0
0
0
0
0
0
0
0
0
0
0
0
0
0
0
0
0
0
0
0
0
0
0
0
0
0
0
0
0
0
0
0
0
0
0
0
0
0
0
0
0
0
0
0
0
0
0
0
0
0
$MCA_CAL:
3
-1.4656616 2.9313233 0.00000000000000
$ENER_FIT:
-1.4656616 2.9313233 0.00000000000000
$MCA_CAL_DATA:
3
298 872
597 1749
896 2625
$CAMBIO:
Parent file specification: C:\GADRAS-DRF\Temp\parallelGUI3\99MO_150.0_237.5_none_0_8.5.pcf
Successful read of spectrum: Yes
Error message: None
Warning: None
Information: None
Neutrons: 0
Number of spectral records in the parent file: 1
Record number of this spectrum in the parent file: 1
Date and time of acquisition read successfully from the original file: Yes
Live time read successfully from the original file: Yes
True time read successfully from the original file: Yes
GADRAS Tag character is:  
Version: 130122
Parent file type: Sandia GADRAS PCF
