$SPEC_ID:
99MO,1uC{26,11.02}
$MEAS_TIM:
3600.00 3600.00
$DATE_MEA:
3/9/2018 5:22:25 PM
$DATA:
0 1193
116.740
110.984
102.433
166.782
138.766
119.151
103.866
90.035
78.643
70.418
65.003
60.289
56.610
54.997
53.623
52.551
51.983
52.118
52.749
53.743
55.577
57.550
59.443
61.455
63.643
66.071
69.376
73.141
76.907
80.924
85.055
89.320
93.589
97.318
101.198
104.989
108.640
112.311
116.133
120.246
124.895
130.493
137.833
148.191
160.506
172.675
183.433
189.460
187.850
179.813
168.199
156.451
147.133
141.785
140.740
144.408
153.158
166.505
182.780
197.995
208.121
209.769
201.999
186.384
165.428
142.269
120.237
102.526
89.753
81.023
75.312
71.558
69.108
67.599
66.678
65.996
65.364
64.795
64.307
63.901
63.568
63.282
63.015
62.750
62.479
62.196
61.893
61.566
61.227
60.887
60.543
60.174
59.771
59.378
59.042
58.763
58.491
58.193
57.864
57.514
57.148
56.772
56.392
56.001
55.593
55.162
54.719
54.284
53.872
53.507
53.205
52.997
52.914
52.997
53.271
53.762
54.488
55.437
56.568
57.827
59.100
60.209
60.986
61.323
61.169
60.475
59.268
57.651
55.729
53.616
51.426
49.282
47.279
45.476
43.916
42.636
41.616
40.814
40.190
39.708
39.342
39.059
38.836
38.652
38.491
38.335
38.183
38.042
37.917
37.811
37.719
37.637
37.559
37.484
37.416
37.356
37.306
37.260
37.218
37.172
37.125
37.077
37.032
36.995
36.956
36.903
36.822
36.701
36.549
36.380
36.208
36.040
35.854
35.618
35.305
34.898
34.413
33.877
33.314
32.745
32.163
31.558
30.921
30.247
29.543
28.823
28.097
27.378
26.670
25.982
25.315
24.677
24.068
23.491
22.947
22.436
21.958
21.511
21.091
20.696
20.324
19.974
19.644
19.333
19.041
18.764
18.500
18.249
18.007
17.774
17.550
17.339
17.140
16.954
16.782
16.621
16.470
16.326
16.190
16.066
15.957
15.868
15.804
15.773
15.788
15.864
16.012
16.249
16.596
17.080
17.729
18.568
19.627
20.941
22.549
24.488
26.797
29.494
32.553
35.931
39.593
43.496
47.586
51.777
55.968
60.065
63.970
67.591
70.828
73.588
75.775
77.293
78.074
78.141
77.546
76.330
74.541
72.228
69.468
66.333
62.905
59.262
55.486
51.635
47.767
43.939
40.203
36.613
33.206
29.983
26.945
24.091
21.423
18.939
16.639
14.525
12.595
10.850
9.290
7.909
6.694
5.632
4.712
3.920
3.244
2.672
2.193
1.796
1.468
1.199
0.978
0.800
0.658
0.545
0.455
0.381
0.320
0.271
0.231
0.200
0.176
0.157
0.142
0.132
0.125
0.122
0.122
0.125
0.130
0.138
0.148
0.160
0.173
0.188
0.204
0.221
0.239
0.257
0.275
0.293
0.310
0.326
0.340
0.352
0.362
0.369
0.374
0.376
0.375
0.371
0.364
0.355
0.343
0.329
0.313
0.296
0.278
0.259
0.239
0.219
0.200
0.181
0.162
0.145
0.129
0.114
0.100
0.088
0.076
0.066
0.057
0.049
0.042
0.036
0.031
0.027
0.023
0.020
0.017
0.015
0.013
0.011
0.010
0.008
0.007
0.006
0.006
0.005
0.004
0.004
0.003
0.003
0.003
0.002
0.002
0.002
0.001
0.001
0.001
0.001
0.001
0.001
0.001
0.000
0.000
0.000
0.000
0.000
0.000
0.000
0.000
0.000
0.000
0.000
0.000
0.000
0.000
0.000
0.000
0.000
0.000
0.000
0.000
0.000
0.000
0.000
0.000
0.000
0.000
0.000
0.000
-0.000
-0.000
-0.000
-0.000
-0.000
-0.000
-0.000
0.000
0.000
0.000
0.000
0.000
0.000
0.000
0.000
0.000
0.000
0.000
0.000
0
0
0
0
0
0
0
0
0
0
0
0
0
0
0
0
0
0
0
0
0
0
0
0
0
0
0
0
0
0
0
0
0
0
0
0
0
0
0
0
0
0
0
0
0
0
0
0
0
0
0
0
0
0
0
0
0
0
0
0
0
0
0
0
0
0
0
0
0
0
0
0
0
0
0
0
0
0
0
0
0
0
0
0
0
0
0
0
0
0
0
0
0
0
0
0
0
0
0
0
0
0
0
0
0
0
0
0
0
0
0
0
0
0
0
0
0
0
0
0
0
0
0
0
0
0
0
0
0
0
0
0
0
0
0
0
0
0
0
0
0
0
0
0
0
0
0
0
0
0
0
0
0
0
0
0
0
0
0
0
0
0
0
0
0
0
0
0
0
0
0
0
0
0
0
0
0
0
0
0
0
0
0
0
0
0
0
0
0
0
0
0
0
0
0
0
0
0
0
0
0
0
0
0
0
0
0
0
0
0
0
0
0
0
0
0
0
0
0
0
0
0
0
0
0
0
0
0
0
0
0
0
0
0
0
0
0
0
0
0
0
0
0
0
0
0
0
0
0
0
0
0
0
0
0
0
0
0
0
0
0
0
0
0
0
0
0
0
0
0
0
0
0
0
0
0
0
0
0
0
0
0
0
0
0
0
0
0
0
0
0
0
0
0
0
0
0
0
0
0
0
0
0
0
0
0
0
0
0
0
0
0
0
0
0
0
0
0
0
0
0
0
0
0
0
0
0
0
0
0
0
0
0
0
0
0
0
0
0
0
0
0
0
0
0
0
0
0
0
0
0
0
0
0
0
0
0
0
0
0
0
0
0
0
0
0
0
0
0
0
0
0
0
0
0
0
0
0
0
0
0
0
0
0
0
0
0
0
0
0
0
0
0
0
0
0
0
0
0
0
0
0
0
0
0
0
0
0
0
0
0
0
0
0
0
0
0
0
0
0
0
0
0
0
0
0
0
0
0
0
0
0
0
0
0
0
0
0
0
0
0
0
0
0
0
0
0
0
0
0
0
0
0
0
0
0
0
0
0
0
0
0
0
0
0
0
0
0
0
0
0
0
0
0
0
0
0
0
0
0
0
0
0
0
0
0
0
0
0
0
0
0
0
0
0
0
0
0
0
0
0
0
0
0
0
0
0
0
0
0
0
0
0
0
0
0
0
0
0
0
0
0
0
0
0
0
0
0
0
0
0
0
0
0
0
0
0
0
0
0
0
0
0
0
0
0
0
0
0
0
0
0
0
0
0
0
0
0
0
0
0
0
0
0
0
0
0
0
0
0
0
0
0
0
0
0
0
0
0
0
0
0
0
0
0
0
0
0
0
0
0
0
0
0
0
0
0
0
0
0
0
0
0
0
0
0
0
0
0
0
0
0
0
0
0
0
0
0
0
0
0
0
0
0
0
0
0
0
0
0
0
0
0
0
0
0
0
0
0
0
0
0
0
0
0
0
0
0
0
0
0
0
0
0
0
0
0
0
0
0
0
0
0
0
0
0
0
0
0
0
0
0
0
0
0
0
0
0
0
0
0
0
0
0
0
0
0
0
0
0
0
0
0
0
0
0
0
0
0
0
0
0
0
0
0
0
0
0
0
0
0
0
0
0
0
0
0
0
0
0
0
0
0
0
0
0
0
0
0
0
0
0
0
0
0
0
0
0
0
0
0
0
0
0
0
0
0
0
0
0
0
0
0
0
0
0
0
0
0
0
0
0
0
0
$MCA_CAL:
3
-1.4656616 2.9313233 0.00000000000000
$ENER_FIT:
-1.4656616 2.9313233 0.00000000000000
$MCA_CAL_DATA:
3
298 872
597 1749
896 2625
$CAMBIO:
Parent file specification: C:\GADRAS-DRF\Temp\parallelGUI3\99MO_150.0_50.0_iron_11.02_8.5.pcf
Successful read of spectrum: Yes
Error message: None
Warning: None
Information: None
Neutrons: 0
Number of spectral records in the parent file: 1
Record number of this spectrum in the parent file: 1
Date and time of acquisition read successfully from the original file: Yes
Live time read successfully from the original file: Yes
True time read successfully from the original file: Yes
GADRAS Tag character is:  
Version: 130122
Parent file type: Sandia GADRAS PCF
