$SPEC_ID:
99MO,1uC{82,0.51}
$MEAS_TIM:
3600.00 3600.00
$DATE_MEA:
3/9/2018 5:22:25 PM
$DATA:
0 1193
71.705
73.565
67.738
60.799
51.442
43.120
36.489
30.651
25.535
22.197
20.034
18.334
17.132
17.189
17.267
17.390
17.898
18.657
19.362
20.045
20.767
21.531
22.284
23.096
24.054
25.181
26.577
28.277
30.198
32.006
33.360
34.334
35.072
35.553
35.685
35.349
34.595
33.733
33.078
32.732
32.589
32.551
32.747
33.587
35.527
38.586
41.940
43.985
43.517
40.635
36.726
33.218
30.798
29.425
28.856
29.137
30.560
33.499
38.028
43.366
47.830
49.686
48.065
43.374
37.156
31.085
26.253
22.945
20.891
19.634
18.791
18.154
17.613
17.119
16.642
16.170
15.708
15.257
14.815
14.383
13.968
13.568
13.177
12.785
12.386
12.010
11.686
11.395
11.110
10.824
10.540
10.272
10.028
9.802
9.581
9.360
9.139
8.922
8.715
8.518
8.324
8.128
7.930
7.733
7.549
7.387
7.237
7.085
6.929
6.779
6.642
6.522
6.422
6.351
6.316
6.336
6.435
6.628
6.911
7.274
7.682
8.087
8.441
8.681
8.753
8.639
8.344
7.889
7.329
6.724
6.127
5.579
5.114
4.739
4.448
4.232
4.078
3.972
3.901
3.850
3.806
3.766
3.734
3.714
3.702
3.692
3.680
3.669
3.660
3.655
3.655
3.658
3.661
3.666
3.672
3.679
3.688
3.699
3.713
3.727
3.740
3.753
3.766
3.780
3.796
3.812
3.824
3.830
3.832
3.831
3.830
3.827
3.817
3.797
3.766
3.724
3.674
3.617
3.550
3.474
3.386
3.287
3.181
3.068
2.950
2.831
2.711
2.592
2.479
2.373
2.276
2.188
2.107
2.028
1.952
1.878
1.808
1.743
1.683
1.626
1.574
1.526
1.481
1.440
1.401
1.366
1.333
1.302
1.272
1.245
1.219
1.193
1.169
1.145
1.122
1.099
1.078
1.056
1.036
1.017
0.998
0.981
0.965
0.951
0.939
0.930
0.926
0.927
0.937
0.960
1.000
1.062
1.154
1.287
1.471
1.716
2.034
2.436
2.933
3.538
4.248
5.056
5.955
6.936
7.976
9.036
10.082
11.075
11.980
12.761
13.385
13.815
14.032
14.050
13.884
13.548
13.063
12.459
11.770
11.030
10.272
9.513
8.768
8.043
7.353
6.701
6.085
5.502
4.949
4.424
3.926
3.457
3.018
2.608
2.231
1.886
1.577
1.304
1.069
0.870
0.702
0.563
0.450
0.359
0.287
0.230
0.186
0.150
0.121
0.099
0.081
0.067
0.055
0.045
0.037
0.031
0.026
0.021
0.018
0.015
0.013
0.011
0.010
0.009
0.008
0.008
0.008
0.009
0.010
0.011
0.013
0.015
0.017
0.020
0.023
0.027
0.031
0.035
0.039
0.043
0.048
0.052
0.056
0.059
0.062
0.064
0.066
0.066
0.066
0.066
0.064
0.062
0.059
0.055
0.052
0.048
0.043
0.039
0.035
0.031
0.027
0.024
0.020
0.018
0.015
0.013
0.011
0.009
0.008
0.006
0.005
0.005
0.004
0.003
0.003
0.002
0.002
0.002
0.002
0.001
0.001
0.001
0.001
0.001
0.001
0.001
0.001
0.001
0.000
0.000
0.000
0.000
0.000
0.000
0.000
0.000
0.000
0.000
0.000
0.000
0.000
0.000
0.000
0.000
0.000
0.000
0.000
0.000
0.000
0.000
0.000
0.000
0.000
0.000
0.000
0.000
0.000
0.000
0.000
0.000
0.000
0.000
-0.000
-0.000
-0.000
-0.000
-0.000
0.000
0.000
0.000
0.000
0.000
0.000
0.000
0.000
0.000
0.000
0
0
0
0
0
0
0
0
0
0
0
0
0
0
0
0
0
0
0
0
0
0
0
0
0
0
0
0
0
0
0
0
0
0
0
0
0
0
0
0
0
0
0
0
0
0
0
0
0
0
0
0
0
0
0
0
0
0
0
0
0
0
0
0
0
0
0
0
0
0
0
0
0
0
0
0
0
0
0
0
0
0
0
0
0
0
0
0
0
0
0
0
0
0
0
0
0
0
0
0
0
0
0
0
0
0
0
0
0
0
0
0
0
0
0
0
0
0
0
0
0
0
0
0
0
0
0
0
0
0
0
0
0
0
0
0
0
0
0
0
0
0
0
0
0
0
0
0
0
0
0
0
0
0
0
0
0
0
0
0
0
0
0
0
0
0
0
0
0
0
0
0
0
0
0
0
0
0
0
0
0
0
0
0
0
0
0
0
0
0
0
0
0
0
0
0
0
0
0
0
0
0
0
0
0
0
0
0
0
0
0
0
0
0
0
0
0
0
0
0
0
0
0
0
0
0
0
0
0
0
0
0
0
0
0
0
0
0
0
0
0
0
0
0
0
0
0
0
0
0
0
0
0
0
0
0
0
0
0
0
0
0
0
0
0
0
0
0
0
0
0
0
0
0
0
0
0
0
0
0
0
0
0
0
0
0
0
0
0
0
0
0
0
0
0
0
0
0
0
0
0
0
0
0
0
0
0
0
0
0
0
0
0
0
0
0
0
0
0
0
0
0
0
0
0
0
0
0
0
0
0
0
0
0
0
0
0
0
0
0
0
0
0
0
0
0
0
0
0
0
0
0
0
0
0
0
0
0
0
0
0
0
0
0
0
0
0
0
0
0
0
0
0
0
0
0
0
0
0
0
0
0
0
0
0
0
0
0
0
0
0
0
0
0
0
0
0
0
0
0
0
0
0
0
0
0
0
0
0
0
0
0
0
0
0
0
0
0
0
0
0
0
0
0
0
0
0
0
0
0
0
0
0
0
0
0
0
0
0
0
0
0
0
0
0
0
0
0
0
0
0
0
0
0
0
0
0
0
0
0
0
0
0
0
0
0
0
0
0
0
0
0
0
0
0
0
0
0
0
0
0
0
0
0
0
0
0
0
0
0
0
0
0
0
0
0
0
0
0
0
0
0
0
0
0
0
0
0
0
0
0
0
0
0
0
0
0
0
0
0
0
0
0
0
0
0
0
0
0
0
0
0
0
0
0
0
0
0
0
0
0
0
0
0
0
0
0
0
0
0
0
0
0
0
0
0
0
0
0
0
0
0
0
0
0
0
0
0
0
0
0
0
0
0
0
0
0
0
0
0
0
0
0
0
0
0
0
0
0
0
0
0
0
0
0
0
0
0
0
0
0
0
0
0
0
0
0
0
0
0
0
0
0
0
0
0
0
0
0
0
0
0
0
0
0
0
0
0
0
0
0
0
0
0
0
0
0
0
0
0
0
0
0
0
0
0
0
0
0
0
0
0
0
0
0
0
0
0
0
0
0
0
0
0
0
0
0
0
0
0
0
0
0
0
0
0
0
0
0
0
0
0
0
0
0
0
0
0
0
0
0
0
0
0
0
0
0
0
0
0
0
0
0
0
0
0
0
0
0
0
0
0
0
0
0
0
0
0
0
0
0
0
0
0
0
0
0
0
0
0
0
0
0
0
0
0
0
0
0
0
0
0
0
0
0
0
0
0
0
0
0
0
0
0
0
0
0
0
0
0
0
0
0
0
0
0
0
0
0
0
0
0
0
0
0
0
0
$MCA_CAL:
3
-1.4656616 2.9313233 0.00000000000000
$ENER_FIT:
-1.4656616 2.9313233 0.00000000000000
$MCA_CAL_DATA:
3
298 872
597 1749
896 2625
$CAMBIO:
Parent file specification: C:\GADRAS-DRF\Temp\parallelGUI3\99MO_75.0_175.0_lead_0.51_7.0.pcf
Successful read of spectrum: Yes
Error message: None
Warning: None
Information: None
Neutrons: 0
Number of spectral records in the parent file: 1
Record number of this spectrum in the parent file: 1
Date and time of acquisition read successfully from the original file: Yes
Live time read successfully from the original file: Yes
True time read successfully from the original file: Yes
GADRAS Tag character is:  
Version: 130122
Parent file type: Sandia GADRAS PCF
