$SPEC_ID:
99MO,1uC{26,1.53}
$MEAS_TIM:
3600.00 3600.00
$DATE_MEA:
3/9/2018 5:22:25 PM
$DATA:
0 1193
46.458
50.380
46.978
46.765
38.509
31.672
26.281
21.739
18.016
15.554
14.023
12.969
12.383
12.553
12.688
12.842
13.351
14.098
14.877
15.649
16.383
17.120
17.823
18.576
19.626
20.996
22.770
24.941
27.305
29.364
30.639
31.235
31.461
31.418
31.149
30.636
29.923
29.153
28.480
27.985
27.658
27.496
27.736
28.833
31.136
34.481
37.882
39.760
39.043
35.803
31.378
27.200
24.186
22.406
21.694
21.915
23.114
25.366
28.543
32.010
34.738
35.621
34.273
30.927
26.500
21.978
18.239
15.550
13.868
12.852
12.218
11.813
11.500
11.154
10.756
10.343
9.940
9.558
9.188
8.816
8.444
8.077
7.710
7.339
6.981
6.657
6.368
6.107
5.864
5.629
5.403
5.197
5.015
4.854
4.708
4.573
4.443
4.321
4.213
4.115
4.021
3.927
3.834
3.745
3.661
3.585
3.517
3.450
3.382
3.318
3.263
3.221
3.194
3.183
3.196
3.238
3.314
3.429
3.585
3.769
3.967
4.158
4.317
4.419
4.447
4.397
4.265
4.064
3.817
3.543
3.265
3.004
2.775
2.583
2.429
2.312
2.226
2.165
2.123
2.095
2.074
2.056
2.042
2.032
2.026
2.022
2.019
2.014
2.010
2.009
2.009
2.011
2.014
2.016
2.018
2.021
2.026
2.031
2.037
2.043
2.049
2.055
2.061
2.066
2.072
2.077
2.081
2.085
2.086
2.085
2.080
2.073
2.063
2.050
2.034
2.013
1.987
1.955
1.918
1.877
1.832
1.782
1.729
1.673
1.614
1.555
1.495
1.436
1.379
1.324
1.273
1.226
1.181
1.140
1.100
1.062
1.026
0.992
0.961
0.931
0.904
0.879
0.856
0.834
0.814
0.796
0.778
0.761
0.746
0.731
0.717
0.703
0.690
0.678
0.666
0.654
0.643
0.633
0.623
0.613
0.604
0.596
0.589
0.583
0.580
0.578
0.580
0.587
0.600
0.622
0.655
0.701
0.766
0.853
0.967
1.113
1.294
1.515
1.778
2.087
2.440
2.832
3.256
3.709
4.179
4.653
5.115
5.549
5.938
6.272
6.540
6.733
6.841
6.861
6.800
6.666
6.468
6.215
5.918
5.588
5.238
4.879
4.520
4.167
3.823
3.491
3.173
2.872
2.588
2.319
2.066
1.828
1.606
1.399
1.209
1.036
0.880
0.742
0.620
0.513
0.421
0.344
0.279
0.225
0.181
0.146
0.117
0.094
0.076
0.062
0.051
0.041
0.034
0.028
0.023
0.019
0.016
0.013
0.011
0.009
0.008
0.007
0.006
0.006
0.005
0.005
0.005
0.006
0.006
0.007
0.008
0.009
0.010
0.011
0.013
0.015
0.016
0.018
0.020
0.022
0.024
0.026
0.027
0.029
0.030
0.031
0.032
0.032
0.032
0.032
0.031
0.030
0.029
0.027
0.026
0.024
0.022
0.020
0.018
0.016
0.015
0.013
0.011
0.010
0.009
0.007
0.006
0.005
0.005
0.004
0.003
0.003
0.002
0.002
0.002
0.001
0.001
0.001
0.001
0.001
0.001
0.001
0.001
0.000
0.000
0.000
0.000
0.000
0.000
0.000
0.000
0.000
0.000
0.000
0.000
0.000
0.000
0.000
0.000
0.000
0.000
0.000
0.000
0.000
0.000
0.000
0.000
0.000
0.000
0.000
0.000
0.000
0.000
0.000
0.000
0.000
0.000
0.000
0.000
0.000
0.000
0.000
0.000
-0.000
-0.000
-0.000
-0.000
-0.000
-0.000
0.000
0.000
0.000
0.000
0.000
0.000
0.000
-0.000
-0.000
-0.000
-0.000
-0.000
-0.000
0.000
0.000
0.000
0.000
0
0
0
0
0
0
0
0
0
0
0
0
0
0
0
0
0
0
0
0
0
0
0
0
0
0
0
0
0
0
0
0
0
0
0
0
0
0
0
0
0
0
0
0
0
0
0
0
0
0
0
0
0
0
0
0
0
0
0
0
0
0
0
0
0
0
0
0
0
0
0
0
0
0
0
0
0
0
0
0
0
0
0
0
0
0
0
0
0
0
0
0
0
0
0
0
0
0
0
0
0
0
0
0
0
0
0
0
0
0
0
0
0
0
0
0
0
0
0
0
0
0
0
0
0
0
0
0
0
0
0
0
0
0
0
0
0
0
0
0
0
0
0
0
0
0
0
0
0
0
0
0
0
0
0
0
0
0
0
0
0
0
0
0
0
0
0
0
0
0
0
0
0
0
0
0
0
0
0
0
0
0
0
0
0
0
0
0
0
0
0
0
0
0
0
0
0
0
0
0
0
0
0
0
0
0
0
0
0
0
0
0
0
0
0
0
0
0
0
0
0
0
0
0
0
0
0
0
0
0
0
0
0
0
0
0
0
0
0
0
0
0
0
0
0
0
0
0
0
0
0
0
0
0
0
0
0
0
0
0
0
0
0
0
0
0
0
0
0
0
0
0
0
0
0
0
0
0
0
0
0
0
0
0
0
0
0
0
0
0
0
0
0
0
0
0
0
0
0
0
0
0
0
0
0
0
0
0
0
0
0
0
0
0
0
0
0
0
0
0
0
0
0
0
0
0
0
0
0
0
0
0
0
0
0
0
0
0
0
0
0
0
0
0
0
0
0
0
0
0
0
0
0
0
0
0
0
0
0
0
0
0
0
0
0
0
0
0
0
0
0
0
0
0
0
0
0
0
0
0
0
0
0
0
0
0
0
0
0
0
0
0
0
0
0
0
0
0
0
0
0
0
0
0
0
0
0
0
0
0
0
0
0
0
0
0
0
0
0
0
0
0
0
0
0
0
0
0
0
0
0
0
0
0
0
0
0
0
0
0
0
0
0
0
0
0
0
0
0
0
0
0
0
0
0
0
0
0
0
0
0
0
0
0
0
0
0
0
0
0
0
0
0
0
0
0
0
0
0
0
0
0
0
0
0
0
0
0
0
0
0
0
0
0
0
0
0
0
0
0
0
0
0
0
0
0
0
0
0
0
0
0
0
0
0
0
0
0
0
0
0
0
0
0
0
0
0
0
0
0
0
0
0
0
0
0
0
0
0
0
0
0
0
0
0
0
0
0
0
0
0
0
0
0
0
0
0
0
0
0
0
0
0
0
0
0
0
0
0
0
0
0
0
0
0
0
0
0
0
0
0
0
0
0
0
0
0
0
0
0
0
0
0
0
0
0
0
0
0
0
0
0
0
0
0
0
0
0
0
0
0
0
0
0
0
0
0
0
0
0
0
0
0
0
0
0
0
0
0
0
0
0
0
0
0
0
0
0
0
0
0
0
0
0
0
0
0
0
0
0
0
0
0
0
0
0
0
0
0
0
0
0
0
0
0
0
0
0
0
0
0
0
0
0
0
0
0
0
0
0
0
0
0
0
0
0
0
0
0
0
0
0
0
0
0
0
0
0
0
0
0
0
0
0
0
0
0
0
0
0
0
0
0
0
0
0
0
0
0
0
0
0
0
0
0
0
0
0
0
0
0
0
0
0
0
0
0
0
0
0
0
0
0
0
0
0
0
0
0
0
0
0
0
0
0
0
0
0
0
0
0
0
0
0
0
0
0
0
$MCA_CAL:
3
-1.4656616 2.9313233 0.00000000000000
$ENER_FIT:
-1.4656616 2.9313233 0.00000000000000
$MCA_CAL_DATA:
3
298 872
597 1749
896 2625
$CAMBIO:
Parent file specification: C:\GADRAS-DRF\Temp\parallelGUI3\99MO_150.0_237.5_iron_1.53_7.5.pcf
Successful read of spectrum: Yes
Error message: None
Warning: None
Information: None
Neutrons: 0
Number of spectral records in the parent file: 1
Record number of this spectrum in the parent file: 1
Date and time of acquisition read successfully from the original file: Yes
Live time read successfully from the original file: Yes
True time read successfully from the original file: Yes
GADRAS Tag character is:  
Version: 130122
Parent file type: Sandia GADRAS PCF
