$SPEC_ID:
99MO,1uC{82,0.51}
$MEAS_TIM:
3600.00 3600.00
$DATE_MEA:
3/9/2018 5:22:25 PM
$DATA:
0 1193
31.184
32.564
30.053
26.882
22.963
19.308
16.278
13.596
11.249
9.744
8.788
8.051
7.551
7.563
7.625
7.720
7.963
8.321
8.659
8.998
9.340
9.701
10.087
10.520
11.029
11.615
12.286
13.011
13.790
14.569
15.222
15.715
16.047
16.206
16.183
16.023
15.770
15.476
15.204
14.988
14.844
14.790
14.869
15.129
15.573
16.114
16.596
16.839
16.698
16.172
15.422
14.627
13.954
13.507
13.351
13.510
13.972
14.686
15.538
16.358
16.931
17.030
16.602
15.693
14.456
13.093
11.780
10.668
9.803
9.153
8.681
8.341
8.087
7.865
7.638
7.408
7.185
6.969
6.753
6.536
6.316
6.095
5.871
5.644
5.420
5.212
5.026
4.856
4.689
4.525
4.366
4.217
4.077
3.948
3.827
3.712
3.598
3.487
3.383
3.287
3.197
3.108
3.018
2.929
2.848
2.776
2.709
2.645
2.581
2.523
2.474
2.437
2.413
2.399
2.396
2.408
2.436
2.482
2.539
2.601
2.661
2.713
2.749
2.764
2.753
2.715
2.646
2.551
2.435
2.308
2.175
2.042
1.915
1.798
1.694
1.605
1.533
1.476
1.433
1.400
1.373
1.351
1.334
1.320
1.311
1.304
1.300
1.295
1.291
1.288
1.285
1.284
1.283
1.283
1.284
1.285
1.287
1.289
1.291
1.293
1.296
1.299
1.301
1.304
1.307
1.308
1.308
1.307
1.304
1.300
1.295
1.291
1.284
1.276
1.265
1.249
1.230
1.207
1.182
1.155
1.127
1.097
1.066
1.033
0.998
0.963
0.927
0.892
0.858
0.825
0.794
0.763
0.734
0.706
0.679
0.654
0.630
0.607
0.586
0.567
0.548
0.531
0.515
0.500
0.486
0.473
0.461
0.449
0.438
0.428
0.418
0.409
0.400
0.392
0.385
0.378
0.371
0.365
0.360
0.356
0.353
0.351
0.352
0.355
0.361
0.372
0.387
0.408
0.437
0.474
0.522
0.580
0.652
0.738
0.840
0.959
1.095
1.250
1.420
1.606
1.805
2.017
2.238
2.463
2.687
2.906
3.114
3.308
3.483
3.634
3.758
3.851
3.908
3.932
3.923
3.882
3.813
3.715
3.593
3.450
3.290
3.117
2.935
2.747
2.557
2.367
2.179
1.995
1.818
1.649
1.489
1.337
1.195
1.062
0.940
0.827
0.723
0.629
0.544
0.467
0.399
0.339
0.287
0.241
0.202
0.168
0.139
0.114
0.094
0.077
0.063
0.051
0.042
0.034
0.028
0.023
0.019
0.016
0.013
0.011
0.010
0.008
0.007
0.007
0.006
0.006
0.006
0.006
0.006
0.006
0.007
0.007
0.008
0.009
0.010
0.010
0.011
0.012
0.013
0.014
0.015
0.015
0.016
0.017
0.017
0.017
0.018
0.018
0.018
0.018
0.017
0.017
0.017
0.016
0.015
0.015
0.014
0.013
0.012
0.011
0.010
0.009
0.009
0.008
0.007
0.006
0.005
0.005
0.004
0.004
0.003
0.003
0.002
0.002
0.002
0.002
0.001
0.001
0.001
0.001
0.001
0.001
0.001
0.000
0.000
0.000
0.000
0.000
0.000
0.000
0.000
0.000
0.000
0.000
0.000
0.000
0.000
0.000
0.000
0.000
0.000
0.000
0.000
0.000
0.000
0.000
0.000
0.000
0.000
0.000
0.000
0.000
0.000
0.000
0.000
0.000
0.000
0.000
0.000
0.000
0.000
0.000
0.000
0.000
0.000
0.000
0.000
0.000
0.000
0.000
0.000
0.000
0.000
0.000
-0.000
-0.000
-0.000
-0.000
-0.000
-0.000
-0.000
-0.000
0.000
0.000
0.000
0.000
0.000
0.000
0.000
0.000
0.000
0.000
0.000
0.000
0
0
0
0
0
0
0
0
0
0
0
0
0
0
0
0
0
0
0
0
0
0
0
0
0
0
0
0
0
0
0
0
0
0
0
0
0
0
0
0
0
0
0
0
0
0
0
0
0
0
0
0
0
0
0
0
0
0
0
0
0
0
0
0
0
0
0
0
0
0
0
0
0
0
0
0
0
0
0
0
0
0
0
0
0
0
0
0
0
0
0
0
0
0
0
0
0
0
0
0
0
0
0
0
0
0
0
0
0
0
0
0
0
0
0
0
0
0
0
0
0
0
0
0
0
0
0
0
0
0
0
0
0
0
0
0
0
0
0
0
0
0
0
0
0
0
0
0
0
0
0
0
0
0
0
0
0
0
0
0
0
0
0
0
0
0
0
0
0
0
0
0
0
0
0
0
0
0
0
0
0
0
0
0
0
0
0
0
0
0
0
0
0
0
0
0
0
0
0
0
0
0
0
0
0
0
0
0
0
0
0
0
0
0
0
0
0
0
0
0
0
0
0
0
0
0
0
0
0
0
0
0
0
0
0
0
0
0
0
0
0
0
0
0
0
0
0
0
0
0
0
0
0
0
0
0
0
0
0
0
0
0
0
0
0
0
0
0
0
0
0
0
0
0
0
0
0
0
0
0
0
0
0
0
0
0
0
0
0
0
0
0
0
0
0
0
0
0
0
0
0
0
0
0
0
0
0
0
0
0
0
0
0
0
0
0
0
0
0
0
0
0
0
0
0
0
0
0
0
0
0
0
0
0
0
0
0
0
0
0
0
0
0
0
0
0
0
0
0
0
0
0
0
0
0
0
0
0
0
0
0
0
0
0
0
0
0
0
0
0
0
0
0
0
0
0
0
0
0
0
0
0
0
0
0
0
0
0
0
0
0
0
0
0
0
0
0
0
0
0
0
0
0
0
0
0
0
0
0
0
0
0
0
0
0
0
0
0
0
0
0
0
0
0
0
0
0
0
0
0
0
0
0
0
0
0
0
0
0
0
0
0
0
0
0
0
0
0
0
0
0
0
0
0
0
0
0
0
0
0
0
0
0
0
0
0
0
0
0
0
0
0
0
0
0
0
0
0
0
0
0
0
0
0
0
0
0
0
0
0
0
0
0
0
0
0
0
0
0
0
0
0
0
0
0
0
0
0
0
0
0
0
0
0
0
0
0
0
0
0
0
0
0
0
0
0
0
0
0
0
0
0
0
0
0
0
0
0
0
0
0
0
0
0
0
0
0
0
0
0
0
0
0
0
0
0
0
0
0
0
0
0
0
0
0
0
0
0
0
0
0
0
0
0
0
0
0
0
0
0
0
0
0
0
0
0
0
0
0
0
0
0
0
0
0
0
0
0
0
0
0
0
0
0
0
0
0
0
0
0
0
0
0
0
0
0
0
0
0
0
0
0
0
0
0
0
0
0
0
0
0
0
0
0
0
0
0
0
0
0
0
0
0
0
0
0
0
0
0
0
0
0
0
0
0
0
0
0
0
0
0
0
0
0
0
0
0
0
0
0
0
0
0
0
0
0
0
0
0
0
0
0
0
0
0
0
0
0
0
0
0
0
0
0
0
0
0
0
0
0
0
0
0
0
0
0
0
0
0
0
0
0
0
0
0
0
0
0
0
0
0
0
0
0
0
0
0
0
0
0
0
0
0
0
0
0
0
0
0
0
0
0
0
0
0
0
0
0
0
0
0
0
0
0
0
0
0
0
0
0
$MCA_CAL:
3
-1.4656616 2.9313233 0.00000000000000
$ENER_FIT:
-1.4656616 2.9313233 0.00000000000000
$MCA_CAL_DATA:
3
298 872
597 1749
896 2625
$CAMBIO:
Parent file specification: C:\GADRAS-DRF\Temp\parallelGUI3\99MO_125.0_300.0_lead_0.51_9.0.pcf
Successful read of spectrum: Yes
Error message: None
Warning: None
Information: None
Neutrons: 0
Number of spectral records in the parent file: 1
Record number of this spectrum in the parent file: 1
Date and time of acquisition read successfully from the original file: Yes
Live time read successfully from the original file: Yes
True time read successfully from the original file: Yes
GADRAS Tag character is:  
Version: 130122
Parent file type: Sandia GADRAS PCF
