$SPEC_ID:
99MO,1uC{26,1.53}
$MEAS_TIM:
3600.00 3600.00
$DATE_MEA:
3/9/2018 5:22:25 PM
$DATA:
0 1193
48.293
51.790
47.974
47.642
39.242
32.213
26.724
22.077
18.253
15.704
14.102
12.977
12.340
12.515
12.661
12.829
13.313
14.083
14.925
15.823
16.790
17.793
18.691
19.496
20.390
21.405
22.623
24.099
25.692
26.981
27.708
28.134
28.500
28.791
28.974
28.943
28.732
28.503
28.314
28.229
28.137
27.939
27.779
28.037
29.097
31.003
33.099
34.133
33.185
30.357
26.756
23.538
21.248
19.827
19.025
18.755
19.092
20.193
22.080
24.338
26.107
26.566
25.329
22.629
19.239
15.990
13.433
11.698
10.632
10.001
9.603
9.314
9.068
8.834
8.601
8.365
8.137
7.921
7.710
7.502
7.294
7.087
6.883
6.678
6.468
6.271
6.106
5.960
5.816
5.670
5.527
5.391
5.267
5.153
5.047
4.945
4.842
4.742
4.649
4.563
4.480
4.396
4.311
4.229
4.149
4.074
4.002
3.929
3.856
3.785
3.717
3.654
3.599
3.554
3.521
3.505
3.515
3.556
3.627
3.723
3.835
3.945
4.038
4.092
4.087
4.019
3.892
3.715
3.505
3.282
3.062
2.859
2.685
2.541
2.425
2.334
2.265
2.212
2.171
2.137
2.106
2.076
2.048
2.023
2.000
1.979
1.957
1.936
1.915
1.894
1.874
1.853
1.833
1.813
1.794
1.777
1.761
1.745
1.730
1.716
1.703
1.690
1.679
1.669
1.661
1.654
1.646
1.637
1.626
1.615
1.604
1.593
1.580
1.564
1.543
1.519
1.493
1.463
1.431
1.395
1.356
1.314
1.270
1.223
1.175
1.126
1.078
1.032
0.987
0.945
0.907
0.872
0.840
0.809
0.779
0.750
0.723
0.698
0.675
0.654
0.634
0.615
0.598
0.581
0.566
0.552
0.538
0.525
0.513
0.502
0.491
0.480
0.470
0.461
0.452
0.443
0.434
0.426
0.418
0.411
0.404
0.398
0.392
0.386
0.381
0.378
0.375
0.375
0.377
0.384
0.395
0.414
0.442
0.483
0.540
0.617
0.717
0.844
1.001
1.192
1.416
1.672
1.956
2.267
2.595
2.930
3.260
3.573
3.858
4.104
4.299
4.433
4.499
4.502
4.446
4.337
4.180
3.986
3.765
3.528
3.285
3.042
2.802
2.570
2.349
2.140
1.943
1.757
1.580
1.412
1.254
1.104
0.963
0.833
0.712
0.602
0.503
0.416
0.341
0.278
0.224
0.180
0.144
0.115
0.092
0.074
0.059
0.048
0.039
0.032
0.026
0.022
0.018
0.015
0.012
0.010
0.008
0.007
0.006
0.005
0.004
0.004
0.003
0.003
0.003
0.003
0.003
0.003
0.003
0.004
0.004
0.005
0.006
0.007
0.008
0.009
0.010
0.011
0.013
0.014
0.015
0.017
0.018
0.019
0.020
0.021
0.021
0.021
0.021
0.021
0.020
0.020
0.019
0.018
0.016
0.015
0.014
0.013
0.011
0.010
0.009
0.008
0.007
0.006
0.005
0.004
0.003
0.003
0.002
0.002
0.002
0.001
0.001
0.001
0.001
0.001
0.001
0.001
0.001
0.000
0.000
0.000
0.000
0.000
0.000
0.000
0.000
0.000
0.000
0.000
0.000
0.000
0.000
0.000
0.000
0.000
0.000
0.000
0.000
0.000
0.000
0.000
0.000
0.000
0.000
0.000
0.000
0.000
0.000
0.000
0.000
0.000
0.000
0.000
0.000
0.000
0.000
0.000
0.000
0.000
0.000
0.000
-0.000
-0.000
-0.000
-0.000
-0.000
0.000
0.000
0.000
0.000
0.000
0.000
0.000
0.000
0.000
0.000
0
0
0
0
0
0
0
0
0
0
0
0
0
0
0
0
0
0
0
0
0
0
0
0
0
0
0
0
0
0
0
0
0
0
0
0
0
0
0
0
0
0
0
0
0
0
0
0
0
0
0
0
0
0
0
0
0
0
0
0
0
0
0
0
0
0
0
0
0
0
0
0
0
0
0
0
0
0
0
0
0
0
0
0
0
0
0
0
0
0
0
0
0
0
0
0
0
0
0
0
0
0
0
0
0
0
0
0
0
0
0
0
0
0
0
0
0
0
0
0
0
0
0
0
0
0
0
0
0
0
0
0
0
0
0
0
0
0
0
0
0
0
0
0
0
0
0
0
0
0
0
0
0
0
0
0
0
0
0
0
0
0
0
0
0
0
0
0
0
0
0
0
0
0
0
0
0
0
0
0
0
0
0
0
0
0
0
0
0
0
0
0
0
0
0
0
0
0
0
0
0
0
0
0
0
0
0
0
0
0
0
0
0
0
0
0
0
0
0
0
0
0
0
0
0
0
0
0
0
0
0
0
0
0
0
0
0
0
0
0
0
0
0
0
0
0
0
0
0
0
0
0
0
0
0
0
0
0
0
0
0
0
0
0
0
0
0
0
0
0
0
0
0
0
0
0
0
0
0
0
0
0
0
0
0
0
0
0
0
0
0
0
0
0
0
0
0
0
0
0
0
0
0
0
0
0
0
0
0
0
0
0
0
0
0
0
0
0
0
0
0
0
0
0
0
0
0
0
0
0
0
0
0
0
0
0
0
0
0
0
0
0
0
0
0
0
0
0
0
0
0
0
0
0
0
0
0
0
0
0
0
0
0
0
0
0
0
0
0
0
0
0
0
0
0
0
0
0
0
0
0
0
0
0
0
0
0
0
0
0
0
0
0
0
0
0
0
0
0
0
0
0
0
0
0
0
0
0
0
0
0
0
0
0
0
0
0
0
0
0
0
0
0
0
0
0
0
0
0
0
0
0
0
0
0
0
0
0
0
0
0
0
0
0
0
0
0
0
0
0
0
0
0
0
0
0
0
0
0
0
0
0
0
0
0
0
0
0
0
0
0
0
0
0
0
0
0
0
0
0
0
0
0
0
0
0
0
0
0
0
0
0
0
0
0
0
0
0
0
0
0
0
0
0
0
0
0
0
0
0
0
0
0
0
0
0
0
0
0
0
0
0
0
0
0
0
0
0
0
0
0
0
0
0
0
0
0
0
0
0
0
0
0
0
0
0
0
0
0
0
0
0
0
0
0
0
0
0
0
0
0
0
0
0
0
0
0
0
0
0
0
0
0
0
0
0
0
0
0
0
0
0
0
0
0
0
0
0
0
0
0
0
0
0
0
0
0
0
0
0
0
0
0
0
0
0
0
0
0
0
0
0
0
0
0
0
0
0
0
0
0
0
0
0
0
0
0
0
0
0
0
0
0
0
0
0
0
0
0
0
0
0
0
0
0
0
0
0
0
0
0
0
0
0
0
0
0
0
0
0
0
0
0
0
0
0
0
0
0
0
0
0
0
0
0
0
0
0
0
0
0
0
0
0
0
0
0
0
0
0
0
0
0
0
0
0
0
0
0
0
0
0
0
0
0
0
0
0
0
0
0
0
0
0
0
0
0
0
0
0
0
0
0
0
0
0
0
0
0
0
0
0
0
0
0
0
0
0
0
0
0
0
0
0
0
0
0
0
0
0
0
0
0
0
0
0
0
0
0
0
0
0
0
0
0
0
0
0
0
0
0
0
0
0
0
0
0
$MCA_CAL:
3
-1.4656616 2.9313233 0.00000000000000
$ENER_FIT:
-1.4656616 2.9313233 0.00000000000000
$MCA_CAL_DATA:
3
298 872
597 1749
896 2625
$CAMBIO:
Parent file specification: C:\GADRAS-DRF\Temp\parallelGUI3\99MO_50.0_300.0_iron_1.53_7.0.pcf
Successful read of spectrum: Yes
Error message: None
Warning: None
Information: None
Neutrons: 0
Number of spectral records in the parent file: 1
Record number of this spectrum in the parent file: 1
Date and time of acquisition read successfully from the original file: Yes
Live time read successfully from the original file: Yes
True time read successfully from the original file: Yes
GADRAS Tag character is:  
Version: 130122
Parent file type: Sandia GADRAS PCF
