$SPEC_ID:
99MO,1uC{0,0}
$MEAS_TIM:
3600.00 3600.00
$DATE_MEA:
3/9/2018 5:22:25 PM
$DATA:
0 1193
104.081
117.636
109.368
97.589
85.520
207.374
391.470
117.295
37.753
30.095
28.218
32.633
48.026
62.783
48.914
30.034
25.793
26.760
28.102
29.385
30.622
31.844
33.006
34.313
36.055
38.438
41.795
46.199
50.960
54.663
56.408
57.064
57.579
58.119
58.297
57.690
56.357
54.880
53.836
53.385
53.283
53.393
54.209
56.999
63.166
72.753
82.985
88.848
86.665
76.793
63.687
52.023
44.131
39.876
38.168
38.540
41.210
46.764
55.196
65.036
73.260
76.618
73.455
64.529
52.733
41.238
32.172
26.109
22.544
20.578
19.435
18.684
18.096
17.580
17.090
16.606
16.130
15.665
15.208
14.761
14.332
13.919
13.516
13.113
12.702
12.314
11.982
11.686
11.395
11.104
10.816
10.543
10.298
10.070
9.844
9.617
9.389
9.166
8.954
8.752
8.552
8.351
8.147
7.944
7.755
7.589
7.435
7.278
7.118
6.965
6.825
6.704
6.604
6.536
6.510
6.547
6.672
6.904
7.238
7.661
8.136
8.609
9.023
9.308
9.401
9.280
8.954
8.446
7.817
7.137
6.465
5.848
5.325
4.904
4.577
4.337
4.167
4.052
3.974
3.920
3.873
3.832
3.799
3.778
3.767
3.757
3.746
3.734
3.726
3.722
3.723
3.726
3.731
3.737
3.744
3.753
3.763
3.775
3.790
3.806
3.821
3.835
3.849
3.865
3.882
3.900
3.913
3.921
3.923
3.923
3.923
3.921
3.912
3.892
3.860
3.817
3.766
3.707
3.638
3.559
3.467
3.365
3.253
3.135
3.013
2.888
2.762
2.639
2.520
2.409
2.309
2.217
2.132
2.050
1.971
1.895
1.822
1.754
1.691
1.632
1.578
1.527
1.481
1.438
1.398
1.361
1.326
1.294
1.264
1.236
1.208
1.182
1.157
1.132
1.108
1.084
1.061
1.039
1.018
0.998
0.978
0.960
0.944
0.929
0.916
0.907
0.902
0.903
0.914
0.938
0.980
1.045
1.142
1.282
1.475
1.733
2.066
2.488
3.010
3.644
4.388
5.236
6.179
7.209
8.300
9.413
10.511
11.554
12.504
13.325
13.981
14.434
14.664
14.685
14.513
14.164
13.657
13.025
12.304
11.529
10.736
9.943
9.163
8.406
7.683
7.001
6.357
5.748
5.170
4.621
4.101
3.610
3.151
2.724
2.329
1.970
1.647
1.362
1.116
0.908
0.733
0.588
0.469
0.374
0.299
0.240
0.193
0.156
0.126
0.103
0.084
0.069
0.057
0.047
0.039
0.032
0.027
0.022
0.018
0.015
0.013
0.011
0.010
0.009
0.008
0.008
0.008
0.009
0.010
0.011
0.013
0.015
0.017
0.020
0.024
0.027
0.032
0.036
0.040
0.045
0.049
0.054
0.058
0.061
0.064
0.067
0.068
0.069
0.069
0.068
0.066
0.064
0.061
0.057
0.053
0.049
0.045
0.041
0.036
0.032
0.028
0.024
0.021
0.018
0.016
0.013
0.011
0.009
0.008
0.007
0.006
0.005
0.004
0.003
0.003
0.003
0.002
0.002
0.002
0.001
0.001
0.001
0.001
0.001
0.001
0.001
0.001
0.001
0.001
0.000
0.000
0.000
0.000
0.000
0.000
0.000
0.000
0.000
0.000
0.000
0.000
0.000
0.000
0.000
0.000
0.000
0.000
0.000
0.000
0.000
0.000
0.000
0.000
0.000
0.000
0.000
0.000
0.000
0.000
0.000
0.000
0.000
-0.000
-0.000
-0.000
-0.000
-0.000
0.000
0.000
0.000
0.000
0.000
0.000
0.000
0.000
0.000
0.000
0
0
0
0
0
0
0
0
0
0
0
0
0
0
0
0
0
0
0
0
0
0
0
0
0
0
0
0
0
0
0
0
0
0
0
0
0
0
0
0
0
0
0
0
0
0
0
0
0
0
0
0
0
0
0
0
0
0
0
0
0
0
0
0
0
0
0
0
0
0
0
0
0
0
0
0
0
0
0
0
0
0
0
0
0
0
0
0
0
0
0
0
0
0
0
0
0
0
0
0
0
0
0
0
0
0
0
0
0
0
0
0
0
0
0
0
0
0
0
0
0
0
0
0
0
0
0
0
0
0
0
0
0
0
0
0
0
0
0
0
0
0
0
0
0
0
0
0
0
0
0
0
0
0
0
0
0
0
0
0
0
0
0
0
0
0
0
0
0
0
0
0
0
0
0
0
0
0
0
0
0
0
0
0
0
0
0
0
0
0
0
0
0
0
0
0
0
0
0
0
0
0
0
0
0
0
0
0
0
0
0
0
0
0
0
0
0
0
0
0
0
0
0
0
0
0
0
0
0
0
0
0
0
0
0
0
0
0
0
0
0
0
0
0
0
0
0
0
0
0
0
0
0
0
0
0
0
0
0
0
0
0
0
0
0
0
0
0
0
0
0
0
0
0
0
0
0
0
0
0
0
0
0
0
0
0
0
0
0
0
0
0
0
0
0
0
0
0
0
0
0
0
0
0
0
0
0
0
0
0
0
0
0
0
0
0
0
0
0
0
0
0
0
0
0
0
0
0
0
0
0
0
0
0
0
0
0
0
0
0
0
0
0
0
0
0
0
0
0
0
0
0
0
0
0
0
0
0
0
0
0
0
0
0
0
0
0
0
0
0
0
0
0
0
0
0
0
0
0
0
0
0
0
0
0
0
0
0
0
0
0
0
0
0
0
0
0
0
0
0
0
0
0
0
0
0
0
0
0
0
0
0
0
0
0
0
0
0
0
0
0
0
0
0
0
0
0
0
0
0
0
0
0
0
0
0
0
0
0
0
0
0
0
0
0
0
0
0
0
0
0
0
0
0
0
0
0
0
0
0
0
0
0
0
0
0
0
0
0
0
0
0
0
0
0
0
0
0
0
0
0
0
0
0
0
0
0
0
0
0
0
0
0
0
0
0
0
0
0
0
0
0
0
0
0
0
0
0
0
0
0
0
0
0
0
0
0
0
0
0
0
0
0
0
0
0
0
0
0
0
0
0
0
0
0
0
0
0
0
0
0
0
0
0
0
0
0
0
0
0
0
0
0
0
0
0
0
0
0
0
0
0
0
0
0
0
0
0
0
0
0
0
0
0
0
0
0
0
0
0
0
0
0
0
0
0
0
0
0
0
0
0
0
0
0
0
0
0
0
0
0
0
0
0
0
0
0
0
0
0
0
0
0
0
0
0
0
0
0
0
0
0
0
0
0
0
0
0
0
0
0
0
0
0
0
0
0
0
0
0
0
0
0
0
0
0
0
0
0
0
0
0
0
0
0
0
0
0
0
0
0
0
0
0
0
0
0
0
0
0
0
0
0
0
0
0
0
0
0
0
0
0
0
0
0
0
0
0
0
0
0
0
0
0
0
0
0
0
0
0
0
0
0
0
0
0
0
0
0
0
0
0
0
0
0
0
0
0
0
0
0
0
0
0
0
0
0
0
0
0
0
0
0
0
0
0
0
0
0
0
0
0
0
0
0
0
0
0
0
0
0
0
0
0
0
0
0
0
0
0
0
0
0
0
0
0
0
0
0
0
0
0
0
0
0
0
0
$MCA_CAL:
3
-1.4656616 2.9313233 0.00000000000000
$ENER_FIT:
-1.4656616 2.9313233 0.00000000000000
$MCA_CAL_DATA:
3
298 872
597 1749
896 2625
$CAMBIO:
Parent file specification: C:\GADRAS-DRF\Temp\parallelGUI3\99MO_75.0_175.0_none_0_7.0.pcf
Successful read of spectrum: Yes
Error message: None
Warning: None
Information: None
Neutrons: 0
Number of spectral records in the parent file: 1
Record number of this spectrum in the parent file: 1
Date and time of acquisition read successfully from the original file: Yes
Live time read successfully from the original file: Yes
True time read successfully from the original file: Yes
GADRAS Tag character is:  
Version: 130122
Parent file type: Sandia GADRAS PCF
