$SPEC_ID:
99MO,1uC{26,11.02}
$MEAS_TIM:
3600.00 3600.00
$DATE_MEA:
3/9/2018 5:22:25 PM
$DATA:
0 1193
31.776
31.787
29.053
49.381
41.568
34.838
29.375
24.745
21.165
18.604
16.989
15.693
14.816
14.700
14.669
14.737
15.074
15.702
16.481
17.354
18.412
19.499
20.450
21.035
21.706
22.437
23.323
24.334
25.465
26.485
27.238
27.845
28.362
28.591
28.679
28.585
28.313
27.984
27.622
27.382
27.212
27.048
26.926
27.009
27.570
28.703
30.087
30.951
30.604
29.218
27.477
26.091
25.266
24.781
24.502
24.460
24.807
25.754
27.399
29.387
30.970
31.346
30.209
27.794
24.761
22.004
19.923
18.528
17.582
16.887
16.310
15.783
15.281
14.796
14.313
13.835
13.389
12.988
12.635
12.304
11.976
11.650
11.327
11.004
10.685
10.378
10.085
9.805
9.534
9.267
9.003
8.740
8.481
8.242
8.048
7.887
7.725
7.558
7.395
7.239
7.084
6.928
6.771
6.618
6.471
6.332
6.196
6.062
5.927
5.792
5.667
5.561
5.470
5.389
5.321
5.272
5.254
5.281
5.357
5.476
5.626
5.779
5.904
5.973
5.959
5.852
5.659
5.397
5.093
4.778
4.480
4.218
4.006
3.840
3.712
3.614
3.543
3.493
3.455
3.422
3.390
3.360
3.333
3.309
3.289
3.270
3.252
3.234
3.216
3.200
3.187
3.176
3.165
3.154
3.144
3.134
3.126
3.119
3.113
3.107
3.101
3.095
3.089
3.084
3.080
3.077
3.072
3.064
3.054
3.043
3.030
3.016
2.999
2.980
2.956
2.927
2.889
2.846
2.799
2.750
2.699
2.643
2.582
2.516
2.447
2.376
2.305
2.236
2.172
2.113
2.058
2.007
1.958
1.911
1.868
1.826
1.787
1.750
1.716
1.684
1.655
1.628
1.602
1.578
1.556
1.535
1.515
1.497
1.479
1.462
1.445
1.429
1.414
1.399
1.385
1.371
1.358
1.345
1.333
1.321
1.309
1.298
1.287
1.277
1.267
1.259
1.252
1.247
1.244
1.244
1.248
1.260
1.284
1.322
1.382
1.471
1.597
1.766
1.986
2.262
2.598
2.998
3.455
3.962
4.509
5.085
5.661
6.211
6.706
7.122
7.442
7.652
7.735
7.688
7.531
7.278
6.948
6.561
6.136
5.694
5.257
4.835
4.434
4.055
3.700
3.371
3.063
2.772
2.493
2.224
1.966
1.720
1.487
1.268
1.067
0.884
0.724
0.587
0.473
0.378
0.300
0.238
0.189
0.151
0.122
0.099
0.080
0.066
0.055
0.046
0.038
0.032
0.027
0.023
0.019
0.016
0.014
0.012
0.010
0.009
0.008
0.007
0.007
0.006
0.006
0.006
0.006
0.006
0.006
0.007
0.008
0.009
0.010
0.012
0.013
0.015
0.018
0.020
0.022
0.025
0.028
0.030
0.033
0.035
0.037
0.038
0.039
0.039
0.039
0.038
0.037
0.035
0.033
0.031
0.029
0.026
0.024
0.021
0.018
0.016
0.014
0.012
0.010
0.009
0.007
0.006
0.005
0.004
0.004
0.003
0.002
0.002
0.002
0.002
0.001
0.001
0.001
0.001
0.001
0.001
0.001
0.001
0.001
0.000
0.000
0.000
0.000
0.000
0.000
0.000
0.000
0.000
0.000
0.000
0.000
0.000
0.000
0.000
0.000
0.000
0.000
0.000
0.000
0.000
0.000
0.000
0.000
0.000
0.000
0.000
0.000
0.000
0.000
0.000
0.000
0.000
0.000
0.000
0.000
0.000
0.000
-0.000
-0.000
-0.000
-0.000
-0.000
-0.000
0.000
0.000
0.000
0.000
0.000
0.000
0.000
0.000
0
0
0
0
0
0
0
0
0
0
0
0
0
0
0
0
0
0
0
0
0
0
0
0
0
0
0
0
0
0
0
0
0
0
0
0
0
0
0
0
0
0
0
0
0
0
0
0
0
0
0
0
0
0
0
0
0
0
0
0
0
0
0
0
0
0
0
0
0
0
0
0
0
0
0
0
0
0
0
0
0
0
0
0
0
0
0
0
0
0
0
0
0
0
0
0
0
0
0
0
0
0
0
0
0
0
0
0
0
0
0
0
0
0
0
0
0
0
0
0
0
0
0
0
0
0
0
0
0
0
0
0
0
0
0
0
0
0
0
0
0
0
0
0
0
0
0
0
0
0
0
0
0
0
0
0
0
0
0
0
0
0
0
0
0
0
0
0
0
0
0
0
0
0
0
0
0
0
0
0
0
0
0
0
0
0
0
0
0
0
0
0
0
0
0
0
0
0
0
0
0
0
0
0
0
0
0
0
0
0
0
0
0
0
0
0
0
0
0
0
0
0
0
0
0
0
0
0
0
0
0
0
0
0
0
0
0
0
0
0
0
0
0
0
0
0
0
0
0
0
0
0
0
0
0
0
0
0
0
0
0
0
0
0
0
0
0
0
0
0
0
0
0
0
0
0
0
0
0
0
0
0
0
0
0
0
0
0
0
0
0
0
0
0
0
0
0
0
0
0
0
0
0
0
0
0
0
0
0
0
0
0
0
0
0
0
0
0
0
0
0
0
0
0
0
0
0
0
0
0
0
0
0
0
0
0
0
0
0
0
0
0
0
0
0
0
0
0
0
0
0
0
0
0
0
0
0
0
0
0
0
0
0
0
0
0
0
0
0
0
0
0
0
0
0
0
0
0
0
0
0
0
0
0
0
0
0
0
0
0
0
0
0
0
0
0
0
0
0
0
0
0
0
0
0
0
0
0
0
0
0
0
0
0
0
0
0
0
0
0
0
0
0
0
0
0
0
0
0
0
0
0
0
0
0
0
0
0
0
0
0
0
0
0
0
0
0
0
0
0
0
0
0
0
0
0
0
0
0
0
0
0
0
0
0
0
0
0
0
0
0
0
0
0
0
0
0
0
0
0
0
0
0
0
0
0
0
0
0
0
0
0
0
0
0
0
0
0
0
0
0
0
0
0
0
0
0
0
0
0
0
0
0
0
0
0
0
0
0
0
0
0
0
0
0
0
0
0
0
0
0
0
0
0
0
0
0
0
0
0
0
0
0
0
0
0
0
0
0
0
0
0
0
0
0
0
0
0
0
0
0
0
0
0
0
0
0
0
0
0
0
0
0
0
0
0
0
0
0
0
0
0
0
0
0
0
0
0
0
0
0
0
0
0
0
0
0
0
0
0
0
0
0
0
0
0
0
0
0
0
0
0
0
0
0
0
0
0
0
0
0
0
0
0
0
0
0
0
0
0
0
0
0
0
0
0
0
0
0
0
0
0
0
0
0
0
0
0
0
0
0
0
0
0
0
0
0
0
0
0
0
0
0
0
0
0
0
0
0
0
0
0
0
0
0
0
0
0
0
0
0
0
0
0
0
0
0
0
0
0
0
0
0
0
0
0
0
0
0
0
0
0
0
0
0
0
0
0
0
0
0
0
0
0
0
0
0
0
0
0
0
0
0
0
0
0
0
0
0
0
0
0
0
0
0
0
0
0
0
0
0
0
0
0
0
0
0
0
0
0
0
0
0
0
0
0
0
0
0
0
0
0
0
0
0
0
0
0
0
0
0
0
0
0
0
0
0
0
0
$MCA_CAL:
3
-1.4656616 2.9313233 0.00000000000000
$ENER_FIT:
-1.4656616 2.9313233 0.00000000000000
$MCA_CAL_DATA:
3
298 872
597 1749
896 2625
$CAMBIO:
Parent file specification: C:\GADRAS-DRF\Temp\parallelGUI3\99MO_75.0_175.0_iron_11.02_6.5.pcf
Successful read of spectrum: Yes
Error message: None
Warning: None
Information: None
Neutrons: 0
Number of spectral records in the parent file: 1
Record number of this spectrum in the parent file: 1
Date and time of acquisition read successfully from the original file: Yes
Live time read successfully from the original file: Yes
True time read successfully from the original file: Yes
GADRAS Tag character is:  
Version: 130122
Parent file type: Sandia GADRAS PCF
