$SPEC_ID:
99MO,1uC{82,0.22}
$MEAS_TIM:
3600.00 3600.00
$DATE_MEA:
3/9/2018 5:22:25 PM
$DATA:
0 1193
61.847
65.439
60.710
53.367
44.624
36.734
30.693
25.489
21.041
18.127
16.295
15.145
14.850
15.551
15.193
14.740
15.170
15.959
16.729
17.463
18.236
19.047
19.834
20.662
21.651
22.801
24.246
26.096
28.261
30.080
31.150
31.764
32.316
32.804
32.999
32.752
32.069
31.266
30.674
30.357
30.162
29.951
29.838
30.314
32.049
35.283
39.085
41.380
40.373
36.349
31.290
27.091
24.461
23.049
22.327
22.184
22.895
24.904
28.460
32.984
36.962
38.570
36.853
32.351
26.586
21.346
17.515
15.203
13.933
13.254
12.836
12.528
12.247
11.957
11.648
11.325
11.004
10.689
10.376
10.067
9.765
9.466
9.168
8.868
8.578
8.308
8.064
7.846
7.647
7.457
7.269
7.086
6.922
6.777
6.634
6.488
6.340
6.196
6.062
5.936
5.811
5.686
5.562
5.441
5.326
5.217
5.111
5.006
4.902
4.800
4.699
4.603
4.514
4.437
4.380
4.351
4.366
4.446
4.599
4.812
5.069
5.335
5.572
5.736
5.782
5.686
5.461
5.125
4.719
4.292
3.881
3.514
3.214
2.976
2.792
2.655
2.557
2.491
2.444
2.403
2.363
2.326
2.295
2.270
2.249
2.232
2.217
2.202
2.186
2.173
2.164
2.157
2.151
2.145
2.139
2.136
2.134
2.135
2.136
2.137
2.139
2.140
2.143
2.147
2.152
2.157
2.161
2.163
2.162
2.159
2.156
2.151
2.144
2.135
2.120
2.099
2.070
2.034
1.993
1.948
1.898
1.843
1.781
1.714
1.643
1.570
1.498
1.428
1.363
1.304
1.250
1.200
1.154
1.110
1.069
1.029
0.991
0.956
0.922
0.891
0.861
0.834
0.809
0.787
0.766
0.746
0.728
0.711
0.695
0.680
0.665
0.651
0.637
0.624
0.611
0.598
0.586
0.574
0.562
0.551
0.541
0.530
0.521
0.512
0.504
0.497
0.491
0.488
0.487
0.490
0.500
0.519
0.553
0.604
0.679
0.787
0.936
1.134
1.389
1.708
2.099
2.565
3.099
3.693
4.334
5.009
5.688
6.338
6.930
7.436
7.836
8.112
8.244
8.231
8.089
7.837
7.494
7.080
6.623
6.145
5.672
5.219
4.788
4.382
4.002
3.649
3.318
3.003
2.702
2.410
2.131
1.864
1.611
1.375
1.157
0.960
0.786
0.637
0.511
0.407
0.322
0.254
0.201
0.160
0.128
0.103
0.084
0.068
0.056
0.046
0.038
0.032
0.026
0.022
0.018
0.015
0.012
0.010
0.008
0.007
0.006
0.005
0.004
0.004
0.004
0.004
0.004
0.004
0.004
0.005
0.006
0.007
0.008
0.010
0.012
0.014
0.016
0.018
0.021
0.024
0.027
0.029
0.032
0.034
0.036
0.038
0.039
0.039
0.039
0.039
0.038
0.036
0.034
0.032
0.029
0.027
0.024
0.021
0.019
0.016
0.014
0.012
0.010
0.009
0.007
0.006
0.005
0.004
0.004
0.003
0.003
0.002
0.002
0.002
0.001
0.001
0.001
0.001
0.001
0.001
0.001
0.001
0.001
0.000
0.000
0.000
0.000
0.000
0.000
0.000
0.000
0.000
0.000
0.000
0.000
0.000
0.000
0.000
0.000
0.000
0.000
0.000
0.000
0.000
0.000
0.000
0.000
0.000
0.000
0.000
0.000
0.000
0.000
0.000
0.000
0.000
0.000
0.000
0.000
0.000
0.000
-0.000
-0.000
-0.000
-0.000
-0.000
-0.000
0.000
0.000
0.000
0.000
0.000
0.000
0.000
0.000
0
0
0
0
0
0
0
0
0
0
0
0
0
0
0
0
0
0
0
0
0
0
0
0
0
0
0
0
0
0
0
0
0
0
0
0
0
0
0
0
0
0
0
0
0
0
0
0
0
0
0
0
0
0
0
0
0
0
0
0
0
0
0
0
0
0
0
0
0
0
0
0
0
0
0
0
0
0
0
0
0
0
0
0
0
0
0
0
0
0
0
0
0
0
0
0
0
0
0
0
0
0
0
0
0
0
0
0
0
0
0
0
0
0
0
0
0
0
0
0
0
0
0
0
0
0
0
0
0
0
0
0
0
0
0
0
0
0
0
0
0
0
0
0
0
0
0
0
0
0
0
0
0
0
0
0
0
0
0
0
0
0
0
0
0
0
0
0
0
0
0
0
0
0
0
0
0
0
0
0
0
0
0
0
0
0
0
0
0
0
0
0
0
0
0
0
0
0
0
0
0
0
0
0
0
0
0
0
0
0
0
0
0
0
0
0
0
0
0
0
0
0
0
0
0
0
0
0
0
0
0
0
0
0
0
0
0
0
0
0
0
0
0
0
0
0
0
0
0
0
0
0
0
0
0
0
0
0
0
0
0
0
0
0
0
0
0
0
0
0
0
0
0
0
0
0
0
0
0
0
0
0
0
0
0
0
0
0
0
0
0
0
0
0
0
0
0
0
0
0
0
0
0
0
0
0
0
0
0
0
0
0
0
0
0
0
0
0
0
0
0
0
0
0
0
0
0
0
0
0
0
0
0
0
0
0
0
0
0
0
0
0
0
0
0
0
0
0
0
0
0
0
0
0
0
0
0
0
0
0
0
0
0
0
0
0
0
0
0
0
0
0
0
0
0
0
0
0
0
0
0
0
0
0
0
0
0
0
0
0
0
0
0
0
0
0
0
0
0
0
0
0
0
0
0
0
0
0
0
0
0
0
0
0
0
0
0
0
0
0
0
0
0
0
0
0
0
0
0
0
0
0
0
0
0
0
0
0
0
0
0
0
0
0
0
0
0
0
0
0
0
0
0
0
0
0
0
0
0
0
0
0
0
0
0
0
0
0
0
0
0
0
0
0
0
0
0
0
0
0
0
0
0
0
0
0
0
0
0
0
0
0
0
0
0
0
0
0
0
0
0
0
0
0
0
0
0
0
0
0
0
0
0
0
0
0
0
0
0
0
0
0
0
0
0
0
0
0
0
0
0
0
0
0
0
0
0
0
0
0
0
0
0
0
0
0
0
0
0
0
0
0
0
0
0
0
0
0
0
0
0
0
0
0
0
0
0
0
0
0
0
0
0
0
0
0
0
0
0
0
0
0
0
0
0
0
0
0
0
0
0
0
0
0
0
0
0
0
0
0
0
0
0
0
0
0
0
0
0
0
0
0
0
0
0
0
0
0
0
0
0
0
0
0
0
0
0
0
0
0
0
0
0
0
0
0
0
0
0
0
0
0
0
0
0
0
0
0
0
0
0
0
0
0
0
0
0
0
0
0
0
0
0
0
0
0
0
0
0
0
0
0
0
0
0
0
0
0
0
0
0
0
0
0
0
0
0
0
0
0
0
0
0
0
0
0
0
0
0
0
0
0
0
0
0
0
0
0
0
0
0
0
0
0
0
0
0
0
0
0
0
0
0
0
0
0
0
0
0
0
0
0
0
0
0
0
0
0
0
0
0
0
0
0
0
0
0
0
0
0
0
0
0
0
0
0
0
0
0
0
0
0
0
0
0
0
0
0
0
0
0
0
0
0
0
0
0
0
0
$MCA_CAL:
3
-1.4656616 2.9313233 0.00000000000000
$ENER_FIT:
-1.4656616 2.9313233 0.00000000000000
$MCA_CAL_DATA:
3
298 872
597 1749
896 2625
$CAMBIO:
Parent file specification: C:\GADRAS-DRF\Temp\parallelGUI3\99MO_75.0_237.5_lead_0.22_6.5.pcf
Successful read of spectrum: Yes
Error message: None
Warning: None
Information: None
Neutrons: 0
Number of spectral records in the parent file: 1
Record number of this spectrum in the parent file: 1
Date and time of acquisition read successfully from the original file: Yes
Live time read successfully from the original file: Yes
True time read successfully from the original file: Yes
GADRAS Tag character is:  
Version: 130122
Parent file type: Sandia GADRAS PCF
