$SPEC_ID:
99MO,1uC{82,0.51}
$MEAS_TIM:
3600.00 3600.00
$DATE_MEA:
3/9/2018 5:22:25 PM
$DATA:
0 1193
34.191
35.331
32.697
29.214
24.865
20.845
17.583
14.696
12.195
10.552
9.507
8.700
8.122
8.143
8.177
8.242
8.515
8.941
9.351
9.748
10.121
10.514
10.927
11.388
11.921
12.510
13.181
13.927
14.735
15.531
16.197
16.710
17.097
17.323
17.346
17.185
16.906
16.598
16.338
16.157
16.038
15.958
15.965
16.159
16.604
17.240
17.877
18.218
17.979
17.232
16.210
15.195
14.375
13.845
13.614
13.709
14.158
14.970
16.056
17.215
18.077
18.295
17.756
16.535
14.923
13.224
11.720
10.538
9.700
9.136
8.748
8.472
8.253
8.055
7.852
7.645
7.443
7.246
7.052
6.859
6.666
6.474
6.283
6.095
5.911
5.734
5.569
5.415
5.269
5.125
4.983
4.847
4.716
4.590
4.467
4.346
4.223
4.101
3.983
3.869
3.756
3.642
3.529
3.419
3.316
3.219
3.127
3.040
2.956
2.874
2.798
2.735
2.686
2.649
2.624
2.616
2.629
2.669
2.730
2.804
2.883
2.954
3.007
3.033
3.024
2.974
2.883
2.758
2.606
2.438
2.265
2.101
1.953
1.823
1.713
1.624
1.554
1.500
1.460
1.431
1.408
1.388
1.372
1.358
1.348
1.340
1.334
1.328
1.321
1.316
1.312
1.310
1.309
1.308
1.308
1.307
1.308
1.309
1.311
1.314
1.317
1.319
1.320
1.323
1.326
1.330
1.334
1.335
1.334
1.329
1.323
1.317
1.311
1.303
1.293
1.279
1.260
1.237
1.210
1.182
1.153
1.121
1.087
1.052
1.014
0.976
0.937
0.899
0.862
0.827
0.793
0.762
0.732
0.704
0.678
0.653
0.629
0.607
0.586
0.567
0.549
0.532
0.516
0.501
0.488
0.475
0.462
0.451
0.440
0.430
0.420
0.411
0.402
0.394
0.386
0.378
0.371
0.364
0.357
0.351
0.346
0.341
0.337
0.335
0.335
0.336
0.341
0.351
0.366
0.388
0.418
0.459
0.513
0.583
0.670
0.777
0.906
1.058
1.235
1.437
1.661
1.904
2.164
2.438
2.717
2.995
3.263
3.513
3.738
3.932
4.091
4.207
4.275
4.295
4.271
4.205
4.101
3.964
3.799
3.611
3.407
3.194
2.976
2.758
2.542
2.330
2.125
1.930
1.744
1.568
1.403
1.248
1.103
0.968
0.844
0.731
0.628
0.536
0.454
0.381
0.318
0.263
0.217
0.177
0.144
0.117
0.095
0.077
0.062
0.050
0.041
0.033
0.027
0.022
0.018
0.015
0.012
0.010
0.009
0.007
0.006
0.005
0.005
0.004
0.004
0.004
0.004
0.004
0.005
0.005
0.006
0.006
0.007
0.008
0.009
0.010
0.011
0.012
0.013
0.014
0.015
0.016
0.017
0.018
0.019
0.019
0.020
0.020
0.020
0.020
0.019
0.019
0.018
0.017
0.016
0.015
0.014
0.013
0.012
0.011
0.010
0.009
0.008
0.007
0.006
0.005
0.005
0.004
0.003
0.003
0.003
0.002
0.002
0.002
0.001
0.001
0.001
0.001
0.001
0.001
0.001
0.000
0.000
0.000
0.000
0.000
0.000
0.000
0.000
0.000
0.000
0.000
0.000
0.000
0.000
0.000
0.000
0.000
0.000
0.000
0.000
0.000
0.000
0.000
0.000
0.000
0.000
0.000
0.000
0.000
0.000
0.000
0.000
0.000
0.000
0.000
0.000
0.000
0.000
0.000
0.000
0.000
0.000
0.000
0.000
0.000
0.000
0.000
-0.000
-0.000
-0.000
-0.000
-0.000
-0.000
0.000
0.000
0.000
0.000
0.000
0.000
0.000
-0.000
-0.000
-0.000
-0.000
-0.000
-0.000
-0.000
0.000
0.000
0.000
0.000
0
0
0
0
0
0
0
0
0
0
0
0
0
0
0
0
0
0
0
0
0
0
0
0
0
0
0
0
0
0
0
0
0
0
0
0
0
0
0
0
0
0
0
0
0
0
0
0
0
0
0
0
0
0
0
0
0
0
0
0
0
0
0
0
0
0
0
0
0
0
0
0
0
0
0
0
0
0
0
0
0
0
0
0
0
0
0
0
0
0
0
0
0
0
0
0
0
0
0
0
0
0
0
0
0
0
0
0
0
0
0
0
0
0
0
0
0
0
0
0
0
0
0
0
0
0
0
0
0
0
0
0
0
0
0
0
0
0
0
0
0
0
0
0
0
0
0
0
0
0
0
0
0
0
0
0
0
0
0
0
0
0
0
0
0
0
0
0
0
0
0
0
0
0
0
0
0
0
0
0
0
0
0
0
0
0
0
0
0
0
0
0
0
0
0
0
0
0
0
0
0
0
0
0
0
0
0
0
0
0
0
0
0
0
0
0
0
0
0
0
0
0
0
0
0
0
0
0
0
0
0
0
0
0
0
0
0
0
0
0
0
0
0
0
0
0
0
0
0
0
0
0
0
0
0
0
0
0
0
0
0
0
0
0
0
0
0
0
0
0
0
0
0
0
0
0
0
0
0
0
0
0
0
0
0
0
0
0
0
0
0
0
0
0
0
0
0
0
0
0
0
0
0
0
0
0
0
0
0
0
0
0
0
0
0
0
0
0
0
0
0
0
0
0
0
0
0
0
0
0
0
0
0
0
0
0
0
0
0
0
0
0
0
0
0
0
0
0
0
0
0
0
0
0
0
0
0
0
0
0
0
0
0
0
0
0
0
0
0
0
0
0
0
0
0
0
0
0
0
0
0
0
0
0
0
0
0
0
0
0
0
0
0
0
0
0
0
0
0
0
0
0
0
0
0
0
0
0
0
0
0
0
0
0
0
0
0
0
0
0
0
0
0
0
0
0
0
0
0
0
0
0
0
0
0
0
0
0
0
0
0
0
0
0
0
0
0
0
0
0
0
0
0
0
0
0
0
0
0
0
0
0
0
0
0
0
0
0
0
0
0
0
0
0
0
0
0
0
0
0
0
0
0
0
0
0
0
0
0
0
0
0
0
0
0
0
0
0
0
0
0
0
0
0
0
0
0
0
0
0
0
0
0
0
0
0
0
0
0
0
0
0
0
0
0
0
0
0
0
0
0
0
0
0
0
0
0
0
0
0
0
0
0
0
0
0
0
0
0
0
0
0
0
0
0
0
0
0
0
0
0
0
0
0
0
0
0
0
0
0
0
0
0
0
0
0
0
0
0
0
0
0
0
0
0
0
0
0
0
0
0
0
0
0
0
0
0
0
0
0
0
0
0
0
0
0
0
0
0
0
0
0
0
0
0
0
0
0
0
0
0
0
0
0
0
0
0
0
0
0
0
0
0
0
0
0
0
0
0
0
0
0
0
0
0
0
0
0
0
0
0
0
0
0
0
0
0
0
0
0
0
0
0
0
0
0
0
0
0
0
0
0
0
0
0
0
0
0
0
0
0
0
0
0
0
0
0
0
0
0
0
0
0
0
0
0
0
0
0
0
0
0
0
0
0
0
0
0
0
0
0
0
0
0
0
0
0
0
0
0
0
0
0
0
0
0
0
0
0
0
0
0
0
0
0
0
0
0
0
0
0
0
0
0
0
0
0
0
0
0
0
0
0
0
0
0
0
0
0
0
0
0
$MCA_CAL:
3
-1.4656616 2.9313233 0.00000000000000
$ENER_FIT:
-1.4656616 2.9313233 0.00000000000000
$MCA_CAL_DATA:
3
298 872
597 1749
896 2625
$CAMBIO:
Parent file specification: C:\GADRAS-DRF\Temp\parallelGUI3\99MO_100.0_300.0_lead_0.51_8.0.pcf
Successful read of spectrum: Yes
Error message: None
Warning: None
Information: None
Neutrons: 0
Number of spectral records in the parent file: 1
Record number of this spectrum in the parent file: 1
Date and time of acquisition read successfully from the original file: Yes
Live time read successfully from the original file: Yes
True time read successfully from the original file: Yes
GADRAS Tag character is:  
Version: 130122
Parent file type: Sandia GADRAS PCF
