$SPEC_ID:
99MO,1uC{82,0.92}
$MEAS_TIM:
3600.00 3600.00
$DATE_MEA:
3/9/2018 5:22:25 PM
$DATA:
0 1193
46.407
45.687
41.866
38.614
32.976
27.935
23.855
20.149
16.799
14.633
13.203
11.980
11.002
10.897
10.818
10.768
11.035
11.485
11.920
12.362
12.769
13.210
13.655
14.131
14.677
15.234
15.821
16.410
17.067
17.782
18.448
18.992
19.418
19.696
19.809
19.756
19.572
19.352
19.182
19.101
19.088
19.067
19.106
19.310
19.718
20.280
20.887
21.253
21.172
20.649
19.897
19.138
18.512
18.035
17.744
17.710
18.031
18.782
19.932
21.242
22.286
22.596
22.023
20.672
18.912
17.105
15.553
14.369
13.554
12.982
12.548
12.205
11.906
11.603
11.286
10.963
10.642
10.331
10.028
9.733
9.445
9.165
8.886
8.605
8.334
8.088
7.868
7.669
7.484
7.304
7.131
6.969
6.820
6.682
6.551
6.424
6.298
6.176
6.065
5.963
5.865
5.765
5.667
5.571
5.479
5.391
5.307
5.225
5.143
5.064
4.991
4.926
4.872
4.834
4.815
4.824
4.864
4.939
5.052
5.190
5.341
5.487
5.603
5.666
5.661
5.584
5.432
5.217
4.960
4.680
4.395
4.126
3.888
3.683
3.513
3.378
3.272
3.190
3.128
3.078
3.035
2.994
2.957
2.923
2.893
2.864
2.836
2.807
2.779
2.751
2.723
2.696
2.669
2.641
2.614
2.589
2.568
2.548
2.530
2.511
2.493
2.475
2.460
2.448
2.438
2.428
2.418
2.407
2.394
2.380
2.363
2.344
2.323
2.298
2.270
2.238
2.199
2.156
2.107
2.053
1.995
1.933
1.867
1.799
1.728
1.656
1.585
1.516
1.449
1.386
1.327
1.272
1.220
1.173
1.127
1.084
1.043
1.005
0.969
0.936
0.906
0.878
0.852
0.828
0.805
0.784
0.764
0.745
0.727
0.710
0.694
0.679
0.664
0.650
0.637
0.624
0.612
0.600
0.589
0.578
0.568
0.559
0.551
0.545
0.540
0.538
0.540
0.546
0.559
0.580
0.613
0.660
0.726
0.815
0.931
1.080
1.265
1.490
1.759
2.075
2.436
2.836
3.270
3.733
4.215
4.700
5.174
5.618
6.018
6.361
6.637
6.837
6.951
6.973
6.914
6.779
6.580
6.324
6.023
5.689
5.333
4.968
4.604
4.245
3.895
3.558
3.235
2.929
2.639
2.366
2.108
1.865
1.639
1.428
1.234
1.057
0.899
0.757
0.632
0.524
0.430
0.351
0.285
0.230
0.185
0.149
0.119
0.096
0.078
0.063
0.052
0.042
0.035
0.028
0.023
0.019
0.016
0.013
0.011
0.009
0.008
0.007
0.006
0.006
0.005
0.005
0.005
0.006
0.006
0.007
0.008
0.009
0.010
0.012
0.013
0.015
0.017
0.019
0.021
0.023
0.025
0.026
0.028
0.030
0.031
0.032
0.033
0.033
0.033
0.032
0.032
0.031
0.029
0.028
0.026
0.025
0.023
0.021
0.019
0.017
0.015
0.013
0.012
0.010
0.009
0.008
0.006
0.006
0.005
0.004
0.003
0.003
0.002
0.002
0.002
0.002
0.001
0.001
0.001
0.001
0.001
0.001
0.001
0.001
0.000
0.000
0.000
0.000
0.000
0.000
0.000
0.000
0.000
0.000
0.000
0.000
0.000
0.000
0.000
0.000
0.000
0.000
0.000
0.000
0.000
0.000
0.000
0.000
0.000
0.000
0.000
0.000
0.000
0.000
0.000
0.000
0.000
0.000
0.000
0.000
0.000
0.000
0.000
-0.000
-0.000
-0.000
-0.000
-0.000
-0.000
0.000
0.000
0.000
0.000
0.000
0.000
0.000
-0.000
-0.000
-0.000
-0.000
-0.000
-0.000
0.000
0.000
0.000
0.000
0
0
0
0
0
0
0
0
0
0
0
0
0
0
0
0
0
0
0
0
0
0
0
0
0
0
0
0
0
0
0
0
0
0
0
0
0
0
0
0
0
0
0
0
0
0
0
0
0
0
0
0
0
0
0
0
0
0
0
0
0
0
0
0
0
0
0
0
0
0
0
0
0
0
0
0
0
0
0
0
0
0
0
0
0
0
0
0
0
0
0
0
0
0
0
0
0
0
0
0
0
0
0
0
0
0
0
0
0
0
0
0
0
0
0
0
0
0
0
0
0
0
0
0
0
0
0
0
0
0
0
0
0
0
0
0
0
0
0
0
0
0
0
0
0
0
0
0
0
0
0
0
0
0
0
0
0
0
0
0
0
0
0
0
0
0
0
0
0
0
0
0
0
0
0
0
0
0
0
0
0
0
0
0
0
0
0
0
0
0
0
0
0
0
0
0
0
0
0
0
0
0
0
0
0
0
0
0
0
0
0
0
0
0
0
0
0
0
0
0
0
0
0
0
0
0
0
0
0
0
0
0
0
0
0
0
0
0
0
0
0
0
0
0
0
0
0
0
0
0
0
0
0
0
0
0
0
0
0
0
0
0
0
0
0
0
0
0
0
0
0
0
0
0
0
0
0
0
0
0
0
0
0
0
0
0
0
0
0
0
0
0
0
0
0
0
0
0
0
0
0
0
0
0
0
0
0
0
0
0
0
0
0
0
0
0
0
0
0
0
0
0
0
0
0
0
0
0
0
0
0
0
0
0
0
0
0
0
0
0
0
0
0
0
0
0
0
0
0
0
0
0
0
0
0
0
0
0
0
0
0
0
0
0
0
0
0
0
0
0
0
0
0
0
0
0
0
0
0
0
0
0
0
0
0
0
0
0
0
0
0
0
0
0
0
0
0
0
0
0
0
0
0
0
0
0
0
0
0
0
0
0
0
0
0
0
0
0
0
0
0
0
0
0
0
0
0
0
0
0
0
0
0
0
0
0
0
0
0
0
0
0
0
0
0
0
0
0
0
0
0
0
0
0
0
0
0
0
0
0
0
0
0
0
0
0
0
0
0
0
0
0
0
0
0
0
0
0
0
0
0
0
0
0
0
0
0
0
0
0
0
0
0
0
0
0
0
0
0
0
0
0
0
0
0
0
0
0
0
0
0
0
0
0
0
0
0
0
0
0
0
0
0
0
0
0
0
0
0
0
0
0
0
0
0
0
0
0
0
0
0
0
0
0
0
0
0
0
0
0
0
0
0
0
0
0
0
0
0
0
0
0
0
0
0
0
0
0
0
0
0
0
0
0
0
0
0
0
0
0
0
0
0
0
0
0
0
0
0
0
0
0
0
0
0
0
0
0
0
0
0
0
0
0
0
0
0
0
0
0
0
0
0
0
0
0
0
0
0
0
0
0
0
0
0
0
0
0
0
0
0
0
0
0
0
0
0
0
0
0
0
0
0
0
0
0
0
0
0
0
0
0
0
0
0
0
0
0
0
0
0
0
0
0
0
0
0
0
0
0
0
0
0
0
0
0
0
0
0
0
0
0
0
0
0
0
0
0
0
0
0
0
0
0
0
0
0
0
0
0
0
0
0
0
0
0
0
0
0
0
0
0
0
0
0
0
0
0
0
0
0
0
0
0
0
0
0
0
0
0
0
0
0
0
0
0
0
0
0
0
0
0
0
0
0
0
0
0
0
0
0
0
0
0
0
0
0
0
0
0
0
0
0
0
0
0
0
0
$MCA_CAL:
3
-1.4656616 2.9313233 0.00000000000000
$ENER_FIT:
-1.4656616 2.9313233 0.00000000000000
$MCA_CAL_DATA:
3
298 872
597 1749
896 2625
$CAMBIO:
Parent file specification: C:\GADRAS-DRF\Temp\parallelGUI3\99MO_50.0_237.5_lead_0.92_7.5.pcf
Successful read of spectrum: Yes
Error message: None
Warning: None
Information: None
Neutrons: 0
Number of spectral records in the parent file: 1
Record number of this spectrum in the parent file: 1
Date and time of acquisition read successfully from the original file: Yes
Live time read successfully from the original file: Yes
True time read successfully from the original file: Yes
GADRAS Tag character is:  
Version: 130122
Parent file type: Sandia GADRAS PCF
