$SPEC_ID:
99MO,1uC{82,0.51}
$MEAS_TIM:
3600.00 3600.00
$DATE_MEA:
3/9/2018 5:22:25 PM
$DATA:
0 1193
40.340
41.430
38.152
34.257
29.040
24.336
20.548
17.165
14.191
12.265
11.022
10.039
9.311
9.325
9.358
9.422
9.692
10.113
10.528
10.965
11.426
11.913
12.404
12.929
13.499
14.108
14.777
15.494
16.247
16.981
17.598
18.081
18.458
18.702
18.811
18.796
18.691
18.553
18.440
18.378
18.359
18.382
18.489
18.778
19.253
19.824
20.340
20.553
20.264
19.519
18.494
17.430
16.505
15.840
15.482
15.460
15.783
16.421
17.279
18.129
18.713
18.767
18.192
17.069
15.585
14.000
12.522
11.311
10.399
9.739
9.274
8.940
8.684
8.458
8.240
8.026
7.817
7.611
7.409
7.210
7.013
6.817
6.622
6.430
6.244
6.067
5.904
5.756
5.617
5.480
5.345
5.219
5.105
5.001
4.899
4.800
4.703
4.609
4.518
4.433
4.352
4.274
4.194
4.116
4.040
3.970
3.903
3.838
3.773
3.712
3.656
3.609
3.571
3.544
3.530
3.532
3.552
3.590
3.640
3.700
3.760
3.812
3.845
3.853
3.831
3.772
3.679
3.556
3.411
3.250
3.084
2.920
2.768
2.629
2.507
2.404
2.319
2.249
2.191
2.144
2.105
2.071
2.041
2.014
1.989
1.966
1.944
1.923
1.902
1.883
1.863
1.844
1.825
1.806
1.788
1.771
1.756
1.743
1.730
1.717
1.704
1.691
1.680
1.670
1.662
1.653
1.643
1.632
1.619
1.605
1.592
1.580
1.566
1.550
1.530
1.505
1.475
1.442
1.406
1.370
1.332
1.293
1.252
1.208
1.164
1.118
1.073
1.029
0.985
0.944
0.904
0.867
0.831
0.798
0.767
0.737
0.710
0.684
0.659
0.636
0.615
0.595
0.576
0.558
0.542
0.526
0.512
0.498
0.485
0.472
0.460
0.449
0.439
0.429
0.419
0.410
0.402
0.394
0.386
0.380
0.374
0.370
0.367
0.366
0.368
0.373
0.382
0.396
0.417
0.445
0.484
0.534
0.597
0.675
0.770
0.883
1.016
1.171
1.346
1.539
1.750
1.977
2.217
2.464
2.713
2.958
3.193
3.412
3.609
3.781
3.920
4.023
4.085
4.107
4.092
4.041
3.956
3.841
3.699
3.535
3.354
3.161
2.962
2.759
2.555
2.353
2.156
1.965
1.783
1.610
1.447
1.293
1.149
1.016
0.892
0.779
0.676
0.582
0.499
0.424
0.359
0.301
0.252
0.209
0.172
0.141
0.116
0.095
0.077
0.063
0.051
0.041
0.034
0.027
0.023
0.019
0.015
0.013
0.011
0.009
0.008
0.007
0.006
0.005
0.005
0.005
0.005
0.005
0.005
0.006
0.006
0.007
0.008
0.008
0.009
0.010
0.011
0.012
0.013
0.014
0.015
0.016
0.017
0.017
0.018
0.018
0.019
0.019
0.019
0.019
0.018
0.018
0.017
0.017
0.016
0.015
0.014
0.013
0.012
0.011
0.010
0.009
0.008
0.007
0.007
0.006
0.005
0.004
0.004
0.003
0.003
0.002
0.002
0.002
0.002
0.001
0.001
0.001
0.001
0.001
0.001
0.001
0.000
0.000
0.000
0.000
0.000
0.000
0.000
0.000
0.000
0.000
0.000
0.000
0.000
0.000
0.000
0.000
0.000
0.000
0.000
0.000
0.000
0.000
0.000
0.000
0.000
0.000
0.000
0.000
0.000
0.000
0.000
0.000
0.000
0.000
0.000
0.000
0.000
0.000
0.000
0.000
0.000
0.000
0.000
0.000
0.000
0.000
0.000
0.000
0.000
-0.000
-0.000
-0.000
-0.000
-0.000
-0.000
-0.000
0.000
0.000
0.000
0.000
0.000
0.000
0.000
0.000
0.000
0.000
0.000
0.000
0
0
0
0
0
0
0
0
0
0
0
0
0
0
0
0
0
0
0
0
0
0
0
0
0
0
0
0
0
0
0
0
0
0
0
0
0
0
0
0
0
0
0
0
0
0
0
0
0
0
0
0
0
0
0
0
0
0
0
0
0
0
0
0
0
0
0
0
0
0
0
0
0
0
0
0
0
0
0
0
0
0
0
0
0
0
0
0
0
0
0
0
0
0
0
0
0
0
0
0
0
0
0
0
0
0
0
0
0
0
0
0
0
0
0
0
0
0
0
0
0
0
0
0
0
0
0
0
0
0
0
0
0
0
0
0
0
0
0
0
0
0
0
0
0
0
0
0
0
0
0
0
0
0
0
0
0
0
0
0
0
0
0
0
0
0
0
0
0
0
0
0
0
0
0
0
0
0
0
0
0
0
0
0
0
0
0
0
0
0
0
0
0
0
0
0
0
0
0
0
0
0
0
0
0
0
0
0
0
0
0
0
0
0
0
0
0
0
0
0
0
0
0
0
0
0
0
0
0
0
0
0
0
0
0
0
0
0
0
0
0
0
0
0
0
0
0
0
0
0
0
0
0
0
0
0
0
0
0
0
0
0
0
0
0
0
0
0
0
0
0
0
0
0
0
0
0
0
0
0
0
0
0
0
0
0
0
0
0
0
0
0
0
0
0
0
0
0
0
0
0
0
0
0
0
0
0
0
0
0
0
0
0
0
0
0
0
0
0
0
0
0
0
0
0
0
0
0
0
0
0
0
0
0
0
0
0
0
0
0
0
0
0
0
0
0
0
0
0
0
0
0
0
0
0
0
0
0
0
0
0
0
0
0
0
0
0
0
0
0
0
0
0
0
0
0
0
0
0
0
0
0
0
0
0
0
0
0
0
0
0
0
0
0
0
0
0
0
0
0
0
0
0
0
0
0
0
0
0
0
0
0
0
0
0
0
0
0
0
0
0
0
0
0
0
0
0
0
0
0
0
0
0
0
0
0
0
0
0
0
0
0
0
0
0
0
0
0
0
0
0
0
0
0
0
0
0
0
0
0
0
0
0
0
0
0
0
0
0
0
0
0
0
0
0
0
0
0
0
0
0
0
0
0
0
0
0
0
0
0
0
0
0
0
0
0
0
0
0
0
0
0
0
0
0
0
0
0
0
0
0
0
0
0
0
0
0
0
0
0
0
0
0
0
0
0
0
0
0
0
0
0
0
0
0
0
0
0
0
0
0
0
0
0
0
0
0
0
0
0
0
0
0
0
0
0
0
0
0
0
0
0
0
0
0
0
0
0
0
0
0
0
0
0
0
0
0
0
0
0
0
0
0
0
0
0
0
0
0
0
0
0
0
0
0
0
0
0
0
0
0
0
0
0
0
0
0
0
0
0
0
0
0
0
0
0
0
0
0
0
0
0
0
0
0
0
0
0
0
0
0
0
0
0
0
0
0
0
0
0
0
0
0
0
0
0
0
0
0
0
0
0
0
0
0
0
0
0
0
0
0
0
0
0
0
0
0
0
0
0
0
0
0
0
0
0
0
0
0
0
0
0
0
0
0
0
0
0
0
0
0
0
0
0
0
0
0
0
0
0
0
0
0
0
0
0
0
0
0
0
0
0
0
0
0
0
0
0
0
0
0
0
0
0
0
0
0
0
0
0
0
0
0
0
0
0
0
0
0
0
0
0
0
0
0
0
0
0
0
0
0
0
0
0
0
0
0
0
0
0
0
0
0
0
$MCA_CAL:
3
-1.4656616 2.9313233 0.00000000000000
$ENER_FIT:
-1.4656616 2.9313233 0.00000000000000
$MCA_CAL_DATA:
3
298 872
597 1749
896 2625
$CAMBIO:
Parent file specification: C:\GADRAS-DRF\Temp\parallelGUI3\99MO_50.0_300.0_lead_0.51_8.5.pcf
Successful read of spectrum: Yes
Error message: None
Warning: None
Information: None
Neutrons: 0
Number of spectral records in the parent file: 1
Record number of this spectrum in the parent file: 1
Date and time of acquisition read successfully from the original file: Yes
Live time read successfully from the original file: Yes
True time read successfully from the original file: Yes
GADRAS Tag character is:  
Version: 130122
Parent file type: Sandia GADRAS PCF
